,Task,numVariables,numClauses,endGeneration,Duration,isSolutionFound,optWeight,bestWeight,maxMutation
0,wuf50-01.mwcnf,50,218,500,150.09676504135132,False,4190.0,0.0,0.3000000000000001
1,wuf50-010.mwcnf,50,218,500,153.82406187057495,False,3031.0,0.0,0.3000000000000001
2,wuf50-0100.mwcnf,50,218,500,152.3597331047058,False,27.0,0.0,0.3000000000000001
3,wuf50-01000.mwcnf,50,218,500,150.8016390800476,False,2276.0,0.0,0.3000000000000001
4,wuf50-0101.mwcnf,50,218,500,150.17299342155457,False,4971.0,0.0,0.3000000000000001
5,wuf50-0102.mwcnf,50,218,500,152.09304404258728,False,3105.0,0.0,0.3000000000000001
6,wuf50-0103.mwcnf,50,218,500,146.8075568675995,False,6046.0,4457.0,0.3000000000000001
7,wuf50-0104.mwcnf,50,218,313,93.29115414619446,True,2119.0,2119.0,0.3000000000000001
8,wuf50-0105.mwcnf,50,218,500,150.22806525230408,False,5614.0,0.0,0.3000000000000001
9,wuf50-0106.mwcnf,50,218,500,151.89777302742004,False,1718.0,0.0,0.3000000000000001
10,wuf50-0107.mwcnf,50,218,500,154.31242656707764,False,1382.0,0.0,0.3000000000000001
11,wuf50-0108.mwcnf,50,218,500,161.11796164512634,False,4824.0,0.0,0.3000000000000001
12,wuf50-0109.mwcnf,50,218,500,155.77266669273376,False,3807.0,3270.0,0.18000000000000002
13,wuf50-011.mwcnf,50,218,500,160.26987743377686,False,1046.0,0.0,0.3000000000000001
14,wuf50-0110.mwcnf,50,218,500,158.47388076782227,False,4705.0,0.0,0.3000000000000001
15,wuf50-0111.mwcnf,50,218,500,160.70119976997375,False,1047.0,0.0,0.3000000000000001
16,wuf50-0112.mwcnf,50,218,500,160.43685579299927,False,1791.0,0.0,0.3000000000000001
17,wuf50-0113.mwcnf,50,218,500,159.61379671096802,False,3588.0,0.0,0.3000000000000001
18,wuf50-0114.mwcnf,50,218,91,29.004836082458496,True,5440.0,5440.0,0.3000000000000001
19,wuf50-0115.mwcnf,50,218,500,161.15223717689514,False,5516.0,0.0,0.3000000000000001
20,wuf50-0116.mwcnf,50,218,500,156.39527463912964,False,4434.0,3522.0,0.19000000000000003
21,wuf50-0117.mwcnf,50,218,500,154.12223148345947,False,7533.0,4796.0,0.3000000000000001
22,wuf50-0118.mwcnf,50,218,500,161.35107517242432,False,2559.0,0.0,0.3000000000000001
23,wuf50-0119.mwcnf,50,218,500,157.9127061367035,False,8172.0,7951.0,0.3000000000000001
24,wuf50-012.mwcnf,50,218,500,160.62585878372192,False,4609.0,0.0,0.3000000000000001
25,wuf50-0120.mwcnf,50,218,500,161.39966082572937,False,1049.0,0.0,0.3000000000000001
26,wuf50-0121.mwcnf,50,218,500,161.30095624923706,False,707.0,0.0,0.3000000000000001
27,wuf50-0122.mwcnf,50,218,500,159.2396743297577,False,3072.0,2631.0,0.3000000000000001
28,wuf50-0123.mwcnf,50,218,500,158.5515217781067,False,4508.0,2570.0,0.3000000000000001
29,wuf50-0124.mwcnf,50,218,500,158.61389112472534,False,5027.0,4314.0,0.3000000000000001
30,wuf50-0125.mwcnf,50,218,500,160.459002494812,False,1317.0,0.0,0.3000000000000001
31,wuf50-0126.mwcnf,50,218,500,160.44387412071228,False,3176.0,0.0,0.3000000000000001
32,wuf50-0127.mwcnf,50,218,500,160.2391631603241,False,1891.0,0.0,0.3000000000000001
33,wuf50-0128.mwcnf,50,218,500,161.1165463924408,False,1384.0,0.0,0.3000000000000001
34,wuf50-0129.mwcnf,50,218,500,159.06891703605652,False,816.0,0.0,0.3000000000000001
35,wuf50-013.mwcnf,50,218,500,157.0239598751068,False,4152.0,0.0,0.3000000000000001
36,wuf50-0130.mwcnf,50,218,500,158.08752536773682,False,1378.0,0.0,0.3000000000000001
37,wuf50-0131.mwcnf,50,218,500,164.46203923225403,False,8101.0,0.0,0.3000000000000001
38,wuf50-0132.mwcnf,50,218,500,172.57513666152954,False,10548.0,3209.0,0.3000000000000001
39,wuf50-0133.mwcnf,50,218,500,172.6436061859131,False,819.0,0.0,0.3000000000000001
40,wuf50-0134.mwcnf,50,218,500,181.02008652687073,False,1042.0,0.0,0.3000000000000001
41,wuf50-0135.mwcnf,50,218,500,169.4380965232849,False,8440.0,3934.0,0.3000000000000001
42,wuf50-0136.mwcnf,50,218,500,155.6969873905182,False,8938.0,5492.0,0.16
43,wuf50-0137.mwcnf,50,218,377,119.66808247566223,True,4260.0,4260.0,0.3000000000000001
44,wuf50-0138.mwcnf,50,218,500,165.06538343429565,False,6013.0,0.0,0.3000000000000001
45,wuf50-0139.mwcnf,50,218,500,168.64697003364563,False,2629.0,0.0,0.3000000000000001
46,wuf50-014.mwcnf,50,218,500,162.95245957374573,False,8159.0,0.0,0.3000000000000001
47,wuf50-0140.mwcnf,50,218,500,171.03100490570068,False,15435.0,9286.0,0.3000000000000001
48,wuf50-0141.mwcnf,50,218,500,182.37000632286072,False,13525.0,0.0,0.3000000000000001
49,wuf50-0142.mwcnf,50,218,500,177.61130166053772,False,2969.0,0.0,0.3000000000000001
50,wuf50-0143.mwcnf,50,218,500,185.75921964645386,False,5699.0,0.0,0.3000000000000001
51,wuf50-0144.mwcnf,50,218,500,195.0744490623474,False,3109.0,0.0,0.3000000000000001
52,wuf50-0145.mwcnf,50,218,500,186.675856590271,False,3284.0,0.0,0.3000000000000001
53,wuf50-0146.mwcnf,50,218,500,192.6495819091797,False,1502.0,0.0,0.3000000000000001
54,wuf50-0147.mwcnf,50,218,500,181.16145515441895,False,4069.0,0.0,0.3000000000000001
55,wuf50-0148.mwcnf,50,218,500,179.54488277435303,False,1500.0,0.0,0.3000000000000001
56,wuf50-0149.mwcnf,50,218,429,151.57660222053528,True,11154.0,11154.0,0.3000000000000001
57,wuf50-015.mwcnf,50,218,500,176.27316761016846,False,16128.0,7767.0,0.3000000000000001
58,wuf50-0150.mwcnf,50,218,500,183.0777349472046,False,13268.0,9828.0,0.3000000000000001
59,wuf50-0151.mwcnf,50,218,500,178.9947226047516,False,2232.0,0.0,0.3000000000000001
60,wuf50-0152.mwcnf,50,218,266,90.53679823875427,True,6819.0,6819.0,0.3000000000000001
61,wuf50-0153.mwcnf,50,218,69,23.40967583656311,True,4066.0,4066.0,0.3000000000000001
62,wuf50-0154.mwcnf,50,218,500,176.30823969841003,False,10110.0,0.0,0.3000000000000001
63,wuf50-0155.mwcnf,50,218,500,180.68295645713806,False,1491.0,0.0,0.3000000000000001
64,wuf50-0156.mwcnf,50,218,500,181.25750279426575,False,9821.0,0.0,0.3000000000000001
65,wuf50-0157.mwcnf,50,218,500,168.73750805854797,False,18484.0,9954.0,0.3000000000000001
66,wuf50-0158.mwcnf,50,218,500,173.51309490203857,False,3699.0,0.0,0.3000000000000001
67,wuf50-0159.mwcnf,50,218,500,170.40881180763245,False,10417.0,0.0,0.3000000000000001
68,wuf50-016.mwcnf,50,218,500,169.01846623420715,False,7101.0,4259.0,0.3000000000000001
69,wuf50-0160.mwcnf,50,218,500,170.24438381195068,False,11886.0,8656.0,0.3000000000000001
70,wuf50-0161.mwcnf,50,218,377,131.02146863937378,True,7149.0,7149.0,0.3000000000000001
71,wuf50-0162.mwcnf,50,218,500,172.50215697288513,False,3405.0,0.0,0.3000000000000001
72,wuf50-0163.mwcnf,50,218,500,172.47713208198547,False,2964.0,0.0,0.3000000000000001
73,wuf50-0164.mwcnf,50,218,500,175.40470385551453,False,2962.0,0.0,0.3000000000000001
74,wuf50-0165.mwcnf,50,218,298,102.86158537864685,True,10768.0,10768.0,0.3000000000000001
75,wuf50-0166.mwcnf,50,218,500,173.7878291606903,False,4287.0,0.0,0.3000000000000001
76,wuf50-0167.mwcnf,50,218,157,49.73776865005493,True,7113.0,7113.0,0.3000000000000001
77,wuf50-0168.mwcnf,50,218,498,168.30958104133606,True,8723.0,8723.0,0.3000000000000001
78,wuf50-0169.mwcnf,50,218,500,168.56551432609558,False,18606.0,11383.0,0.3000000000000001
79,wuf50-017.mwcnf,50,218,500,171.81342244148254,False,3628.0,0.0,0.3000000000000001
80,wuf50-0170.mwcnf,50,218,500,172.83408093452454,False,15398.0,0.0,0.3000000000000001
81,wuf50-0171.mwcnf,50,218,500,172.07633447647095,False,6347.0,0.0,0.3000000000000001
82,wuf50-0172.mwcnf,50,218,500,171.9113667011261,False,2964.0,0.0,0.3000000000000001
83,wuf50-0173.mwcnf,50,218,500,171.36756801605225,False,4098.0,0.0,0.3000000000000001
84,wuf50-0174.mwcnf,50,218,500,175.38980197906494,False,13757.0,0.0,0.3000000000000001
85,wuf50-0175.mwcnf,50,218,500,211.34674549102783,False,7378.0,0.0,0.3000000000000001
86,wuf50-0176.mwcnf,50,218,500,206.63995718955994,False,764.0,0.0,0.3000000000000001
87,wuf50-0177.mwcnf,50,218,500,203.97710824012756,False,8603.0,0.0,0.3000000000000001
88,wuf50-0178.mwcnf,50,218,500,206.3440225124359,False,22224.0,18156.0,0.3000000000000001
89,wuf50-0179.mwcnf,50,218,500,205.02601552009583,False,4769.0,0.0,0.3000000000000001
90,wuf50-018.mwcnf,50,218,62,23.011608600616455,True,10427.0,10427.0,0.21000000000000005
91,wuf50-0180.mwcnf,50,218,500,195.57239294052124,False,8700.0,0.0,0.3000000000000001
92,wuf50-0181.mwcnf,50,218,500,194.60117769241333,False,761.0,0.0,0.3000000000000001
93,wuf50-0182.mwcnf,50,218,500,188.59295105934143,False,3707.0,0.0,0.3000000000000001
94,wuf50-0183.mwcnf,50,218,500,162.18326330184937,False,12081.0,10358.0,0.23000000000000007
95,wuf50-0184.mwcnf,50,218,500,171.50416660308838,False,9438.0,0.0,0.3000000000000001
96,wuf50-0185.mwcnf,50,218,500,166.54820728302002,False,12050.0,10450.0,0.3000000000000001
97,wuf50-0186.mwcnf,50,218,500,148.82832837104797,False,10365.0,8455.0,0.3000000000000001
98,wuf50-0187.mwcnf,50,218,500,150.70169615745544,False,7563.0,0.0,0.3000000000000001
99,wuf50-0188.mwcnf,50,218,500,160.6721851825714,False,19220.0,0.0,0.3000000000000001
100,wuf50-0189.mwcnf,50,218,500,151.43957805633545,False,10732.0,0.0,0.3000000000000001
101,wuf50-019.mwcnf,50,218,500,166.72421431541443,False,2967.0,0.0,0.3000000000000001
102,wuf50-0190.mwcnf,50,218,500,156.97111129760742,False,20359.0,8693.0,0.3000000000000001
103,wuf50-0191.mwcnf,50,218,500,166.10365056991577,False,1790.0,0.0,0.3000000000000001
104,wuf50-0192.mwcnf,50,218,500,167.0176374912262,False,14108.0,0.0,0.3000000000000001
105,wuf50-0193.mwcnf,50,218,500,163.56318616867065,False,20355.0,5755.0,0.25000000000000006
106,wuf50-0194.mwcnf,50,218,500,168.2171986103058,False,761.0,0.0,0.3000000000000001
107,wuf50-0195.mwcnf,50,218,500,165.2229301929474,False,9231.0,7039.0,0.3000000000000001
108,wuf50-0196.mwcnf,50,218,500,167.38656282424927,False,18054.0,0.0,0.3000000000000001
109,wuf50-0197.mwcnf,50,218,500,168.28083324432373,False,1495.0,0.0,0.3000000000000001
110,wuf50-0198.mwcnf,50,218,185,61.13450336456299,True,11287.0,11287.0,0.3000000000000001
111,wuf50-0199.mwcnf,50,218,500,168.47496438026428,False,11678.0,0.0,0.3000000000000001
112,wuf50-02.mwcnf,50,218,500,169.4893958568573,False,1469.0,0.0,0.3000000000000001
113,wuf50-020.mwcnf,50,218,500,162.85057520866394,False,15212.0,7274.0,0.3000000000000001
114,wuf50-0200.mwcnf,50,218,500,168.99163222312927,False,14972.0,0.0,0.3000000000000001
115,wuf50-0201.mwcnf,50,218,196,64.6178879737854,True,11766.0,11766.0,0.3000000000000001
116,wuf50-0202.mwcnf,50,218,500,168.557026386261,False,3942.0,0.0,0.3000000000000001
117,wuf50-0203.mwcnf,50,218,500,169.4543960094452,False,1735.0,0.0,0.3000000000000001
118,wuf50-0204.mwcnf,50,218,500,167.48425459861755,False,1488.0,0.0,0.3000000000000001
119,wuf50-0205.mwcnf,50,218,500,164.36751914024353,False,6671.0,6174.0,0.3000000000000001
120,wuf50-0206.mwcnf,50,218,500,161.41568422317505,False,19065.0,9998.0,0.3000000000000001
121,wuf50-0207.mwcnf,50,218,500,163.78215074539185,False,14538.0,9428.0,0.3000000000000001
122,wuf50-0208.mwcnf,50,218,500,167.76923513412476,False,3264.0,0.0,0.3000000000000001
123,wuf50-0209.mwcnf,50,218,500,166.91374158859253,False,2526.0,2232.0,0.3000000000000001
124,wuf50-021.mwcnf,50,218,500,167.2609326839447,False,14773.0,0.0,0.3000000000000001
125,wuf50-0210.mwcnf,50,218,500,167.92078971862793,False,20002.0,0.0,0.3000000000000001
126,wuf50-0211.mwcnf,50,218,299,100.05013465881348,True,3566.0,3566.0,0.3000000000000001
127,wuf50-0212.mwcnf,50,218,500,161.41310715675354,False,13246.0,5957.0,0.3000000000000001
128,wuf50-0213.mwcnf,50,218,500,166.83372807502747,False,16463.0,7886.0,0.3000000000000001
129,wuf50-0214.mwcnf,50,218,500,164.17024755477905,False,6726.0,5466.0,0.3000000000000001
130,wuf50-0215.mwcnf,50,218,500,168.05589413642883,False,5453.0,0.0,0.3000000000000001
131,wuf50-0216.mwcnf,50,218,500,168.8710584640503,False,15766.0,0.0,0.3000000000000001
132,wuf50-0217.mwcnf,50,218,500,169.1557047367096,False,7373.0,0.0,0.3000000000000001
133,wuf50-0218.mwcnf,50,218,500,168.35950660705566,False,15122.0,0.0,0.3000000000000001
134,wuf50-0219.mwcnf,50,218,346,114.81627655029297,True,13257.0,13257.0,0.3000000000000001
135,wuf50-022.mwcnf,50,218,500,165.63378620147705,False,2756.0,0.0,0.3000000000000001
136,wuf50-0220.mwcnf,50,218,500,165.56030249595642,False,7298.0,0.0,0.3000000000000001
137,wuf50-0221.mwcnf,50,218,500,164.78690266609192,False,2232.0,0.0,0.3000000000000001
138,wuf50-0222.mwcnf,50,218,500,166.0409541130066,False,13145.0,9285.0,0.3000000000000001
139,wuf50-0223.mwcnf,50,218,500,167.52019786834717,False,2961.0,0.0,0.3000000000000001
140,wuf50-0224.mwcnf,50,218,500,168.81839799880981,False,14868.0,0.0,0.3000000000000001
141,wuf50-0225.mwcnf,50,218,500,167.82932257652283,False,5995.0,0.0,0.3000000000000001
142,wuf50-0226.mwcnf,50,218,500,168.67963099479675,False,3703.0,0.0,0.3000000000000001
143,wuf50-0227.mwcnf,50,218,500,161.50993275642395,False,12465.0,6371.0,0.17
144,wuf50-0228.mwcnf,50,218,35,11.590933084487915,True,2971.0,2971.0,0.2900000000000001
145,wuf50-0229.mwcnf,50,218,206,67.79197812080383,True,6664.0,6664.0,0.3000000000000001
146,wuf50-023.mwcnf,50,218,500,167.56682300567627,False,21684.0,0.0,0.3000000000000001
147,wuf50-0230.mwcnf,50,218,500,168.98501658439636,False,13072.0,0.0,0.3000000000000001
148,wuf50-0231.mwcnf,50,218,500,167.65035963058472,False,20649.0,0.0,0.3000000000000001
149,wuf50-0232.mwcnf,50,218,500,161.70343041419983,False,21604.0,8727.0,0.2900000000000001
150,wuf50-0233.mwcnf,50,218,500,168.53458333015442,False,14319.0,0.0,0.3000000000000001
151,wuf50-0234.mwcnf,50,218,500,160.09140872955322,False,12694.0,10703.0,0.3000000000000001
152,wuf50-0235.mwcnf,50,218,500,170.99021768569946,False,3210.0,0.0,0.3000000000000001
153,wuf50-0236.mwcnf,50,218,500,164.3856816291809,False,12775.0,9392.0,0.3000000000000001
154,wuf50-0237.mwcnf,50,218,500,160.88347625732422,False,15637.0,12007.0,0.11999999999999998
155,wuf50-0238.mwcnf,50,218,500,163.8987681865692,False,17244.0,11396.0,0.3000000000000001
156,wuf50-0239.mwcnf,50,218,500,167.12037825584412,False,16603.0,0.0,0.3000000000000001
157,wuf50-024.mwcnf,50,218,500,168.6852777004242,False,3706.0,0.0,0.3000000000000001
158,wuf50-0240.mwcnf,50,218,500,165.84750247001648,False,2968.0,0.0,0.3000000000000001
159,wuf50-0241.mwcnf,50,218,500,169.58779573440552,False,1009.0,0.0,0.3000000000000001
160,wuf50-0242.mwcnf,50,218,500,167.1143250465393,False,16759.0,11116.0,0.3000000000000001
161,wuf50-0243.mwcnf,50,218,500,169.19081282615662,False,15216.0,0.0,0.3000000000000001
162,wuf50-0244.mwcnf,50,218,500,163.6437635421753,False,19018.0,16145.0,0.3000000000000001
163,wuf50-0245.mwcnf,50,218,500,167.7107150554657,False,5668.0,0.0,0.3000000000000001
164,wuf50-0246.mwcnf,50,218,500,163.53272914886475,False,10572.0,6972.0,0.3000000000000001
165,wuf50-0247.mwcnf,50,218,500,168.50924277305603,False,16738.0,0.0,0.3000000000000001
166,wuf50-0248.mwcnf,50,218,500,167.73848009109497,False,758.0,0.0,0.3000000000000001
167,wuf50-0249.mwcnf,50,218,500,165.53692269325256,False,2435.0,0.0,0.3000000000000001
168,wuf50-025.mwcnf,50,218,500,167.1010980606079,False,2231.0,0.0,0.3000000000000001
169,wuf50-0250.mwcnf,50,218,248,80.65349745750427,True,16673.0,16673.0,0.3000000000000001
170,wuf50-0251.mwcnf,50,218,500,163.9880232810974,False,15857.0,11179.0,0.3000000000000001
171,wuf50-0252.mwcnf,50,218,500,166.41333556175232,False,20291.0,11310.0,0.3000000000000001
172,wuf50-0253.mwcnf,50,218,500,168.51317763328552,False,3487.0,0.0,0.3000000000000001
173,wuf50-0254.mwcnf,50,218,182,59.24650263786316,True,10408.0,10408.0,0.3000000000000001
174,wuf50-0255.mwcnf,50,218,500,165.85607933998108,False,13914.0,0.0,0.3000000000000001
175,wuf50-0256.mwcnf,50,218,500,164.18188858032227,False,10154.0,7685.0,0.3000000000000001
176,wuf50-0257.mwcnf,50,218,500,166.22071933746338,False,21116.0,0.0,0.3000000000000001
177,wuf50-0258.mwcnf,50,218,500,168.54951238632202,False,2239.0,0.0,0.3000000000000001
178,wuf50-0259.mwcnf,50,218,500,161.4517719745636,False,13225.0,11068.0,0.16
179,wuf50-026.mwcnf,50,218,500,167.57279062271118,False,5993.0,0.0,0.3000000000000001
180,wuf50-0260.mwcnf,50,218,500,163.74365425109863,False,18153.0,10898.0,0.3000000000000001
181,wuf50-0261.mwcnf,50,218,500,167.58168625831604,False,4238.0,0.0,0.3000000000000001
182,wuf50-0262.mwcnf,50,218,500,167.26660704612732,False,3704.0,0.0,0.3000000000000001
183,wuf50-0263.mwcnf,50,218,500,168.97752213478088,False,13013.0,0.0,0.3000000000000001
184,wuf50-0264.mwcnf,50,218,500,162.51939630508423,False,20310.0,14284.0,0.3000000000000001
185,wuf50-0265.mwcnf,50,218,500,168.7760910987854,False,15809.0,11221.0,0.3000000000000001
186,wuf50-0266.mwcnf,50,218,500,167.62924146652222,False,3592.0,0.0,0.3000000000000001
187,wuf50-0267.mwcnf,50,218,500,168.12067770957947,False,1498.0,0.0,0.3000000000000001
188,wuf50-0268.mwcnf,50,218,500,167.7273952960968,False,5800.0,0.0,0.3000000000000001
189,wuf50-0269.mwcnf,50,218,500,165.9948422908783,False,16014.0,13946.0,0.3000000000000001
190,wuf50-027.mwcnf,50,218,93,30.16247582435608,True,8830.0,8830.0,0.19000000000000003
191,wuf50-0270.mwcnf,50,218,500,168.17436051368713,False,758.0,0.0,0.3000000000000001
192,wuf50-0271.mwcnf,50,218,88,29.567514181137085,True,2429.0,2429.0,0.3000000000000001
193,wuf50-0272.mwcnf,50,218,500,164.31918621063232,False,8334.0,4518.0,0.3000000000000001
194,wuf50-0273.mwcnf,50,218,500,169.60886073112488,False,7554.0,0.0,0.3000000000000001
195,wuf50-0274.mwcnf,50,218,500,166.81037092208862,False,1467.0,0.0,0.3000000000000001
196,wuf50-0275.mwcnf,50,218,500,168.55487489700317,False,4429.0,0.0,0.3000000000000001
197,wuf50-0276.mwcnf,50,218,500,169.8946192264557,False,2760.0,0.0,0.3000000000000001
198,wuf50-0277.mwcnf,50,218,500,167.72700357437134,False,9816.0,0.0,0.3000000000000001
199,wuf50-0278.mwcnf,50,218,500,162.58029890060425,False,12680.0,6246.0,0.3000000000000001
200,wuf50-0279.mwcnf,50,218,500,169.71275758743286,False,2759.0,0.0,0.3000000000000001
201,wuf50-028.mwcnf,50,218,500,165.594553232193,False,9726.0,5626.0,0.3000000000000001
202,wuf50-0280.mwcnf,50,218,500,169.44454169273376,False,5568.0,0.0,0.3000000000000001
203,wuf50-0281.mwcnf,50,218,500,166.18757915496826,False,9607.0,0.0,0.3000000000000001
204,wuf50-0282.mwcnf,50,218,500,169.27259421348572,False,8732.0,0.0,0.3000000000000001
205,wuf50-0283.mwcnf,50,218,500,161.98695921897888,False,7280.0,6379.0,0.3000000000000001
206,wuf50-0284.mwcnf,50,218,500,168.98432159423828,False,6511.0,0.0,0.3000000000000001
207,wuf50-0285.mwcnf,50,218,463,155.1248848438263,True,5861.0,5861.0,0.3000000000000001
208,wuf50-0286.mwcnf,50,218,500,166.5449981689453,False,1945.0,0.0,0.3000000000000001
209,wuf50-0287.mwcnf,50,218,500,167.61164021492004,False,3166.0,0.0,0.3000000000000001
210,wuf50-0288.mwcnf,50,218,500,160.78806924819946,False,11943.0,6145.0,0.3000000000000001
211,wuf50-0289.mwcnf,50,218,500,165.40198159217834,False,1146.0,0.0,0.3000000000000001
212,wuf50-029.mwcnf,50,218,500,167.27051424980164,False,5735.0,0.0,0.3000000000000001
213,wuf50-0290.mwcnf,50,218,500,165.11056971549988,False,5730.0,4630.0,0.3000000000000001
214,wuf50-0291.mwcnf,50,218,500,163.32665944099426,False,12404.0,4857.0,0.3000000000000001
215,wuf50-0292.mwcnf,50,218,184,58.98305559158325,True,2683.0,2683.0,0.3000000000000001
216,wuf50-0293.mwcnf,50,218,500,164.00391960144043,False,4119.0,3722.0,0.3000000000000001
217,wuf50-0294.mwcnf,50,218,122,41.2060341835022,True,8892.0,8892.0,0.3000000000000001
218,wuf50-0295.mwcnf,50,218,500,168.90858554840088,False,4900.0,0.0,0.3000000000000001
219,wuf50-0296.mwcnf,50,218,500,168.2728292942047,False,2271.0,0.0,0.3000000000000001
220,wuf50-0297.mwcnf,50,218,500,41887.27369642258,False,2912.0,0.0,0.3000000000000001
221,wuf50-0298.mwcnf,50,218,500,320.40087485313416,False,3647.0,0.0,0.3000000000000001
222,wuf50-0299.mwcnf,50,218,500,3424.890880584717,False,8858.0,0.0,0.3000000000000001
223,wuf50-03.mwcnf,50,218,500,163.92512726783752,False,5305.0,4906.0,0.17
224,wuf50-030.mwcnf,50,218,500,159.89659190177917,False,505.0,0.0,0.3000000000000001
225,wuf50-0300.mwcnf,50,218,500,152.17489314079285,False,5714.0,5196.0,0.3000000000000001
226,wuf50-0301.mwcnf,50,218,500,168.81349921226501,False,2430.0,0.0,0.3000000000000001
227,wuf50-0302.mwcnf,50,218,500,168.71015429496765,False,2153.0,0.0,0.3000000000000001
228,wuf50-0303.mwcnf,50,218,500,171.12603378295898,False,7850.0,0.0,0.3000000000000001
229,wuf50-0304.mwcnf,50,218,500,169.6453502178192,False,11337.0,0.0,0.3000000000000001
230,wuf50-0305.mwcnf,50,218,500,172.7228820323944,False,9633.0,0.0,0.3000000000000001
231,wuf50-0306.mwcnf,50,218,327,107.86909222602844,True,8137.0,8137.0,0.3000000000000001
232,wuf50-0307.mwcnf,50,218,500,169.6064956188202,False,5606.0,3543.0,0.3000000000000001
233,wuf50-0308.mwcnf,50,218,500,167.3681869506836,False,2139.0,0.0,0.3000000000000001
234,wuf50-0309.mwcnf,50,218,500,166.90805387496948,False,1955.0,0.0,0.3000000000000001
235,wuf50-031.mwcnf,50,218,500,163.638014793396,False,10937.0,0.0,0.3000000000000001
236,wuf50-0310.mwcnf,50,218,500,159.67921566963196,False,5862.0,5421.0,0.23000000000000007
237,wuf50-0311.mwcnf,50,218,500,167.39551210403442,False,995.0,0.0,0.3000000000000001
238,wuf50-0312.mwcnf,50,218,500,166.17750763893127,False,2955.0,0.0,0.3000000000000001
239,wuf50-0313.mwcnf,50,218,500,164.00272393226624,False,8194.0,0.0,0.3000000000000001
240,wuf50-0314.mwcnf,50,218,500,159.92902946472168,False,12907.0,9007.0,0.3000000000000001
241,wuf50-0315.mwcnf,50,218,500,161.35199451446533,False,12129.0,6822.0,0.3000000000000001
242,wuf50-0316.mwcnf,50,218,500,162.10532069206238,False,8158.0,6061.0,0.3000000000000001
243,wuf50-0317.mwcnf,50,218,355,116.21095538139343,True,11191.0,11191.0,0.3000000000000001
244,wuf50-0318.mwcnf,50,218,500,164.32970643043518,False,2594.0,0.0,0.3000000000000001
245,wuf50-0319.mwcnf,50,218,500,165.51773929595947,False,2138.0,0.0,0.3000000000000001
246,wuf50-032.mwcnf,50,218,500,166.47440028190613,False,11289.0,3010.0,0.3000000000000001
247,wuf50-0320.mwcnf,50,218,500,165.4758996963501,False,13031.0,0.0,0.3000000000000001
248,wuf50-0321.mwcnf,50,218,500,163.60051321983337,False,2972.0,0.0,0.3000000000000001
249,wuf50-0322.mwcnf,50,218,500,164.56147360801697,False,6599.0,0.0,0.3000000000000001
250,wuf50-0323.mwcnf,50,218,500,168.9961965084076,False,4343.0,0.0,0.3000000000000001
251,wuf50-0324.mwcnf,50,218,500,164.9139997959137,False,7800.0,0.0,0.3000000000000001
252,wuf50-0325.mwcnf,50,218,500,163.81630730628967,False,505.0,0.0,0.3000000000000001
253,wuf50-0326.mwcnf,50,218,500,165.50479912757874,False,9145.0,0.0,0.3000000000000001
254,wuf50-0327.mwcnf,50,218,500,164.95247077941895,False,2427.0,0.0,0.3000000000000001
255,wuf50-0328.mwcnf,50,218,500,160.19398641586304,False,8590.0,5616.0,0.3000000000000001
256,wuf50-0329.mwcnf,50,218,500,162.29086685180664,False,3851.0,3141.0,0.3000000000000001
257,wuf50-033.mwcnf,50,218,500,163.53637623786926,False,8549.0,0.0,0.3000000000000001
258,wuf50-0330.mwcnf,50,218,500,163.91432666778564,False,8778.0,0.0,0.3000000000000001
259,wuf50-0331.mwcnf,50,218,500,164.67839097976685,False,1469.0,0.0,0.3000000000000001
260,wuf50-0332.mwcnf,50,218,500,162.98269724845886,False,9388.0,7947.0,0.3000000000000001
261,wuf50-0333.mwcnf,50,218,500,164.22614097595215,False,2418.0,0.0,0.3000000000000001
262,wuf50-0334.mwcnf,50,218,500,159.58482146263123,False,9296.0,6715.0,0.3000000000000001
263,wuf50-0335.mwcnf,50,218,500,158.68537497520447,False,8282.0,6425.0,0.3000000000000001
264,wuf50-0336.mwcnf,50,218,500,164.23642206192017,False,3445.0,0.0,0.3000000000000001
265,wuf50-0337.mwcnf,50,218,500,165.40234851837158,False,3582.0,0.0,0.3000000000000001
266,wuf50-0338.mwcnf,50,218,500,162.7832067012787,False,9362.0,0.0,0.3000000000000001
267,wuf50-0339.mwcnf,50,218,88,27.62762761116028,True,2353.0,2353.0,0.3000000000000001
268,wuf50-034.mwcnf,50,218,500,165.7279088497162,False,10830.0,0.0,0.3000000000000001
269,wuf50-0340.mwcnf,50,218,500,164.94809794425964,False,8982.0,3331.0,0.3000000000000001
270,wuf50-0341.mwcnf,50,218,500,164.9810299873352,False,1467.0,0.0,0.3000000000000001
271,wuf50-0342.mwcnf,50,218,500,161.5035548210144,False,9202.0,6220.0,0.3000000000000001
272,wuf50-0343.mwcnf,50,218,500,159.46271657943726,False,6582.0,5087.0,0.3000000000000001
273,wuf50-0344.mwcnf,50,218,500,166.412202835083,False,508.0,0.0,0.3000000000000001
274,wuf50-0345.mwcnf,50,218,500,164.7420139312744,False,1147.0,0.0,0.3000000000000001
275,wuf50-0346.mwcnf,50,218,500,163.0818431377411,False,1471.0,0.0,0.3000000000000001
276,wuf50-0347.mwcnf,50,218,500,163.75251579284668,False,1948.0,0.0,0.3000000000000001
277,wuf50-0348.mwcnf,50,218,500,160.95386409759521,False,7832.0,6080.0,0.3000000000000001
278,wuf50-0349.mwcnf,50,218,500,165.73009872436523,False,2430.0,0.0,0.3000000000000001
279,wuf50-035.mwcnf,50,218,500,166.03829503059387,False,14323.0,0.0,0.3000000000000001
280,wuf50-0350.mwcnf,50,218,500,163.81137895584106,False,10886.0,0.0,0.3000000000000001
281,wuf50-0351.mwcnf,50,218,500,163.8037075996399,False,6740.0,3855.0,0.3000000000000001
282,wuf50-0352.mwcnf,50,218,500,164.50635766983032,False,1467.0,0.0,0.3000000000000001
283,wuf50-0353.mwcnf,50,218,500,164.65516209602356,False,9950.0,0.0,0.3000000000000001
284,wuf50-0354.mwcnf,50,218,500,164.38160514831543,False,11379.0,0.0,0.3000000000000001
285,wuf50-0355.mwcnf,50,218,500,163.73363590240479,False,1704.0,0.0,0.3000000000000001
286,wuf50-0356.mwcnf,50,218,500,164.08493089675903,False,2856.0,0.0,0.3000000000000001
287,wuf50-0357.mwcnf,50,218,500,165.34070110321045,False,5199.0,0.0,0.3000000000000001
288,wuf50-0358.mwcnf,50,218,500,165.8672297000885,False,1461.0,0.0,0.3000000000000001
289,wuf50-0359.mwcnf,50,218,500,164.10109543800354,False,988.0,0.0,0.3000000000000001
290,wuf50-036.mwcnf,50,218,500,166.33918642997742,False,2427.0,0.0,0.3000000000000001
291,wuf50-0360.mwcnf,50,218,500,161.09797072410583,False,9605.0,7653.0,0.3000000000000001
292,wuf50-0361.mwcnf,50,218,500,162.30425596237183,False,13724.0,9799.0,0.3000000000000001
293,wuf50-0362.mwcnf,50,218,500,159.0912115573883,False,12041.0,8303.0,0.2700000000000001
294,wuf50-0363.mwcnf,50,218,500,164.03199124336243,False,2105.0,0.0,0.3000000000000001
295,wuf50-0364.mwcnf,50,218,500,163.49213695526123,False,4146.0,3944.0,0.3000000000000001
296,wuf50-0365.mwcnf,50,218,500,163.6833484172821,False,11228.0,0.0,0.3000000000000001
297,wuf50-0366.mwcnf,50,218,500,167.11468243598938,False,1946.0,0.0,0.3000000000000001
298,wuf50-0367.mwcnf,50,218,500,164.0425510406494,False,985.0,0.0,0.3000000000000001
299,wuf50-0368.mwcnf,50,218,500,159.11755418777466,False,6962.0,4155.0,0.3000000000000001
300,wuf50-0369.mwcnf,50,218,500,165.41880321502686,False,982.0,0.0,0.3000000000000001
301,wuf50-037.mwcnf,50,218,500,175.6047716140747,False,5591.0,0.0,0.3000000000000001
302,wuf50-0370.mwcnf,50,218,500,161.52556490898132,False,3685.0,0.0,0.3000000000000001
303,wuf50-0371.mwcnf,50,218,500,163.34798884391785,False,6720.0,0.0,0.3000000000000001
304,wuf50-0372.mwcnf,50,218,500,166.06852889060974,False,9342.0,0.0,0.3000000000000001
305,wuf50-0373.mwcnf,50,218,500,167.29091119766235,False,5608.0,0.0,0.3000000000000001
306,wuf50-0374.mwcnf,50,218,500,166.5822412967682,False,2668.0,0.0,0.3000000000000001
307,wuf50-0375.mwcnf,50,218,500,157.7643268108368,False,10146.0,5475.0,0.3000000000000001
308,wuf50-0376.mwcnf,50,218,500,164.11755537986755,False,2588.0,0.0,0.3000000000000001
309,wuf50-0377.mwcnf,50,218,500,161.961350440979,False,8107.0,6760.0,0.3000000000000001
310,wuf50-0378.mwcnf,50,218,412,136.90714597702026,True,10000.0,10000.0,0.3000000000000001
311,wuf50-0379.mwcnf,50,218,500,164.84067606925964,False,11196.0,0.0,0.3000000000000001
312,wuf50-038.mwcnf,50,218,500,163.8196258544922,False,7731.0,0.0,0.3000000000000001
313,wuf50-0380.mwcnf,50,218,500,165.58050394058228,False,1472.0,0.0,0.3000000000000001
314,wuf50-0381.mwcnf,50,218,500,164.753600358963,False,983.0,0.0,0.3000000000000001
315,wuf50-0382.mwcnf,50,218,500,168.28582501411438,False,1469.0,0.0,0.3000000000000001
316,wuf50-0383.mwcnf,50,218,500,167.14611911773682,False,11893.0,0.0,0.3000000000000001
317,wuf50-0384.mwcnf,50,218,500,166.36034965515137,False,3359.0,0.0,0.3000000000000001
318,wuf50-0385.mwcnf,50,218,500,157.75242280960083,False,7626.0,7623.0,0.16
319,wuf50-0386.mwcnf,50,218,500,161.68272423744202,False,10850.0,5629.0,0.3000000000000001
320,wuf50-0387.mwcnf,50,218,500,166.3778190612793,False,2302.0,0.0,0.3000000000000001
321,wuf50-0388.mwcnf,50,218,500,167.49162650108337,False,4875.0,0.0,0.3000000000000001
322,wuf50-0389.mwcnf,50,218,500,163.62496328353882,False,2236.0,0.0,0.3000000000000001
323,wuf50-039.mwcnf,50,218,500,158.80633687973022,False,9272.0,5840.0,0.25000000000000006
324,wuf50-0390.mwcnf,50,218,500,164.35502552986145,False,2951.0,0.0,0.3000000000000001
325,wuf50-0391.mwcnf,50,218,500,168.0564386844635,False,2106.0,0.0,0.3000000000000001
326,wuf50-0392.mwcnf,50,218,500,167.60168528556824,False,2685.0,0.0,0.3000000000000001
327,wuf50-0393.mwcnf,50,218,500,166.03240370750427,False,988.0,0.0,0.3000000000000001
328,wuf50-0394.mwcnf,50,218,500,162.15685105323792,False,7701.0,0.0,0.3000000000000001
329,wuf50-0395.mwcnf,50,218,500,165.0874423980713,False,2423.0,0.0,0.3000000000000001
330,wuf50-0396.mwcnf,50,218,500,161.23519086837769,False,9601.0,9420.0,0.3000000000000001
331,wuf50-0397.mwcnf,50,218,500,163.04933524131775,False,10110.0,0.0,0.3000000000000001
332,wuf50-0398.mwcnf,50,218,500,164.886132478714,False,12506.0,0.0,0.3000000000000001
333,wuf50-0399.mwcnf,50,218,500,164.71167135238647,False,1770.0,0.0,0.3000000000000001
334,wuf50-04.mwcnf,50,218,500,164.45579767227173,False,1488.0,0.0,0.3000000000000001
335,wuf50-040.mwcnf,50,218,500,162.61192297935486,False,8768.0,6537.0,0.3000000000000001
336,wuf50-0400.mwcnf,50,218,500,171.60956382751465,False,5807.0,0.0,0.3000000000000001
337,wuf50-0401.mwcnf,50,218,500,164.42483162879944,False,4897.0,0.0,0.3000000000000001
338,wuf50-0402.mwcnf,50,218,500,164.54852437973022,False,1629.0,0.0,0.3000000000000001
339,wuf50-0403.mwcnf,50,218,500,167.64747190475464,False,2693.0,0.0,0.3000000000000001
340,wuf50-0404.mwcnf,50,218,500,162.0910563468933,False,11269.0,8148.0,0.3000000000000001
341,wuf50-0405.mwcnf,50,218,500,159.0593638420105,False,8954.0,6714.0,0.3000000000000001
342,wuf50-0406.mwcnf,50,218,500,158.30357456207275,False,11182.0,5834.0,0.3000000000000001
343,wuf50-0407.mwcnf,50,218,500,164.6672158241272,False,6498.0,5251.0,0.3000000000000001
344,wuf50-0408.mwcnf,50,218,500,163.3192000389099,False,1091.0,0.0,0.3000000000000001
345,wuf50-0409.mwcnf,50,218,500,159.96940565109253,False,6365.0,5982.0,0.3000000000000001
346,wuf50-041.mwcnf,50,218,500,164.20990872383118,False,2152.0,0.0,0.3000000000000001
347,wuf50-0410.mwcnf,50,218,500,164.1729531288147,False,20.0,0.0,0.3000000000000001
348,wuf50-0411.mwcnf,50,218,500,165.3015739917755,False,7104.0,0.0,0.3000000000000001
349,wuf50-0412.mwcnf,50,218,400,130.91053819656372,True,3132.0,3132.0,0.3000000000000001
350,wuf50-0413.mwcnf,50,218,500,164.55808639526367,False,4853.0,0.0,0.3000000000000001
351,wuf50-0414.mwcnf,50,218,500,158.70038652420044,False,4398.0,3512.0,0.3000000000000001
352,wuf50-0415.mwcnf,50,218,500,164.4202606678009,False,4020.0,0.0,0.3000000000000001
353,wuf50-0416.mwcnf,50,218,500,162.04548931121826,False,8403.0,7920.0,0.3000000000000001
354,wuf50-0417.mwcnf,50,218,500,163.0200035572052,False,16437.0,0.0,0.3000000000000001
355,wuf50-0418.mwcnf,50,218,500,158.8762629032135,False,548.0,0.0,0.3000000000000001
356,wuf50-0419.mwcnf,50,218,500,159.59957695007324,False,1836.0,0.0,0.3000000000000001
357,wuf50-042.mwcnf,50,218,500,162.59157013893127,False,1629.0,0.0,0.3000000000000001
358,wuf50-0420.mwcnf,50,218,500,154.0960955619812,False,1094.0,0.0,0.3000000000000001
359,wuf50-0421.mwcnf,50,218,500,157.23095297813416,False,5309.0,5171.0,0.3000000000000001
360,wuf50-0422.mwcnf,50,218,122,37.27797269821167,True,2697.0,2697.0,0.3000000000000001
361,wuf50-0423.mwcnf,50,218,500,154.43606281280518,False,10288.0,0.0,0.3000000000000001
362,wuf50-0424.mwcnf,50,218,500,151.31135201454163,False,13465.0,5791.0,0.3000000000000001
363,wuf50-0425.mwcnf,50,218,500,155.2940628528595,False,5157.0,0.0,0.3000000000000001
364,wuf50-0426.mwcnf,50,218,500,154.42809987068176,False,3417.0,0.0,0.3000000000000001
365,wuf50-0427.mwcnf,50,218,500,154.26215362548828,False,6648.0,0.0,0.3000000000000001
366,wuf50-0428.mwcnf,50,218,500,154.041761636734,False,10163.0,0.0,0.3000000000000001
367,wuf50-0429.mwcnf,50,218,500,154.82623076438904,False,6544.0,0.0,0.3000000000000001
368,wuf50-043.mwcnf,50,218,500,153.27213668823242,False,7959.0,0.0,0.3000000000000001
369,wuf50-0430.mwcnf,50,218,500,154.8629539012909,False,553.0,0.0,0.3000000000000001
370,wuf50-0431.mwcnf,50,218,500,154.42351531982422,False,15950.0,0.0,0.3000000000000001
371,wuf50-0432.mwcnf,50,218,500,154.67056369781494,False,8692.0,0.0,0.3000000000000001
372,wuf50-0433.mwcnf,50,218,500,154.2048192024231,False,5236.0,0.0,0.3000000000000001
373,wuf50-0434.mwcnf,50,218,500,152.68173670768738,False,7943.0,4628.0,0.3000000000000001
374,wuf50-0435.mwcnf,50,218,500,153.65653252601624,False,2339.0,0.0,0.3000000000000001
375,wuf50-0436.mwcnf,50,218,500,156.57119750976562,False,4553.0,0.0,0.3000000000000001
376,wuf50-0437.mwcnf,50,218,500,154.41659092903137,False,11861.0,0.0,0.3000000000000001
377,wuf50-0438.mwcnf,50,218,500,153.82822561264038,False,7751.0,0.0,0.3000000000000001
378,wuf50-0439.mwcnf,50,218,500,155.67789959907532,False,10147.0,6476.0,0.20000000000000004
379,wuf50-044.mwcnf,50,218,500,156.94069170951843,False,11414.0,0.0,0.3000000000000001
380,wuf50-0440.mwcnf,50,218,500,159.86242818832397,False,2158.0,0.0,0.3000000000000001
381,wuf50-0441.mwcnf,50,218,500,162.263427734375,False,22.0,0.0,0.3000000000000001
382,wuf50-0442.mwcnf,50,218,500,162.87035584449768,False,1625.0,0.0,0.3000000000000001
383,wuf50-0443.mwcnf,50,218,500,162.02894639968872,False,2900.0,0.0,0.3000000000000001
384,wuf50-0444.mwcnf,50,218,500,159.77988243103027,False,7927.0,5073.0,0.3000000000000001
385,wuf50-0445.mwcnf,50,218,500,161.67522501945496,False,7837.0,7347.0,0.3000000000000001
386,wuf50-0446.mwcnf,50,218,348,107.58113050460815,True,3633.0,3633.0,0.3000000000000001
387,wuf50-0447.mwcnf,50,218,500,156.15404963493347,False,30.0,0.0,0.3000000000000001
388,wuf50-0448.mwcnf,50,218,500,159.08623790740967,False,1632.0,0.0,0.3000000000000001
389,wuf50-0449.mwcnf,50,218,500,154.10219287872314,False,6226.0,0.0,0.3000000000000001
390,wuf50-045.mwcnf,50,218,500,154.92940044403076,False,7576.0,0.0,0.3000000000000001
391,wuf50-0450.mwcnf,50,218,500,154.46901869773865,False,9948.0,0.0,0.3000000000000001
392,wuf50-0451.mwcnf,50,218,500,154.7927589416504,False,3222.0,0.0,0.3000000000000001
393,wuf50-0452.mwcnf,50,218,500,160.69004154205322,False,7884.0,0.0,0.3000000000000001
394,wuf50-0453.mwcnf,50,218,500,160.7397735118866,False,5957.0,0.0,0.3000000000000001
395,wuf50-0454.mwcnf,50,218,500,155.23085355758667,False,4824.0,4251.0,0.3000000000000001
396,wuf50-0455.mwcnf,50,218,80,27.03280997276306,True,557.0,557.0,0.3000000000000001
397,wuf50-0456.mwcnf,50,218,500,156.88188910484314,False,11119.0,4845.0,0.3000000000000001
398,wuf50-0457.mwcnf,50,218,500,154.20260381698608,False,9566.0,7216.0,0.3000000000000001
399,wuf50-0458.mwcnf,50,218,500,155.66298246383667,False,13296.0,6393.0,0.3000000000000001
400,wuf50-0459.mwcnf,50,218,500,157.23034644126892,False,8389.0,3146.0,0.26000000000000006
401,wuf50-046.mwcnf,50,218,87,29.373915672302246,True,10434.0,10434.0,0.3000000000000001
402,wuf50-0460.mwcnf,50,218,463,146.2098445892334,True,3988.0,3988.0,0.3000000000000001
403,wuf50-0461.mwcnf,50,218,500,156.72044372558594,False,10225.0,7299.0,0.20000000000000004
404,wuf50-0462.mwcnf,50,218,500,160.81182765960693,False,11762.0,5932.0,0.3000000000000001
405,wuf50-0463.mwcnf,50,218,500,162.64259147644043,False,10465.0,0.0,0.3000000000000001
406,wuf50-0464.mwcnf,50,218,500,161.91345500946045,False,2338.0,0.0,0.3000000000000001
407,wuf50-0465.mwcnf,50,218,500,164.40381622314453,False,555.0,0.0,0.3000000000000001
408,wuf50-0466.mwcnf,50,218,500,162.47388219833374,False,3973.0,0.0,0.3000000000000001
409,wuf50-0467.mwcnf,50,218,500,162.23844838142395,False,560.0,0.0,0.3000000000000001
410,wuf50-0468.mwcnf,50,218,244,82.60449004173279,True,4360.0,4360.0,0.3000000000000001
411,wuf50-0469.mwcnf,50,218,55,16.55869174003601,True,6847.0,6847.0,0.3000000000000001
412,wuf50-047.mwcnf,50,218,500,164.56340503692627,False,3020.0,0.0,0.3000000000000001
413,wuf50-0470.mwcnf,50,218,500,162.73067116737366,False,1730.0,0.0,0.3000000000000001
414,wuf50-0471.mwcnf,50,218,500,163.24300599098206,False,1094.0,0.0,0.3000000000000001
415,wuf50-0472.mwcnf,50,218,500,148.69724225997925,False,10106.0,5887.0,0.3000000000000001
416,wuf50-0473.mwcnf,50,218,500,159.4593484401703,False,2846.0,0.0,0.3000000000000001
417,wuf50-0474.mwcnf,50,218,500,154.19596576690674,False,1092.0,0.0,0.3000000000000001
418,wuf50-0475.mwcnf,50,218,500,153.59509325027466,False,11720.0,0.0,0.3000000000000001
419,wuf50-0476.mwcnf,50,218,500,153.83015275001526,False,4454.0,0.0,0.3000000000000001
420,wuf50-0477.mwcnf,50,218,500,153.0673589706421,False,4291.0,4023.0,0.3000000000000001
421,wuf50-0478.mwcnf,50,218,500,152.52544689178467,False,554.0,0.0,0.3000000000000001
422,wuf50-0479.mwcnf,50,218,500,153.7799870967865,False,7613.0,0.0,0.3000000000000001
423,wuf50-048.mwcnf,50,218,500,152.47451329231262,False,1891.0,0.0,0.3000000000000001
424,wuf50-0480.mwcnf,50,218,500,153.8900933265686,False,9682.0,0.0,0.3000000000000001
425,wuf50-0481.mwcnf,50,218,500,149.44351887702942,False,19471.0,7641.0,0.3000000000000001
426,wuf50-0482.mwcnf,50,218,500,151.52744030952454,False,6594.0,5631.0,0.3000000000000001
427,wuf50-0483.mwcnf,50,218,500,154.11463975906372,False,11118.0,6621.0,0.3000000000000001
428,wuf50-0484.mwcnf,50,218,500,153.4913730621338,False,1632.0,0.0,0.3000000000000001
429,wuf50-0485.mwcnf,50,218,500,154.9291491508484,False,552.0,0.0,0.3000000000000001
430,wuf50-0486.mwcnf,50,218,500,153.690527677536,False,4021.0,0.0,0.3000000000000001
431,wuf50-0487.mwcnf,50,218,500,151.21913933753967,False,13385.0,9082.0,0.3000000000000001
432,wuf50-0488.mwcnf,50,218,500,149.55186700820923,False,10421.0,8708.0,0.16
433,wuf50-0489.mwcnf,50,218,500,154.5601041316986,False,4035.0,0.0,0.3000000000000001
434,wuf50-049.mwcnf,50,218,500,153.69536685943604,False,2809.0,0.0,0.3000000000000001
435,wuf50-0490.mwcnf,50,218,500,155.91979432106018,False,3736.0,0.0,0.3000000000000001
436,wuf50-0491.mwcnf,50,218,500,154.82414507865906,False,10147.0,0.0,0.3000000000000001
437,wuf50-0492.mwcnf,50,218,500,149.98817825317383,False,11057.0,6535.0,0.3000000000000001
438,wuf50-0493.mwcnf,50,218,500,152.68794989585876,False,8144.0,4695.0,0.3000000000000001
439,wuf50-0494.mwcnf,50,218,500,153.53818655014038,False,11758.0,0.0,0.3000000000000001
440,wuf50-0495.mwcnf,50,218,500,160.61365008354187,False,555.0,0.0,0.3000000000000001
441,wuf50-0496.mwcnf,50,218,500,161.89184427261353,False,9613.0,0.0,0.3000000000000001
442,wuf50-0497.mwcnf,50,218,500,161.40524291992188,False,1271.0,0.0,0.3000000000000001
443,wuf50-0498.mwcnf,50,218,500,163.68721055984497,False,8212.0,0.0,0.3000000000000001
444,wuf50-0499.mwcnf,50,218,500,162.8879930973053,False,8691.0,0.0,0.3000000000000001
445,wuf50-05.mwcnf,50,218,500,150.57876873016357,False,11315.0,10634.0,0.21000000000000005
446,wuf50-050.mwcnf,50,218,408,125.3968870639801,True,3356.0,3356.0,0.3000000000000001
447,wuf50-0500.mwcnf,50,218,500,156.45660543441772,False,1270.0,0.0,0.3000000000000001
448,wuf50-0501.mwcnf,50,218,500,158.57809209823608,False,1628.0,0.0,0.3000000000000001
449,wuf50-0502.mwcnf,50,218,500,160.9090554714203,False,1806.0,0.0,0.3000000000000001
450,wuf50-0503.mwcnf,50,218,500,160.95400404930115,False,1798.0,0.0,0.3000000000000001
451,wuf50-0504.mwcnf,50,218,500,158.60624861717224,False,11820.0,8972.0,0.19000000000000003
452,wuf50-0505.mwcnf,50,218,500,164.14384961128235,False,12416.0,0.0,0.3000000000000001
453,wuf50-0506.mwcnf,50,218,500,164.9807755947113,False,15231.0,0.0,0.3000000000000001
454,wuf50-0507.mwcnf,50,218,500,165.59733390808105,False,3669.0,0.0,0.3000000000000001
455,wuf50-0508.mwcnf,50,218,500,160.66354727745056,False,6994.0,6637.0,0.3000000000000001
456,wuf50-0509.mwcnf,50,218,500,166.38854885101318,False,12893.0,0.0,0.3000000000000001
457,wuf50-051.mwcnf,50,218,500,162.95780301094055,False,10448.0,8694.0,0.3000000000000001
458,wuf50-0510.mwcnf,50,218,500,172.50220704078674,False,1089.0,0.0,0.3000000000000001
