,Task,numVariables,numClauses,endGeneration,Duration,isSolutionFound,optWeight,bestWeight,maxMutation
0,wuf20-01.mwcnf,20,71,4,0.36018896102905273,True,141661.0,141661.0,0.02
1,wuf20-010.mwcnf,20,71,7,0.5934817790985107,True,130165.0,130165.0,0.02
2,wuf20-0100.mwcnf,20,71,10,0.9229815006256104,True,104530.0,104530.0,0.02
3,wuf20-01000.mwcnf,20,71,12,1.413663625717163,True,86428.0,86428.0,0.02
4,wuf20-0101.mwcnf,20,71,7,0.8392207622528076,True,92845.0,92845.0,0.02
5,wuf20-0102.mwcnf,20,71,9,1.080209493637085,True,79333.0,79333.0,0.02
6,wuf20-0103.mwcnf,20,71,13,1.452589511871338,True,105260.0,105260.0,0.03
7,wuf20-0104.mwcnf,20,71,9,0.9400689601898193,True,96748.0,96748.0,0.02
8,wuf20-0105.mwcnf,20,71,7,0.7202432155609131,True,117490.0,117490.0,0.02
9,wuf20-0106.mwcnf,20,71,12,1.4093594551086426,True,121641.0,121641.0,0.02
10,wuf20-0107.mwcnf,20,71,16,2.1239373683929443,True,103038.0,103038.0,0.03
11,wuf20-0108.mwcnf,20,71,7,0.7829337120056152,True,148093.0,148093.0,0.02
12,wuf20-0109.mwcnf,20,71,18,2.6279051303863525,True,73668.0,73668.0,0.03
13,wuf20-011.mwcnf,20,71,7,0.7685098648071289,True,119180.0,119180.0,0.02
14,wuf20-0110.mwcnf,20,71,16,1.7165887355804443,True,101345.0,101345.0,0.04
15,wuf20-0111.mwcnf,20,71,10,1.2190041542053223,True,121101.0,121101.0,0.02
16,wuf20-0112.mwcnf,20,71,9,1.0628416538238525,True,113760.0,113760.0,0.02
17,wuf20-0113.mwcnf,20,71,5,0.5348210334777832,True,114908.0,114908.0,0.03
18,wuf20-0114.mwcnf,20,71,8,0.8252232074737549,True,134138.0,134138.0,0.02
19,wuf20-0115.mwcnf,20,71,56,6.0214879512786865,True,85488.0,85488.0,0.060000000000000005
20,wuf20-0116.mwcnf,20,71,9,0.7964181900024414,True,95354.0,95354.0,0.02
21,wuf20-0117.mwcnf,20,71,10,0.9447031021118164,True,117831.0,117831.0,0.02
22,wuf20-0118.mwcnf,20,71,8,1.2181706428527832,True,119175.0,119175.0,0.02
23,wuf20-0119.mwcnf,20,71,8,1.259397029876709,True,122775.0,122775.0,0.02
24,wuf20-012.mwcnf,20,71,10,1.1742050647735596,True,75557.0,75557.0,0.02
25,wuf20-0120.mwcnf,20,71,9,0.9322159290313721,True,103820.0,103820.0,0.02
26,wuf20-0121.mwcnf,20,71,11,1.2732045650482178,True,120333.0,120333.0,0.03
27,wuf20-0122.mwcnf,20,71,3,0.32962584495544434,True,110389.0,110389.0,0.02
28,wuf20-0123.mwcnf,20,71,9,0.9230692386627197,True,119800.0,119800.0,0.02
29,wuf20-0124.mwcnf,20,71,10,0.8877878189086914,True,120542.0,120542.0,0.02
30,wuf20-0125.mwcnf,20,71,6,0.6131575107574463,True,127398.0,127398.0,0.02
31,wuf20-0126.mwcnf,20,71,7,0.6734342575073242,True,124323.0,124323.0,0.02
32,wuf20-0127.mwcnf,20,71,12,1.1090853214263916,True,100110.0,100110.0,0.04
33,wuf20-0128.mwcnf,20,71,8,0.7665095329284668,True,113833.0,113833.0,0.02
34,wuf20-0129.mwcnf,20,71,27,2.6733181476593018,True,67695.0,67695.0,0.060000000000000005
35,wuf20-013.mwcnf,20,71,9,0.8619635105133057,True,94338.0,94338.0,0.02
36,wuf20-0130.mwcnf,20,71,12,1.2215077877044678,True,86175.0,86175.0,0.02
37,wuf20-0131.mwcnf,20,71,10,1.244119644165039,True,141274.0,141274.0,0.02
38,wuf20-0132.mwcnf,20,71,9,0.9028730392456055,True,118365.0,118365.0,0.02
39,wuf20-0133.mwcnf,20,71,8,0.9020333290100098,True,140588.0,140588.0,0.03
40,wuf20-0134.mwcnf,20,71,10,0.9473361968994141,True,95720.0,95720.0,0.03
41,wuf20-0135.mwcnf,20,71,13,1.3047847747802734,True,98113.0,98113.0,0.03
42,wuf20-0136.mwcnf,20,71,42,4.472867727279663,True,117299.0,117299.0,0.060000000000000005
43,wuf20-0137.mwcnf,20,71,10,1.0780558586120605,True,75351.0,75351.0,0.02
44,wuf20-0138.mwcnf,20,71,9,1.0259888172149658,True,113138.0,113138.0,0.02
45,wuf20-0139.mwcnf,20,71,12,1.374011754989624,True,85845.0,85845.0,0.02
46,wuf20-014.mwcnf,20,71,9,1.2526378631591797,True,103977.0,103977.0,0.02
47,wuf20-0140.mwcnf,20,71,17,2.383725881576538,True,130766.0,130766.0,0.04
48,wuf20-0141.mwcnf,20,71,9,1.1555635929107666,True,102826.0,102826.0,0.02
49,wuf20-0142.mwcnf,20,71,9,1.029707431793213,True,99652.0,99652.0,0.02
50,wuf20-0143.mwcnf,20,71,8,0.8570382595062256,True,114900.0,114900.0,0.02
51,wuf20-0144.mwcnf,20,71,5,0.8189752101898193,True,69842.0,69842.0,0.02
52,wuf20-0145.mwcnf,20,71,5,0.7038531303405762,True,113903.0,113903.0,0.02
53,wuf20-0146.mwcnf,20,71,9,1.204484462738037,True,112757.0,112757.0,0.02
54,wuf20-0147.mwcnf,20,71,11,1.7293686866760254,True,94540.0,94540.0,0.03
55,wuf20-0148.mwcnf,20,71,9,1.1022026538848877,True,119793.0,119793.0,0.02
56,wuf20-0149.mwcnf,20,71,17,1.7204663753509521,True,99680.0,99680.0,0.03
57,wuf20-015.mwcnf,20,71,12,1.7194864749908447,True,86300.0,86300.0,0.04
58,wuf20-0150.mwcnf,20,71,12,2.005614757537842,True,94254.0,94254.0,0.02
59,wuf20-0151.mwcnf,20,71,11,1.432298183441162,True,121038.0,121038.0,0.02
60,wuf20-0152.mwcnf,20,71,8,1.4023289680480957,True,82752.0,82752.0,0.02
61,wuf20-0153.mwcnf,20,71,9,1.4248192310333252,True,84950.0,84950.0,0.02
62,wuf20-0154.mwcnf,20,71,10,1.1475255489349365,True,124542.0,124542.0,0.02
63,wuf20-0155.mwcnf,20,71,7,0.8248353004455566,True,123708.0,123708.0,0.02
64,wuf20-0156.mwcnf,20,71,9,0.8803856372833252,True,86606.0,86606.0,0.02
65,wuf20-0157.mwcnf,20,71,8,0.844550609588623,True,84551.0,84551.0,0.02
66,wuf20-0158.mwcnf,20,71,9,0.9692816734313965,True,99619.0,99619.0,0.02
67,wuf20-0159.mwcnf,20,71,10,1.5164251327514648,True,113501.0,113501.0,0.02
68,wuf20-016.mwcnf,20,71,6,0.8423190116882324,True,108808.0,108808.0,0.02
69,wuf20-0160.mwcnf,20,71,13,1.7862377166748047,True,134055.0,134055.0,0.04
70,wuf20-0161.mwcnf,20,71,3,0.4909932613372803,True,106328.0,106328.0,0.02
71,wuf20-0162.mwcnf,20,71,9,0.8763406276702881,True,110046.0,110046.0,0.02
72,wuf20-0163.mwcnf,20,71,11,1.4353535175323486,True,121687.0,121687.0,0.02
73,wuf20-0164.mwcnf,20,71,19,2.192375421524048,True,89205.0,89205.0,0.03
74,wuf20-0165.mwcnf,20,71,7,0.923041582107544,True,128587.0,128587.0,0.02
75,wuf20-0166.mwcnf,20,71,500,66.85717511177063,False,102061.0,101428.0,0.08
76,wuf20-0167.mwcnf,20,71,7,0.9820423126220703,True,113049.0,113049.0,0.02
77,wuf20-0168.mwcnf,20,71,9,0.9743905067443848,True,99042.0,99042.0,0.03
78,wuf20-0169.mwcnf,20,71,19,1.9179775714874268,True,81155.0,81155.0,0.04
79,wuf20-017.mwcnf,20,71,10,1.0846929550170898,True,127989.0,127989.0,0.02
80,wuf20-0170.mwcnf,20,71,9,0.9387280941009521,True,116825.0,116825.0,0.03
81,wuf20-0171.mwcnf,20,71,10,1.2053468227386475,True,125647.0,125647.0,0.02
82,wuf20-0172.mwcnf,20,71,8,0.8081865310668945,True,105878.0,105878.0,0.02
83,wuf20-0173.mwcnf,20,71,7,1.1296043395996094,True,106127.0,106127.0,0.02
84,wuf20-0174.mwcnf,20,71,10,1.205465316772461,True,108594.0,108594.0,0.02
85,wuf20-0175.mwcnf,20,71,13,1.3765339851379395,True,96352.0,96352.0,0.02
86,wuf20-0176.mwcnf,20,71,14,1.5484867095947266,True,71164.0,71164.0,0.02
87,wuf20-0177.mwcnf,20,71,9,1.189920425415039,True,109561.0,109561.0,0.02
88,wuf20-0178.mwcnf,20,71,8,0.9848835468292236,True,97795.0,97795.0,0.02
89,wuf20-0179.mwcnf,20,71,6,0.7901475429534912,True,131481.0,131481.0,0.02
90,wuf20-018.mwcnf,20,71,20,2.7757914066314697,True,113078.0,113078.0,0.05
91,wuf20-0180.mwcnf,20,71,8,0.7503528594970703,True,110400.0,110400.0,0.02
92,wuf20-0181.mwcnf,20,71,9,0.8717944622039795,True,107941.0,107941.0,0.02
93,wuf20-0182.mwcnf,20,71,10,1.3191022872924805,True,94608.0,94608.0,0.02
94,wuf20-0183.mwcnf,20,71,8,0.9870195388793945,True,76742.0,76742.0,0.02
95,wuf20-0184.mwcnf,20,71,9,0.8886194229125977,True,102192.0,102192.0,0.02
96,wuf20-0185.mwcnf,20,71,9,0.8618097305297852,True,99533.0,99533.0,0.02
97,wuf20-0186.mwcnf,20,71,12,1.3129942417144775,True,122611.0,122611.0,0.04
98,wuf20-0187.mwcnf,20,71,19,1.799208641052246,True,86851.0,86851.0,0.04
99,wuf20-0188.mwcnf,20,71,10,1.2175259590148926,True,93998.0,93998.0,0.02
100,wuf20-0189.mwcnf,20,71,8,0.8571798801422119,True,103159.0,103159.0,0.02
101,wuf20-019.mwcnf,20,71,9,1.0800764560699463,True,144285.0,144285.0,0.02
102,wuf20-0190.mwcnf,20,71,8,0.8360373973846436,True,123957.0,123957.0,0.02
103,wuf20-0191.mwcnf,20,71,12,1.5475969314575195,True,113257.0,113257.0,0.04
104,wuf20-0192.mwcnf,20,71,10,1.2362236976623535,True,86598.0,86598.0,0.02
105,wuf20-0193.mwcnf,20,71,14,2.1834051609039307,True,107918.0,107918.0,0.03
106,wuf20-0194.mwcnf,20,71,23,2.9311416149139404,True,145998.0,145998.0,0.05
107,wuf20-0195.mwcnf,20,71,9,1.091778039932251,True,147202.0,147202.0,0.02
108,wuf20-0196.mwcnf,20,71,17,2.225142002105713,True,139012.0,139012.0,0.04
109,wuf20-0197.mwcnf,20,71,14,1.5475716590881348,True,104393.0,104393.0,0.02
110,wuf20-0198.mwcnf,20,71,10,1.0328514575958252,True,145999.0,145999.0,0.02
111,wuf20-0199.mwcnf,20,71,7,0.821937084197998,True,172334.0,172334.0,0.02
112,wuf20-02.mwcnf,20,71,23,2.2557740211486816,True,118347.0,118347.0,0.05
113,wuf20-020.mwcnf,20,71,8,1.0328516960144043,True,146811.0,146811.0,0.02
114,wuf20-0200.mwcnf,20,71,10,0.971914529800415,True,96647.0,96647.0,0.02
115,wuf20-0201.mwcnf,20,71,10,1.1560938358306885,True,114715.0,114715.0,0.02
116,wuf20-0202.mwcnf,20,71,19,2.2141456604003906,True,135116.0,135116.0,0.060000000000000005
117,wuf20-0203.mwcnf,20,71,10,1.1259346008300781,True,136165.0,136165.0,0.02
118,wuf20-0204.mwcnf,20,71,11,1.1243181228637695,True,123134.0,123134.0,0.02
119,wuf20-0205.mwcnf,20,71,12,1.276932954788208,True,106664.0,106664.0,0.02
120,wuf20-0206.mwcnf,20,71,9,1.2216107845306396,True,170640.0,170640.0,0.02
121,wuf20-0207.mwcnf,20,71,7,1.3456826210021973,True,127319.0,127319.0,0.02
122,wuf20-0208.mwcnf,20,71,8,1.1924729347229004,True,157224.0,157224.0,0.02
123,wuf20-0209.mwcnf,20,71,7,1.1497607231140137,True,172085.0,172085.0,0.02
124,wuf20-021.mwcnf,20,71,11,1.2668557167053223,True,137622.0,137622.0,0.03
125,wuf20-0210.mwcnf,20,71,14,1.8424983024597168,True,91822.0,91822.0,0.04
126,wuf20-0211.mwcnf,20,71,9,1.1299335956573486,True,137957.0,137957.0,0.02
127,wuf20-0212.mwcnf,20,71,11,1.387303113937378,True,140011.0,140011.0,0.02
128,wuf20-0213.mwcnf,20,71,9,1.036694049835205,True,123306.0,123306.0,0.02
129,wuf20-0214.mwcnf,20,71,9,0.8917226791381836,True,142275.0,142275.0,0.03
130,wuf20-0215.mwcnf,20,71,9,0.9086616039276123,True,146303.0,146303.0,0.03
131,wuf20-0216.mwcnf,20,71,500,57.31760120391846,False,97278.0,97131.0,0.060000000000000005
132,wuf20-0217.mwcnf,20,71,500,60.08193397521973,False,144462.0,144187.0,0.07
133,wuf20-0218.mwcnf,20,71,500,58.629236459732056,False,120895.0,119288.0,0.08
134,wuf20-0219.mwcnf,20,71,10,1.077101230621338,True,119751.0,119751.0,0.02
135,wuf20-022.mwcnf,20,71,14,1.730294942855835,True,119959.0,119959.0,0.03
136,wuf20-0220.mwcnf,20,71,8,0.9190759658813477,True,110001.0,110001.0,0.02
137,wuf20-0221.mwcnf,20,71,12,1.3183314800262451,True,150125.0,150125.0,0.04
138,wuf20-0222.mwcnf,20,71,7,0.8132243156433105,True,178091.0,178091.0,0.02
139,wuf20-0223.mwcnf,20,71,7,0.6974048614501953,True,161235.0,161235.0,0.03
140,wuf20-0224.mwcnf,20,71,12,1.203127384185791,True,131120.0,131120.0,0.02
141,wuf20-0225.mwcnf,20,71,21,2.369896650314331,True,119906.0,119906.0,0.060000000000000005
142,wuf20-0226.mwcnf,20,71,14,1.485870599746704,True,121952.0,121952.0,0.03
143,wuf20-0227.mwcnf,20,71,8,0.8379840850830078,True,158278.0,158278.0,0.02
144,wuf20-0228.mwcnf,20,71,17,1.6957299709320068,True,124802.0,124802.0,0.02
145,wuf20-0229.mwcnf,20,71,6,0.6110842227935791,True,165847.0,165847.0,0.02
146,wuf20-023.mwcnf,20,71,11,1.5771725177764893,True,132894.0,132894.0,0.02
147,wuf20-0230.mwcnf,20,71,12,1.2848906517028809,True,120493.0,120493.0,0.02
148,wuf20-0231.mwcnf,20,71,500,62.45818305015564,False,107417.0,106368.0,0.07
149,wuf20-0232.mwcnf,20,71,9,0.9502270221710205,True,139956.0,139956.0,0.02
150,wuf20-0233.mwcnf,20,71,9,1.082258939743042,True,136368.0,136368.0,0.02
151,wuf20-0234.mwcnf,20,71,9,1.5674457550048828,True,123611.0,123611.0,0.02
152,wuf20-0235.mwcnf,20,71,8,1.424405574798584,True,167836.0,167836.0,0.02
153,wuf20-0236.mwcnf,20,71,9,1.549804925918579,True,166450.0,166450.0,0.02
154,wuf20-0237.mwcnf,20,71,7,1.0252013206481934,True,108988.0,108988.0,0.02
155,wuf20-0238.mwcnf,20,71,8,1.3695926666259766,True,147790.0,147790.0,0.02
156,wuf20-0239.mwcnf,20,71,11,1.4657864570617676,True,145896.0,145896.0,0.02
157,wuf20-024.mwcnf,20,71,8,1.0704097747802734,True,96757.0,96757.0,0.02
158,wuf20-0240.mwcnf,20,71,8,0.952570915222168,True,128155.0,128155.0,0.02
159,wuf20-0241.mwcnf,20,71,15,2.753246545791626,True,129686.0,129686.0,0.04
160,wuf20-0242.mwcnf,20,71,6,0.9692816734313965,True,132736.0,132736.0,0.02
161,wuf20-0243.mwcnf,20,71,14,1.6527254581451416,True,109612.0,109612.0,0.03
162,wuf20-0244.mwcnf,20,71,9,1.0309100151062012,True,127766.0,127766.0,0.02
163,wuf20-0245.mwcnf,20,71,13,1.3056392669677734,True,101500.0,101500.0,0.02
164,wuf20-0246.mwcnf,20,71,9,1.1250934600830078,True,125570.0,125570.0,0.02
165,wuf20-0247.mwcnf,20,71,11,1.2929956912994385,True,161576.0,161576.0,0.02
166,wuf20-0248.mwcnf,20,71,7,0.7388730049133301,True,138434.0,138434.0,0.02
167,wuf20-0249.mwcnf,20,71,6,0.6421506404876709,True,138531.0,138531.0,0.02
168,wuf20-025.mwcnf,20,71,11,1.4556739330291748,True,150635.0,150635.0,0.02
169,wuf20-0250.mwcnf,20,71,10,1.223633050918579,True,168078.0,168078.0,0.02
170,wuf20-0251.mwcnf,20,71,8,1.1875698566436768,True,152014.0,152014.0,0.02
171,wuf20-0252.mwcnf,20,71,9,1.044363021850586,True,123612.0,123612.0,0.02
172,wuf20-0253.mwcnf,20,71,8,1.1751725673675537,True,156200.0,156200.0,0.02
173,wuf20-0254.mwcnf,20,71,8,0.970231294631958,True,141991.0,141991.0,0.02
174,wuf20-0255.mwcnf,20,71,8,1.1158044338226318,True,131964.0,131964.0,0.02
175,wuf20-0256.mwcnf,20,71,7,0.8696634769439697,True,156665.0,156665.0,0.02
176,wuf20-0257.mwcnf,20,71,9,1.2211239337921143,True,140371.0,140371.0,0.02
177,wuf20-0258.mwcnf,20,71,9,1.1566245555877686,True,146980.0,146980.0,0.03
178,wuf20-0259.mwcnf,20,71,8,0.877387285232544,True,137401.0,137401.0,0.02
179,wuf20-026.mwcnf,20,71,8,0.922365665435791,True,133846.0,133846.0,0.02
180,wuf20-0260.mwcnf,20,71,10,1.2157962322235107,True,122559.0,122559.0,0.02
181,wuf20-0261.mwcnf,20,71,9,0.8865950107574463,True,138985.0,138985.0,0.02
182,wuf20-0262.mwcnf,20,71,9,0.9145853519439697,True,133553.0,133553.0,0.02
183,wuf20-0263.mwcnf,20,71,7,0.6887195110321045,True,160864.0,160864.0,0.02
184,wuf20-0264.mwcnf,20,71,8,0.9558639526367188,True,109173.0,109173.0,0.02
185,wuf20-0265.mwcnf,20,71,8,0.8730874061584473,True,178948.0,178948.0,0.02
186,wuf20-0266.mwcnf,20,71,9,0.9405815601348877,True,159295.0,159295.0,0.02
187,wuf20-0267.mwcnf,20,71,7,0.7512223720550537,True,135581.0,135581.0,0.02
188,wuf20-0268.mwcnf,20,71,9,1.1795322895050049,True,162919.0,162919.0,0.02
189,wuf20-0269.mwcnf,20,71,9,0.9940958023071289,True,125962.0,125962.0,0.02
190,wuf20-027.mwcnf,20,71,11,1.1969239711761475,True,140108.0,140108.0,0.02
191,wuf20-0270.mwcnf,20,71,7,1.1238572597503662,True,170930.0,170930.0,0.02
192,wuf20-0271.mwcnf,20,71,8,0.8333768844604492,True,136378.0,136378.0,0.02
193,wuf20-0272.mwcnf,20,71,10,0.9699335098266602,True,121484.0,121484.0,0.02
194,wuf20-0273.mwcnf,20,71,8,0.9215397834777832,True,126168.0,126168.0,0.02
195,wuf20-0274.mwcnf,20,71,9,0.8318190574645996,True,154718.0,154718.0,0.02
196,wuf20-0275.mwcnf,20,71,18,2.1541857719421387,True,109312.0,109312.0,0.04
197,wuf20-0276.mwcnf,20,71,11,1.2956676483154297,True,146306.0,146306.0,0.03
198,wuf20-0277.mwcnf,20,71,10,1.177661657333374,True,124140.0,124140.0,0.02
199,wuf20-0278.mwcnf,20,71,5,0.6081209182739258,True,109870.0,109870.0,0.02
200,wuf20-0279.mwcnf,20,71,9,1.267235517501831,True,154116.0,154116.0,0.02
201,wuf20-028.mwcnf,20,71,156,17.958134174346924,True,106534.0,106534.0,0.060000000000000005
202,wuf20-0280.mwcnf,20,71,10,1.0332145690917969,True,152606.0,152606.0,0.02
203,wuf20-0281.mwcnf,20,71,32,3.2857003211975098,True,136237.0,136237.0,0.060000000000000005
204,wuf20-0282.mwcnf,20,71,7,0.7372026443481445,True,126037.0,126037.0,0.02
205,wuf20-0283.mwcnf,20,71,16,1.8120591640472412,True,165873.0,165873.0,0.04
206,wuf20-0284.mwcnf,20,71,17,1.7837183475494385,True,120202.0,120202.0,0.03
207,wuf20-0285.mwcnf,20,71,10,1.0332140922546387,True,124384.0,124384.0,0.02
208,wuf20-0286.mwcnf,20,71,7,0.7272331714630127,True,126370.0,126370.0,0.02
209,wuf20-0287.mwcnf,20,71,11,1.258786678314209,True,143893.0,143893.0,0.02
210,wuf20-0288.mwcnf,20,71,7,0.719210147857666,True,139808.0,139808.0,0.02
211,wuf20-0289.mwcnf,20,71,8,0.8929729461669922,True,124520.0,124520.0,0.02
212,wuf20-029.mwcnf,20,71,7,0.9064431190490723,True,122986.0,122986.0,0.02
213,wuf20-0290.mwcnf,20,71,9,1.1491143703460693,True,126153.0,126153.0,0.02
214,wuf20-0291.mwcnf,20,71,9,0.9621520042419434,True,190941.0,190941.0,0.02
215,wuf20-0292.mwcnf,20,71,12,1.3780162334442139,True,153543.0,153543.0,0.04
216,wuf20-0293.mwcnf,20,71,9,1.0595088005065918,True,160874.0,160874.0,0.02
217,wuf20-0294.mwcnf,20,71,9,0.9755034446716309,True,149691.0,149691.0,0.02
218,wuf20-0295.mwcnf,20,71,7,0.7663838863372803,True,127023.0,127023.0,0.02
219,wuf20-0296.mwcnf,20,71,6,0.5793828964233398,True,130765.0,130765.0,0.02
220,wuf20-0297.mwcnf,20,71,7,0.6567411422729492,True,96804.0,96804.0,0.02
221,wuf20-0298.mwcnf,20,71,10,1.0014965534210205,True,149461.0,149461.0,0.02
222,wuf20-0299.mwcnf,20,71,20,2.127073049545288,True,110197.0,110197.0,0.05
223,wuf20-03.mwcnf,20,71,10,1.0477867126464844,True,65354.0,65354.0,0.02
224,wuf20-030.mwcnf,20,71,8,0.9849367141723633,True,150284.0,150284.0,0.02
225,wuf20-0300.mwcnf,20,71,8,0.8529882431030273,True,158207.0,158207.0,0.02
226,wuf20-0301.mwcnf,20,71,9,0.8772883415222168,True,157406.0,157406.0,0.02
227,wuf20-0302.mwcnf,20,71,6,0.5968623161315918,True,164689.0,164689.0,0.02
228,wuf20-0303.mwcnf,20,71,6,0.6812081336975098,True,113694.0,113694.0,0.02
229,wuf20-0304.mwcnf,20,71,10,1.0005097389221191,True,113414.0,113414.0,0.02
230,wuf20-0305.mwcnf,20,71,8,0.9231014251708984,True,150622.0,150622.0,0.02
231,wuf20-0306.mwcnf,20,71,6,0.5931868553161621,True,108622.0,108622.0,0.02
232,wuf20-0307.mwcnf,20,71,15,1.768240213394165,True,164492.0,164492.0,0.03
233,wuf20-0308.mwcnf,20,71,7,0.7192015647888184,True,142347.0,142347.0,0.02
234,wuf20-0309.mwcnf,20,71,8,0.7664642333984375,True,123523.0,123523.0,0.02
235,wuf20-031.mwcnf,20,71,7,0.8143389225006104,True,119571.0,119571.0,0.02
236,wuf20-0310.mwcnf,20,71,17,1.8786900043487549,True,127691.0,127691.0,0.03
237,wuf20-0311.mwcnf,20,71,7,0.7796776294708252,True,152355.0,152355.0,0.02
238,wuf20-0312.mwcnf,20,71,10,1.3465523719787598,True,125332.0,125332.0,0.02
239,wuf20-0313.mwcnf,20,71,500,60.90846276283264,False,117477.0,117132.0,0.07
240,wuf20-0314.mwcnf,20,71,12,1.5605998039245605,True,156778.0,156778.0,0.05
241,wuf20-0315.mwcnf,20,71,10,1.2544965744018555,True,157642.0,157642.0,0.03
242,wuf20-0316.mwcnf,20,71,20,2.360836982727051,True,96743.0,96743.0,0.03
243,wuf20-0317.mwcnf,20,71,10,1.2830836772918701,True,114033.0,114033.0,0.02
244,wuf20-0318.mwcnf,20,71,10,1.5372190475463867,True,171791.0,171791.0,0.02
245,wuf20-0319.mwcnf,20,71,8,1.1628236770629883,True,171650.0,171650.0,0.02
246,wuf20-032.mwcnf,20,71,10,1.7264657020568848,True,69659.0,69659.0,0.02
247,wuf20-0320.mwcnf,20,71,8,1.1720333099365234,True,150935.0,150935.0,0.02
248,wuf20-0321.mwcnf,20,71,6,0.9319393634796143,True,122846.0,122846.0,0.02
249,wuf20-0322.mwcnf,20,71,11,2.1124043464660645,True,139319.0,139319.0,0.02
250,wuf20-0323.mwcnf,20,71,10,1.9709677696228027,True,92018.0,92018.0,0.03
251,wuf20-0324.mwcnf,20,71,8,1.611034870147705,True,130364.0,130364.0,0.02
252,wuf20-0325.mwcnf,20,71,9,1.7061355113983154,True,167774.0,167774.0,0.02
253,wuf20-0326.mwcnf,20,71,7,0.8570022583007812,True,135745.0,135745.0,0.02
254,wuf20-0327.mwcnf,20,71,13,1.5976243019104004,True,60669.0,60669.0,0.02
255,wuf20-0328.mwcnf,20,71,7,1.4248363971710205,True,55910.0,55910.0,0.02
256,wuf20-0329.mwcnf,20,71,12,1.9424045085906982,True,48375.0,48375.0,0.03
257,wuf20-033.mwcnf,20,71,500,57.84689664840698,False,46675.0,45489.0,0.060000000000000005
258,wuf20-0330.mwcnf,20,71,14,1.9084858894348145,True,42683.0,42683.0,0.03
259,wuf20-0331.mwcnf,20,71,6,0.6891136169433594,True,63415.0,63415.0,0.02
260,wuf20-0332.mwcnf,20,71,10,1.1584892272949219,True,53091.0,53091.0,0.02
261,wuf20-0333.mwcnf,20,71,10,0.9994685649871826,True,68879.0,68879.0,0.02
262,wuf20-0334.mwcnf,20,71,9,0.8773119449615479,True,43642.0,43642.0,0.02
263,wuf20-0335.mwcnf,20,71,8,0.7674424648284912,True,61507.0,61507.0,0.02
264,wuf20-0336.mwcnf,20,71,5,0.5768606662750244,True,43835.0,43835.0,0.02
265,wuf20-0337.mwcnf,20,71,7,0.9069638252258301,True,58397.0,58397.0,0.02
266,wuf20-0338.mwcnf,20,71,36,3.736539125442505,True,57031.0,57031.0,0.03
267,wuf20-0339.mwcnf,20,71,9,1.2234280109405518,True,77553.0,77553.0,0.02
268,wuf20-034.mwcnf,20,71,6,0.7829170227050781,True,68289.0,68289.0,0.02
269,wuf20-0340.mwcnf,20,71,20,2.4161429405212402,True,71723.0,71723.0,0.04
270,wuf20-0341.mwcnf,20,71,7,0.9457204341888428,True,72812.0,72812.0,0.02
271,wuf20-0342.mwcnf,20,71,10,1.081071376800537,True,64999.0,64999.0,0.03
272,wuf20-0343.mwcnf,20,71,6,0.7047076225280762,True,58207.0,58207.0,0.02
273,wuf20-0344.mwcnf,20,71,9,0.8474686145782471,True,60627.0,60627.0,0.02
274,wuf20-0345.mwcnf,20,71,7,0.6136674880981445,True,63718.0,63718.0,0.02
275,wuf20-0346.mwcnf,20,71,10,1.5797200202941895,True,61462.0,61462.0,0.02
276,wuf20-0347.mwcnf,20,71,9,1.3132836818695068,True,69903.0,69903.0,0.02
277,wuf20-0348.mwcnf,20,71,9,1.201796293258667,True,75531.0,75531.0,0.02
278,wuf20-0349.mwcnf,20,71,7,1.0661568641662598,True,49554.0,49554.0,0.02
279,wuf20-035.mwcnf,20,71,8,0.7976365089416504,True,71789.0,71789.0,0.02
280,wuf20-0350.mwcnf,20,71,12,1.4461417198181152,True,45791.0,45791.0,0.03
281,wuf20-0351.mwcnf,20,71,5,0.6377391815185547,True,71097.0,71097.0,0.02
282,wuf20-0352.mwcnf,20,71,10,1.3805301189422607,True,62039.0,62039.0,0.03
283,wuf20-0353.mwcnf,20,71,10,1.1738066673278809,True,79241.0,79241.0,0.02
284,wuf20-0354.mwcnf,20,71,9,0.8832206726074219,True,51815.0,51815.0,0.02
285,wuf20-0355.mwcnf,20,71,9,1.1677827835083008,True,72749.0,72749.0,0.02
286,wuf20-0356.mwcnf,20,71,8,0.9869570732116699,True,77178.0,77178.0,0.02
287,wuf20-0357.mwcnf,20,71,9,1.0276751518249512,True,62380.0,62380.0,0.02
288,wuf20-0358.mwcnf,20,71,9,0.8757119178771973,True,78121.0,78121.0,0.02
289,wuf20-0359.mwcnf,20,71,11,1.090200424194336,True,48976.0,48976.0,0.02
290,wuf20-036.mwcnf,20,71,9,1.0881671905517578,True,66642.0,66642.0,0.02
291,wuf20-0360.mwcnf,20,71,7,0.7156169414520264,True,57154.0,57154.0,0.02
292,wuf20-0361.mwcnf,20,71,8,0.8957486152648926,True,67244.0,67244.0,0.02
293,wuf20-0362.mwcnf,20,71,7,0.7245557308197021,True,51096.0,51096.0,0.02
294,wuf20-0363.mwcnf,20,71,7,0.6712284088134766,True,77559.0,77559.0,0.02
295,wuf20-0364.mwcnf,20,71,97,13.233455181121826,True,56512.0,56512.0,0.05
296,wuf20-0365.mwcnf,20,71,41,5.42794942855835,True,52219.0,52219.0,0.04
297,wuf20-0366.mwcnf,20,71,10,1.2482779026031494,True,64236.0,64236.0,0.02
298,wuf20-0367.mwcnf,20,71,9,1.0458505153656006,True,55038.0,55038.0,0.02
299,wuf20-0368.mwcnf,20,71,10,1.1776010990142822,True,67288.0,67288.0,0.02
300,wuf20-0369.mwcnf,20,71,14,1.4335062503814697,True,62081.0,62081.0,0.03
301,wuf20-037.mwcnf,20,71,10,1.1205456256866455,True,66333.0,66333.0,0.02
302,wuf20-0370.mwcnf,20,71,10,1.017064094543457,True,47141.0,47141.0,0.02
303,wuf20-0371.mwcnf,20,71,12,1.7208929061889648,True,62492.0,62492.0,0.02
304,wuf20-0372.mwcnf,20,71,7,0.8858015537261963,True,55614.0,55614.0,0.02
305,wuf20-0373.mwcnf,20,71,5,0.6810529232025146,True,49982.0,49982.0,0.02
306,wuf20-0374.mwcnf,20,71,10,1.225600242614746,True,48768.0,48768.0,0.02
307,wuf20-0375.mwcnf,20,71,9,0.9858803749084473,True,47723.0,47723.0,0.02
308,wuf20-0376.mwcnf,20,71,12,1.2941195964813232,True,62557.0,62557.0,0.05
309,wuf20-0377.mwcnf,20,71,10,1.0684821605682373,True,80867.0,80867.0,0.02
310,wuf20-0378.mwcnf,20,71,4,0.38548827171325684,True,65226.0,65226.0,0.02
311,wuf20-0379.mwcnf,20,71,22,2.6181719303131104,True,69767.0,69767.0,0.04
312,wuf20-038.mwcnf,20,71,5,0.5099186897277832,True,53992.0,53992.0,0.02
313,wuf20-0380.mwcnf,20,71,9,0.8343210220336914,True,55404.0,55404.0,0.02
314,wuf20-0381.mwcnf,20,71,8,0.8907601833343506,True,70639.0,70639.0,0.02
315,wuf20-0382.mwcnf,20,71,9,0.9064033031463623,True,55944.0,55944.0,0.02
316,wuf20-0383.mwcnf,20,71,8,0.8144102096557617,True,51818.0,51818.0,0.02
317,wuf20-0384.mwcnf,20,71,8,0.9255743026733398,True,60586.0,60586.0,0.02
318,wuf20-0385.mwcnf,20,71,8,0.9063770771026611,True,59423.0,59423.0,0.02
319,wuf20-0386.mwcnf,20,71,10,1.2417914867401123,True,75656.0,75656.0,0.02
320,wuf20-0387.mwcnf,20,71,12,1.5816888809204102,True,55581.0,55581.0,0.02
321,wuf20-0388.mwcnf,20,71,8,0.9331564903259277,True,65567.0,65567.0,0.02
322,wuf20-0389.mwcnf,20,71,8,0.8973259925842285,True,60090.0,60090.0,0.02
323,wuf20-039.mwcnf,20,71,8,0.7211291790008545,True,57818.0,57818.0,0.02
324,wuf20-0390.mwcnf,20,71,9,0.8820812702178955,True,62735.0,62735.0,0.02
325,wuf20-0391.mwcnf,20,71,9,1.0290968418121338,True,63979.0,63979.0,0.02
326,wuf20-0392.mwcnf,20,71,13,1.4711432456970215,True,64604.0,64604.0,0.02
327,wuf20-0393.mwcnf,20,71,8,1.0428106784820557,True,69387.0,69387.0,0.02
328,wuf20-0394.mwcnf,20,71,7,0.9303407669067383,True,46956.0,46956.0,0.02
329,wuf20-0395.mwcnf,20,71,6,0.9400877952575684,True,77998.0,77998.0,0.02
330,wuf20-0396.mwcnf,20,71,7,1.0159330368041992,True,57080.0,57080.0,0.02
331,wuf20-0397.mwcnf,20,71,12,1.298133373260498,True,50440.0,50440.0,0.03
332,wuf20-0398.mwcnf,20,71,2,0.18827080726623535,True,73875.0,73875.0,0.02
333,wuf20-0399.mwcnf,20,71,10,1.049490213394165,True,61351.0,61351.0,0.02
334,wuf20-04.mwcnf,20,71,16,1.606006383895874,True,70297.0,70297.0,0.03
335,wuf20-040.mwcnf,20,71,11,1.1732769012451172,True,53807.0,53807.0,0.02
336,wuf20-0400.mwcnf,20,71,9,0.9075117111206055,True,68545.0,68545.0,0.02
337,wuf20-0401.mwcnf,20,71,9,1.0015325546264648,True,76312.0,76312.0,0.02
338,wuf20-0402.mwcnf,20,71,53,5.350706577301025,True,43191.0,43191.0,0.05
339,wuf20-0403.mwcnf,20,71,9,0.9543092250823975,True,76380.0,76380.0,0.02
340,wuf20-0404.mwcnf,20,71,500,55.83140277862549,False,52121.0,51424.0,0.060000000000000005
341,wuf20-0405.mwcnf,20,71,500,57.40673851966858,False,42433.0,42281.0,0.060000000000000005
342,wuf20-0406.mwcnf,20,71,5,0.6405541896820068,True,67921.0,67921.0,0.02
343,wuf20-0407.mwcnf,20,71,11,1.3780715465545654,True,65942.0,65942.0,0.03
344,wuf20-0408.mwcnf,20,71,9,1.013136863708496,True,81246.0,81246.0,0.02
345,wuf20-0409.mwcnf,20,71,8,1.2542030811309814,True,47706.0,47706.0,0.02
346,wuf20-041.mwcnf,20,71,8,1.361466646194458,True,73645.0,73645.0,0.02
347,wuf20-0410.mwcnf,20,71,8,1.0489263534545898,True,76471.0,76471.0,0.02
348,wuf20-0411.mwcnf,20,71,7,0.8107993602752686,True,76019.0,76019.0,0.02
349,wuf20-0412.mwcnf,20,71,8,1.0987861156463623,True,65727.0,65727.0,0.03
350,wuf20-0413.mwcnf,20,71,7,0.7035276889801025,True,77682.0,77682.0,0.02
351,wuf20-0414.mwcnf,20,71,7,0.8484373092651367,True,73618.0,73618.0,0.02
352,wuf20-0415.mwcnf,20,71,8,0.7702312469482422,True,44894.0,44894.0,0.02
353,wuf20-0416.mwcnf,20,71,9,1.066589117050171,True,70245.0,70245.0,0.02
354,wuf20-0417.mwcnf,20,71,8,0.782942533493042,True,68087.0,68087.0,0.02
355,wuf20-0418.mwcnf,20,71,6,0.7238714694976807,True,67616.0,67616.0,0.02
356,wuf20-0419.mwcnf,20,71,7,1.0209839344024658,True,52215.0,52215.0,0.02
357,wuf20-042.mwcnf,20,71,11,1.224848985671997,True,61651.0,61651.0,0.02
358,wuf20-0420.mwcnf,20,71,10,1.5628173351287842,True,65787.0,65787.0,0.02
359,wuf20-0421.mwcnf,20,71,291,32.44235134124756,True,48392.0,48392.0,0.060000000000000005
360,wuf20-0422.mwcnf,20,71,9,1.0792839527130127,True,81785.0,81785.0,0.02
361,wuf20-0423.mwcnf,20,71,8,0.8149080276489258,True,54788.0,54788.0,0.02
362,wuf20-0424.mwcnf,20,71,7,0.7515444755554199,True,59048.0,59048.0,0.02
363,wuf20-0425.mwcnf,20,71,12,1.5283620357513428,True,59536.0,59536.0,0.03
364,wuf20-0426.mwcnf,20,71,16,1.6116783618927002,True,59527.0,59527.0,0.03
365,wuf20-0427.mwcnf,20,71,16,1.5798120498657227,True,55820.0,55820.0,0.03
366,wuf20-0428.mwcnf,20,71,20,2.310555934906006,True,47598.0,47598.0,0.060000000000000005
367,wuf20-0429.mwcnf,20,71,10,1.1707181930541992,True,77106.0,77106.0,0.02
368,wuf20-043.mwcnf,20,71,8,1.193842887878418,True,51315.0,51315.0,0.02
369,wuf20-0430.mwcnf,20,71,13,1.9518318176269531,True,50414.0,50414.0,0.02
370,wuf20-0431.mwcnf,20,71,8,0.8721358776092529,True,63439.0,63439.0,0.02
371,wuf20-0432.mwcnf,20,71,14,1.3679249286651611,True,64334.0,64334.0,0.03
372,wuf20-0433.mwcnf,20,71,7,0.8314793109893799,True,55467.0,55467.0,0.02
373,wuf20-0434.mwcnf,20,71,10,1.2940351963043213,True,64292.0,64292.0,0.02
374,wuf20-0435.mwcnf,20,71,11,1.1480610370635986,True,61996.0,61996.0,0.02
375,wuf20-0436.mwcnf,20,71,7,0.750490665435791,True,66344.0,66344.0,0.02
376,wuf20-0437.mwcnf,20,71,9,1.0220930576324463,True,49285.0,49285.0,0.02
377,wuf20-0438.mwcnf,20,71,11,1.012610673904419,True,54372.0,54372.0,0.02
378,wuf20-0439.mwcnf,20,71,500,59.073272466659546,False,62407.0,62276.0,0.08
379,wuf20-044.mwcnf,20,71,9,0.9064075946807861,True,52434.0,52434.0,0.02
380,wuf20-0440.mwcnf,20,71,10,1.1646878719329834,True,47307.0,47307.0,0.02
381,wuf20-0441.mwcnf,20,71,8,0.9658079147338867,True,65505.0,65505.0,0.02
382,wuf20-0442.mwcnf,20,71,12,1.286646842956543,True,48448.0,48448.0,0.02
383,wuf20-0443.mwcnf,20,71,10,0.9859292507171631,True,56771.0,56771.0,0.02
384,wuf20-0444.mwcnf,20,71,500,57.73594784736633,False,56370.0,56160.0,0.07
385,wuf20-0445.mwcnf,20,71,8,0.7691328525543213,True,57139.0,57139.0,0.02
386,wuf20-0446.mwcnf,20,71,10,1.0907354354858398,True,57297.0,57297.0,0.02
387,wuf20-0447.mwcnf,20,71,11,1.1338956356048584,True,60888.0,60888.0,0.02
388,wuf20-0448.mwcnf,20,71,6,0.6728718280792236,True,80620.0,80620.0,0.02
389,wuf20-0449.mwcnf,20,71,10,1.1702842712402344,True,64481.0,64481.0,0.02
390,wuf20-045.mwcnf,20,71,23,3.1525230407714844,True,59646.0,59646.0,0.04
391,wuf20-0450.mwcnf,20,71,21,2.5191149711608887,True,47441.0,47441.0,0.04
392,wuf20-0451.mwcnf,20,71,8,0.8752384185791016,True,62193.0,62193.0,0.02
393,wuf20-0452.mwcnf,20,71,9,1.001643180847168,True,54561.0,54561.0,0.02
394,wuf20-0453.mwcnf,20,71,9,0.9702978134155273,True,52995.0,52995.0,0.02
395,wuf20-0454.mwcnf,20,71,15,1.7821025848388672,True,62883.0,62883.0,0.03
396,wuf20-0455.mwcnf,20,71,9,1.5023870468139648,True,58836.0,58836.0,0.02
397,wuf20-0456.mwcnf,20,71,7,0.9665267467498779,True,69203.0,69203.0,0.02
398,wuf20-0457.mwcnf,20,71,10,1.4116837978363037,True,60907.0,60907.0,0.02
399,wuf20-0458.mwcnf,20,71,10,1.0015087127685547,True,60760.0,60760.0,0.03
400,wuf20-0459.mwcnf,20,71,10,1.2637510299682617,True,51965.0,51965.0,0.02
401,wuf20-046.mwcnf,20,71,7,0.6991279125213623,True,73179.0,73179.0,0.02
402,wuf20-0460.mwcnf,20,71,9,1.0563762187957764,True,67374.0,67374.0,0.02
403,wuf20-0461.mwcnf,20,71,8,0.8300516605377197,True,85913.0,85913.0,0.02
404,wuf20-0462.mwcnf,20,71,12,1.3577139377593994,True,99526.0,99526.0,0.03
405,wuf20-0463.mwcnf,20,71,8,0.8118550777435303,True,70346.0,70346.0,0.02
406,wuf20-0464.mwcnf,20,71,10,1.0857489109039307,True,60033.0,60033.0,0.03
407,wuf20-0465.mwcnf,20,71,9,1.0609667301177979,True,74384.0,74384.0,0.02
408,wuf20-0466.mwcnf,20,71,200,21.966349363327026,True,58670.0,58670.0,0.05
409,wuf20-0467.mwcnf,20,71,46,5.021953344345093,True,67457.0,67457.0,0.05
410,wuf20-0468.mwcnf,20,71,9,0.9703946113586426,True,67407.0,67407.0,0.02
411,wuf20-0469.mwcnf,20,71,83,8.822949171066284,True,66216.0,66216.0,0.060000000000000005
412,wuf20-047.mwcnf,20,71,8,1.0512006282806396,True,83852.0,83852.0,0.02
413,wuf20-0470.mwcnf,20,71,9,1.4659481048583984,True,79345.0,79345.0,0.02
414,wuf20-0471.mwcnf,20,71,9,0.9716479778289795,True,73763.0,73763.0,0.02
415,wuf20-0472.mwcnf,20,71,11,1.1137945652008057,True,91847.0,91847.0,0.02
416,wuf20-0473.mwcnf,20,71,9,0.9829854965209961,True,86197.0,86197.0,0.02
417,wuf20-0474.mwcnf,20,71,9,1.0790410041809082,True,80155.0,80155.0,0.02
418,wuf20-0475.mwcnf,20,71,8,0.9387326240539551,True,76767.0,76767.0,0.02
419,wuf20-0476.mwcnf,20,71,9,0.9129321575164795,True,87674.0,87674.0,0.02
420,wuf20-0477.mwcnf,20,71,9,1.1234338283538818,True,77960.0,77960.0,0.02
421,wuf20-0478.mwcnf,20,71,9,0.909398078918457,True,79124.0,79124.0,0.02
422,wuf20-0479.mwcnf,20,71,4,0.3601036071777344,True,70456.0,70456.0,0.02
423,wuf20-048.mwcnf,20,71,11,1.1739909648895264,True,88827.0,88827.0,0.03
424,wuf20-0480.mwcnf,20,71,6,0.7764415740966797,True,88786.0,88786.0,0.02
425,wuf20-0481.mwcnf,20,71,8,0.941878080368042,True,83772.0,83772.0,0.02
426,wuf20-0482.mwcnf,20,71,10,1.0422449111938477,True,69633.0,69633.0,0.02
427,wuf20-0483.mwcnf,20,71,9,1.0113155841827393,True,76829.0,76829.0,0.02
428,wuf20-0484.mwcnf,20,71,500,60.43549466133118,False,66115.0,65104.0,0.07
429,wuf20-0485.mwcnf,20,71,9,1.2631049156188965,True,70621.0,70621.0,0.02
430,wuf20-0486.mwcnf,20,71,32,3.3653037548065186,True,59662.0,59662.0,0.04
431,wuf20-0487.mwcnf,20,71,9,1.048818588256836,True,93059.0,93059.0,0.02
432,wuf20-0488.mwcnf,20,71,8,0.8945291042327881,True,88988.0,88988.0,0.02
433,wuf20-0489.mwcnf,20,71,9,0.9084231853485107,True,89080.0,89080.0,0.02
434,wuf20-049.mwcnf,20,71,9,1.0015199184417725,True,79539.0,79539.0,0.02
435,wuf20-0490.mwcnf,20,71,10,1.1863605976104736,True,95855.0,95855.0,0.02
436,wuf20-0491.mwcnf,20,71,8,0.8007521629333496,True,91399.0,91399.0,0.02
437,wuf20-0492.mwcnf,20,71,9,0.9703218936920166,True,79692.0,79692.0,0.02
438,wuf20-0493.mwcnf,20,71,16,1.7085509300231934,True,75344.0,75344.0,0.03
439,wuf20-0494.mwcnf,20,71,7,0.7389311790466309,True,84756.0,84756.0,0.02
440,wuf20-0495.mwcnf,20,71,8,0.8476099967956543,True,67400.0,67400.0,0.02
441,wuf20-0496.mwcnf,20,71,9,1.0477778911590576,True,84389.0,84389.0,0.02
442,wuf20-0497.mwcnf,20,71,8,0.7558915615081787,True,53480.0,53480.0,0.02
443,wuf20-0498.mwcnf,20,71,8,0.8396172523498535,True,80143.0,80143.0,0.02
444,wuf20-0499.mwcnf,20,71,16,1.7685983180999756,True,98773.0,98773.0,0.08
445,wuf20-05.mwcnf,20,71,10,1.3131682872772217,True,118245.0,118245.0,0.02
446,wuf20-050.mwcnf,20,71,10,1.0332047939300537,True,68818.0,68818.0,0.02
447,wuf20-0500.mwcnf,20,71,37,5.1000261306762695,True,57820.0,57820.0,0.05
448,wuf20-0501.mwcnf,20,71,7,1.063044786453247,True,82023.0,82023.0,0.02
449,wuf20-0502.mwcnf,20,71,8,0.9386382102966309,True,83121.0,83121.0,0.02
450,wuf20-0503.mwcnf,20,71,20,2.1249325275421143,True,62940.0,62940.0,0.04
451,wuf20-0504.mwcnf,20,71,11,1.3630805015563965,True,70290.0,70290.0,0.03
452,wuf20-0505.mwcnf,20,71,11,1.2955856323242188,True,75782.0,75782.0,0.02
453,wuf20-0506.mwcnf,20,71,8,0.8635125160217285,True,94297.0,94297.0,0.02
454,wuf20-0507.mwcnf,20,71,10,1.123384714126587,True,62978.0,62978.0,0.02
455,wuf20-0508.mwcnf,20,71,10,1.0818049907684326,True,57798.0,57798.0,0.03
456,wuf20-0509.mwcnf,20,71,11,1.2199139595031738,True,67822.0,67822.0,0.03
457,wuf20-051.mwcnf,20,71,11,1.2804369926452637,True,83057.0,83057.0,0.03
458,wuf20-0510.mwcnf,20,71,13,1.4248614311218262,True,65871.0,65871.0,0.02
459,wuf20-0511.mwcnf,20,71,12,1.3664546012878418,True,82113.0,82113.0,0.02
460,wuf20-0512.mwcnf,20,71,9,0.9859068393707275,True,67588.0,67588.0,0.02
461,wuf20-0513.mwcnf,20,71,18,1.8577115535736084,True,68058.0,68058.0,0.05
462,wuf20-0514.mwcnf,20,71,9,0.8813943862915039,True,87054.0,87054.0,0.02
463,wuf20-0515.mwcnf,20,71,10,1.1269822120666504,True,76173.0,76173.0,0.02
464,wuf20-0516.mwcnf,20,71,11,2.11409854888916,True,86249.0,86249.0,0.03
465,wuf20-0517.mwcnf,20,71,7,0.9299674034118652,True,81872.0,81872.0,0.02
466,wuf20-0518.mwcnf,20,71,500,63.30204725265503,False,79243.0,79082.0,0.09
467,wuf20-0519.mwcnf,20,71,7,0.8810250759124756,True,76590.0,76590.0,0.02
468,wuf20-052.mwcnf,20,71,8,1.0311305522918701,True,93600.0,93600.0,0.02
469,wuf20-0520.mwcnf,20,71,7,0.8275423049926758,True,84178.0,84178.0,0.02
470,wuf20-0521.mwcnf,20,71,500,56.2838773727417,False,64272.0,64214.0,0.060000000000000005
471,wuf20-0522.mwcnf,20,71,11,1.2796814441680908,True,76803.0,76803.0,0.02
472,wuf20-0523.mwcnf,20,71,7,1.2547287940979004,True,82300.0,82300.0,0.02
473,wuf20-0524.mwcnf,20,71,14,1.7792019844055176,True,74477.0,74477.0,0.02
474,wuf20-0525.mwcnf,20,71,4,0.40847015380859375,True,74695.0,74695.0,0.02
475,wuf20-0526.mwcnf,20,71,7,0.9402451515197754,True,79189.0,79189.0,0.02
476,wuf20-0527.mwcnf,20,71,10,0.9859836101531982,True,90604.0,90604.0,0.02
477,wuf20-0528.mwcnf,20,71,11,1.2368464469909668,True,74454.0,74454.0,0.02
478,wuf20-0529.mwcnf,20,71,11,1.153226375579834,True,90604.0,90604.0,0.03
479,wuf20-053.mwcnf,20,71,10,1.0825927257537842,True,93495.0,93495.0,0.02
480,wuf20-0530.mwcnf,20,71,9,0.8618755340576172,True,77152.0,77152.0,0.02
481,wuf20-0531.mwcnf,20,71,8,0.8434019088745117,True,86009.0,86009.0,0.02
482,wuf20-0532.mwcnf,20,71,9,1.0891356468200684,True,63982.0,63982.0,0.02
483,wuf20-0533.mwcnf,20,71,8,0.8661923408508301,True,85596.0,85596.0,0.03
484,wuf20-0534.mwcnf,20,71,8,0.7977583408355713,True,84375.0,84375.0,0.02
485,wuf20-0535.mwcnf,20,71,8,0.7757141590118408,True,50067.0,50067.0,0.02
486,wuf20-0536.mwcnf,20,71,7,0.7451603412628174,True,71007.0,71007.0,0.02
487,wuf20-0537.mwcnf,20,71,5,0.43144989013671875,True,84106.0,84106.0,0.02
488,wuf20-0538.mwcnf,20,71,10,1.049424409866333,True,70933.0,70933.0,0.02
489,wuf20-0539.mwcnf,20,71,9,0.9319908618927002,True,75640.0,75640.0,0.02
490,wuf20-054.mwcnf,20,71,500,57.23662495613098,False,61580.0,60766.0,0.07
491,wuf20-0540.mwcnf,20,71,11,1.2946159839630127,True,68426.0,68426.0,0.02
492,wuf20-0541.mwcnf,20,71,9,1.1374428272247314,True,64584.0,64584.0,0.02
493,wuf20-0542.mwcnf,20,71,11,1.5460858345031738,True,83367.0,83367.0,0.02
494,wuf20-0543.mwcnf,20,71,7,0.7474579811096191,True,85383.0,85383.0,0.02
495,wuf20-0544.mwcnf,20,71,7,0.8092062473297119,True,75472.0,75472.0,0.02
496,wuf20-0545.mwcnf,20,71,8,0.9109556674957275,True,82290.0,82290.0,0.02
497,wuf20-0546.mwcnf,20,71,8,1.1264879703521729,True,70487.0,70487.0,0.02
498,wuf20-0547.mwcnf,20,71,12,1.3371000289916992,True,80256.0,80256.0,0.02
499,wuf20-0548.mwcnf,20,71,14,1.4588725566864014,True,62521.0,62521.0,0.03
500,wuf20-0549.mwcnf,20,71,7,0.7507302761077881,True,70315.0,70315.0,0.02
501,wuf20-055.mwcnf,20,71,9,0.8751566410064697,True,73317.0,73317.0,0.02
502,wuf20-0550.mwcnf,20,71,45,4.735825538635254,True,80351.0,80351.0,0.05
503,wuf20-0551.mwcnf,20,71,9,0.9500858783721924,True,69737.0,69737.0,0.02
504,wuf20-0552.mwcnf,20,71,7,0.9467921257019043,True,87764.0,87764.0,0.02
505,wuf20-0553.mwcnf,20,71,7,0.6573936939239502,True,58701.0,58701.0,0.02
506,wuf20-0554.mwcnf,20,71,10,1.1272995471954346,True,104642.0,104642.0,0.02
507,wuf20-0555.mwcnf,20,71,9,1.0167853832244873,True,78119.0,78119.0,0.02
508,wuf20-0556.mwcnf,20,71,11,1.3453433513641357,True,95736.0,95736.0,0.03
509,wuf20-0557.mwcnf,20,71,11,1.158203125,True,59277.0,59277.0,0.02
510,wuf20-0558.mwcnf,20,71,8,0.7549278736114502,True,55579.0,55579.0,0.02
511,wuf20-0559.mwcnf,20,71,8,1.105684518814087,True,67337.0,67337.0,0.02
512,wuf20-056.mwcnf,20,71,9,0.9230763912200928,True,76523.0,76523.0,0.02
513,wuf20-0560.mwcnf,20,71,9,0.9557740688323975,True,88191.0,88191.0,0.02
514,wuf20-0561.mwcnf,20,71,7,0.8931598663330078,True,88073.0,88073.0,0.02
515,wuf20-0562.mwcnf,20,71,44,4.805808067321777,True,71269.0,71269.0,0.05
516,wuf20-0563.mwcnf,20,71,8,0.871412992477417,True,76901.0,76901.0,0.02
517,wuf20-0564.mwcnf,20,71,9,1.099053144454956,True,68439.0,68439.0,0.02
518,wuf20-0565.mwcnf,20,71,9,0.940615177154541,True,70743.0,70743.0,0.02
519,wuf20-0566.mwcnf,20,71,10,1.053746223449707,True,71185.0,71185.0,0.03
520,wuf20-0567.mwcnf,20,71,11,1.168466329574585,True,69001.0,69001.0,0.02
521,wuf20-0568.mwcnf,20,71,9,1.1783161163330078,True,80811.0,80811.0,0.02
522,wuf20-0569.mwcnf,20,71,9,0.9380593299865723,True,56375.0,56375.0,0.02
523,wuf20-057.mwcnf,20,71,6,0.641756534576416,True,94918.0,94918.0,0.02
524,wuf20-0570.mwcnf,20,71,10,1.1115481853485107,True,73971.0,73971.0,0.02
525,wuf20-0571.mwcnf,20,71,7,0.835911750793457,True,80599.0,80599.0,0.02
526,wuf20-0572.mwcnf,20,71,15,2.094691276550293,True,74480.0,74480.0,0.060000000000000005
527,wuf20-0573.mwcnf,20,71,7,0.7760782241821289,True,80639.0,80639.0,0.02
528,wuf20-0574.mwcnf,20,71,7,0.8655414581298828,True,92295.0,92295.0,0.02
529,wuf20-0575.mwcnf,20,71,8,0.9028794765472412,True,69203.0,69203.0,0.02
530,wuf20-0576.mwcnf,20,71,10,1.0672049522399902,True,76442.0,76442.0,0.02
531,wuf20-0577.mwcnf,20,71,8,1.0477828979492188,True,58691.0,58691.0,0.02
532,wuf20-0578.mwcnf,20,71,13,1.2311978340148926,True,87594.0,87594.0,0.04
533,wuf20-0579.mwcnf,20,71,13,1.327275276184082,True,85217.0,85217.0,0.03
534,wuf20-058.mwcnf,20,71,7,0.8144364356994629,True,72267.0,72267.0,0.02
535,wuf20-0580.mwcnf,20,71,9,0.9073836803436279,True,71670.0,71670.0,0.02
536,wuf20-0581.mwcnf,20,71,9,1.0508630275726318,True,81404.0,81404.0,0.03
537,wuf20-0582.mwcnf,20,71,7,0.6507980823516846,True,90810.0,90810.0,0.02
538,wuf20-0583.mwcnf,20,71,9,1.0171902179718018,True,80290.0,80290.0,0.02
539,wuf20-0584.mwcnf,20,71,18,2.5557069778442383,True,55376.0,55376.0,0.02
540,wuf20-0585.mwcnf,20,71,8,1.1681108474731445,True,92210.0,92210.0,0.02
541,wuf20-0586.mwcnf,20,71,11,1.2523653507232666,True,79296.0,79296.0,0.03
542,wuf20-0587.mwcnf,20,71,8,1.047940969467163,True,52552.0,52552.0,0.02
543,wuf20-0588.mwcnf,20,71,11,1.2954261302947998,True,68604.0,68604.0,0.02
544,wuf20-0589.mwcnf,20,71,8,1.2011220455169678,True,100048.0,100048.0,0.02
545,wuf20-059.mwcnf,20,71,17,2.2600979804992676,True,141040.0,141040.0,0.03
546,wuf20-0590.mwcnf,20,71,21,2.276090383529663,True,58103.0,58103.0,0.04
547,wuf20-0591.mwcnf,20,71,12,1.2489800453186035,True,67198.0,67198.0,0.02
548,wuf20-0592.mwcnf,20,71,9,1.0893924236297607,True,68794.0,68794.0,0.02
549,wuf20-0593.mwcnf,20,71,8,1.0145633220672607,True,72419.0,72419.0,0.02
550,wuf20-0594.mwcnf,20,71,10,1.55570650100708,True,79611.0,79611.0,0.02
551,wuf20-0595.mwcnf,20,71,26,4.156777381896973,True,76879.0,76879.0,0.05
552,wuf20-0596.mwcnf,20,71,10,1.4402995109558105,True,68169.0,68169.0,0.02
553,wuf20-0597.mwcnf,20,71,14,1.7363245487213135,True,121087.0,121087.0,0.04
554,wuf20-0598.mwcnf,20,71,10,1.131420612335205,True,136919.0,136919.0,0.03
555,wuf20-0599.mwcnf,20,71,8,0.9266390800476074,True,113307.0,113307.0,0.03
556,wuf20-06.mwcnf,20,71,11,1.315232515335083,True,160727.0,160727.0,0.02
557,wuf20-060.mwcnf,20,71,8,0.892056941986084,True,167570.0,167570.0,0.02
558,wuf20-0600.mwcnf,20,71,13,1.5027050971984863,True,95222.0,95222.0,0.02
559,wuf20-0601.mwcnf,20,71,11,1.2044332027435303,True,122072.0,122072.0,0.03
560,wuf20-0602.mwcnf,20,71,5,0.7189726829528809,True,142527.0,142527.0,0.02
561,wuf20-0603.mwcnf,20,71,8,0.7198941707611084,True,128330.0,128330.0,0.02
562,wuf20-0604.mwcnf,20,71,7,0.7154934406280518,True,152622.0,152622.0,0.02
563,wuf20-0605.mwcnf,20,71,9,0.8759794235229492,True,118591.0,118591.0,0.02
564,wuf20-0606.mwcnf,20,71,12,1.2672054767608643,True,134421.0,134421.0,0.03
565,wuf20-0607.mwcnf,20,71,9,1.0272109508514404,True,147164.0,147164.0,0.02
566,wuf20-0608.mwcnf,20,71,233,28.25360870361328,True,104965.0,104965.0,0.07
567,wuf20-0609.mwcnf,20,71,11,1.1164743900299072,True,114834.0,114834.0,0.02
568,wuf20-061.mwcnf,20,71,9,1.000509262084961,True,140633.0,140633.0,0.03
569,wuf20-0610.mwcnf,20,71,7,0.76741623878479,True,139853.0,139853.0,0.02
570,wuf20-0611.mwcnf,20,71,16,1.8464267253875732,True,123564.0,123564.0,0.03
571,wuf20-0612.mwcnf,20,71,10,1.141254186630249,True,96794.0,96794.0,0.02
572,wuf20-0613.mwcnf,20,71,6,0.7518501281738281,True,113404.0,113404.0,0.02
573,wuf20-0614.mwcnf,20,71,13,1.3266913890838623,True,138868.0,138868.0,0.02
574,wuf20-0615.mwcnf,20,71,8,0.9552814960479736,True,126700.0,126700.0,0.02
575,wuf20-0616.mwcnf,20,71,10,1.1894097328186035,True,90979.0,90979.0,0.02
576,wuf20-0617.mwcnf,20,71,10,1.1737663745880127,True,116238.0,116238.0,0.02
577,wuf20-0618.mwcnf,20,71,7,0.8434338569641113,True,154914.0,154914.0,0.02
578,wuf20-0619.mwcnf,20,71,8,0.8719823360443115,True,135879.0,135879.0,0.02
579,wuf20-062.mwcnf,20,71,13,1.3657782077789307,True,92670.0,92670.0,0.02
580,wuf20-0620.mwcnf,20,71,9,1.1093196868896484,True,105792.0,105792.0,0.02
581,wuf20-0621.mwcnf,20,71,11,1.1701276302337646,True,145485.0,145485.0,0.03
582,wuf20-0622.mwcnf,20,71,9,1.0448064804077148,True,93177.0,93177.0,0.02
583,wuf20-0623.mwcnf,20,71,6,0.6695859432220459,True,142670.0,142670.0,0.02
584,wuf20-0624.mwcnf,20,71,11,1.237156867980957,True,112902.0,112902.0,0.03
585,wuf20-0625.mwcnf,20,71,9,0.9037468433380127,True,136442.0,136442.0,0.02
586,wuf20-0626.mwcnf,20,71,17,2.208056926727295,True,116228.0,116228.0,0.03
587,wuf20-0627.mwcnf,20,71,10,1.001638412475586,True,126445.0,126445.0,0.02
588,wuf20-0628.mwcnf,20,71,7,0.789135217666626,True,161265.0,161265.0,0.02
589,wuf20-0629.mwcnf,20,71,8,0.7691483497619629,True,154300.0,154300.0,0.02
590,wuf20-063.mwcnf,20,71,8,1.0655021667480469,True,127330.0,127330.0,0.02
591,wuf20-0630.mwcnf,20,71,9,0.985929012298584,True,133422.0,133422.0,0.02
592,wuf20-0631.mwcnf,20,71,8,0.828289270401001,True,137059.0,137059.0,0.02
593,wuf20-0632.mwcnf,20,71,16,1.6639087200164795,True,129738.0,129738.0,0.03
594,wuf20-0633.mwcnf,20,71,9,0.9282190799713135,True,133726.0,133726.0,0.02
595,wuf20-0634.mwcnf,20,71,6,0.5792431831359863,True,122529.0,122529.0,0.02
596,wuf20-0635.mwcnf,20,71,11,1.1898057460784912,True,154762.0,154762.0,0.02
597,wuf20-0636.mwcnf,20,71,9,1.093473196029663,True,110362.0,110362.0,0.02
598,wuf20-0637.mwcnf,20,71,12,1.5230309963226318,True,95890.0,95890.0,0.03
599,wuf20-0638.mwcnf,20,71,9,0.9844205379486084,True,124856.0,124856.0,0.02
600,wuf20-0639.mwcnf,20,71,10,1.3268344402313232,True,155645.0,155645.0,0.02
601,wuf20-064.mwcnf,20,71,500,55.95136475563049,False,110451.0,109983.0,0.07
602,wuf20-0640.mwcnf,20,71,9,1.0623235702514648,True,114917.0,114917.0,0.02
603,wuf20-0641.mwcnf,20,71,6,0.6049644947052002,True,123950.0,123950.0,0.02
604,wuf20-0642.mwcnf,20,71,11,1.2255644798278809,True,106641.0,106641.0,0.03
605,wuf20-0643.mwcnf,20,71,7,0.6586778163909912,True,132691.0,132691.0,0.02
606,wuf20-0644.mwcnf,20,71,11,1.0800409317016602,True,142907.0,142907.0,0.03
607,wuf20-0645.mwcnf,20,71,9,0.9376749992370605,True,125253.0,125253.0,0.02
608,wuf20-0646.mwcnf,20,71,15,2.14717698097229,True,138149.0,138149.0,0.03
609,wuf20-0647.mwcnf,20,71,8,1.0633583068847656,True,122357.0,122357.0,0.02
610,wuf20-0648.mwcnf,20,71,12,2.0770273208618164,True,137506.0,137506.0,0.02
611,wuf20-0649.mwcnf,20,71,7,0.7390496730804443,True,116562.0,116562.0,0.02
612,wuf20-065.mwcnf,20,71,7,0.7364704608917236,True,141974.0,141974.0,0.02
613,wuf20-0650.mwcnf,20,71,9,0.8232736587524414,True,106258.0,106258.0,0.02
614,wuf20-0651.mwcnf,20,71,10,0.892803430557251,True,132584.0,132584.0,0.03
615,wuf20-0652.mwcnf,20,71,8,1.0131323337554932,True,131009.0,131009.0,0.02
616,wuf20-0653.mwcnf,20,71,7,0.8127889633178711,True,118744.0,118744.0,0.02
617,wuf20-0654.mwcnf,20,71,10,1.0739705562591553,True,118868.0,118868.0,0.02
618,wuf20-0655.mwcnf,20,71,10,1.030378818511963,True,109190.0,109190.0,0.02
619,wuf20-0656.mwcnf,20,71,26,2.8500800132751465,True,99946.0,99946.0,0.03
620,wuf20-0657.mwcnf,20,71,10,0.9426393508911133,True,120716.0,120716.0,0.02
621,wuf20-0658.mwcnf,20,71,9,0.8020446300506592,True,115970.0,115970.0,0.02
622,wuf20-0659.mwcnf,20,71,8,0.8747105598449707,True,130360.0,130360.0,0.02
623,wuf20-066.mwcnf,20,71,9,1.0640168190002441,True,158607.0,158607.0,0.02
624,wuf20-0660.mwcnf,20,71,9,1.0267066955566406,True,137562.0,137562.0,0.02
625,wuf20-0661.mwcnf,20,71,8,1.083998441696167,True,152813.0,152813.0,0.02
626,wuf20-0662.mwcnf,20,71,6,0.6841292381286621,True,144884.0,144884.0,0.02
627,wuf20-0663.mwcnf,20,71,10,0.908484935760498,True,107074.0,107074.0,0.02
628,wuf20-0664.mwcnf,20,71,9,0.9372758865356445,True,164271.0,164271.0,0.02
629,wuf20-0665.mwcnf,20,71,10,1.0756258964538574,True,124820.0,124820.0,0.03
630,wuf20-0666.mwcnf,20,71,9,1.0695171356201172,True,119128.0,119128.0,0.02
631,wuf20-0667.mwcnf,20,71,14,1.4952797889709473,True,123562.0,123562.0,0.03
632,wuf20-0668.mwcnf,20,71,12,1.1867327690124512,True,170409.0,170409.0,0.02
633,wuf20-0669.mwcnf,20,71,6,0.6251101493835449,True,136849.0,136849.0,0.02
634,wuf20-067.mwcnf,20,71,6,1.017104148864746,True,122730.0,122730.0,0.02
635,wuf20-0670.mwcnf,20,71,9,0.969322919845581,True,122584.0,122584.0,0.02
636,wuf20-0671.mwcnf,20,71,18,1.9697918891906738,True,131243.0,131243.0,0.04
637,wuf20-0672.mwcnf,20,71,10,1.0603694915771484,True,109822.0,109822.0,0.03
638,wuf20-0673.mwcnf,20,71,11,1.2237186431884766,True,73262.0,73262.0,0.02
639,wuf20-0674.mwcnf,20,71,6,0.6722538471221924,True,114887.0,114887.0,0.02
640,wuf20-0675.mwcnf,20,71,12,1.5468709468841553,True,142818.0,142818.0,0.03
641,wuf20-0676.mwcnf,20,71,10,1.1575186252593994,True,116861.0,116861.0,0.02
642,wuf20-0677.mwcnf,20,71,10,0.9193353652954102,True,128602.0,128602.0,0.02
643,wuf20-0678.mwcnf,20,71,9,1.0052387714385986,True,133110.0,133110.0,0.02
644,wuf20-0679.mwcnf,20,71,8,0.8288154602050781,True,167476.0,167476.0,0.02
645,wuf20-068.mwcnf,20,71,9,1.0323200225830078,True,143335.0,143335.0,0.02
646,wuf20-0680.mwcnf,20,71,8,0.8928976058959961,True,166072.0,166072.0,0.02
647,wuf20-0681.mwcnf,20,71,10,1.1645712852478027,True,133514.0,133514.0,0.02
648,wuf20-0682.mwcnf,20,71,7,0.9573104381561279,True,112958.0,112958.0,0.02
649,wuf20-0683.mwcnf,20,71,9,1.1468696594238281,True,97884.0,97884.0,0.02
650,wuf20-0684.mwcnf,20,71,10,0.9700684547424316,True,132774.0,132774.0,0.02
651,wuf20-0685.mwcnf,20,71,10,1.1262848377227783,True,128598.0,128598.0,0.02
652,wuf20-0686.mwcnf,20,71,10,1.2452666759490967,True,105352.0,105352.0,0.02
653,wuf20-0687.mwcnf,20,71,9,1.0624966621398926,True,116992.0,116992.0,0.02
654,wuf20-0688.mwcnf,20,71,12,1.2682652473449707,True,145984.0,145984.0,0.02
655,wuf20-0689.mwcnf,20,71,500,61.149245500564575,False,115454.0,112324.0,0.07
656,wuf20-069.mwcnf,20,71,10,1.3714823722839355,True,146229.0,146229.0,0.02
657,wuf20-0690.mwcnf,20,71,11,1.3956201076507568,True,139264.0,139264.0,0.02
658,wuf20-0691.mwcnf,20,71,11,1.3624608516693115,True,124598.0,124598.0,0.03
659,wuf20-0692.mwcnf,20,71,9,1.1247940063476562,True,155872.0,155872.0,0.02
660,wuf20-0693.mwcnf,20,71,9,0.9240198135375977,True,117297.0,117297.0,0.02
661,wuf20-0694.mwcnf,20,71,10,0.9711565971374512,True,123420.0,123420.0,0.03
662,wuf20-0695.mwcnf,20,71,9,0.9055764675140381,True,167599.0,167599.0,0.02
663,wuf20-0696.mwcnf,20,71,9,1.1866884231567383,True,110199.0,110199.0,0.03
664,wuf20-0697.mwcnf,20,71,9,0.906937837600708,True,142967.0,142967.0,0.02
665,wuf20-0698.mwcnf,20,71,8,0.9344038963317871,True,162146.0,162146.0,0.02
666,wuf20-0699.mwcnf,20,71,8,0.8333609104156494,True,130954.0,130954.0,0.03
667,wuf20-07.mwcnf,20,71,500,58.77061176300049,False,121524.0,118340.0,0.060000000000000005
668,wuf20-070.mwcnf,20,71,10,0.9398794174194336,True,138270.0,138270.0,0.02
669,wuf20-0700.mwcnf,20,71,11,1.188629150390625,True,139485.0,139485.0,0.02
670,wuf20-0701.mwcnf,20,71,8,1.7333955764770508,True,121780.0,121780.0,0.02
671,wuf20-0702.mwcnf,20,71,7,0.9853963851928711,True,149066.0,149066.0,0.02
672,wuf20-0703.mwcnf,20,71,10,1.5814087390899658,True,127438.0,127438.0,0.03
673,wuf20-0704.mwcnf,20,71,7,0.8907122611999512,True,105757.0,105757.0,0.02
674,wuf20-0705.mwcnf,20,71,7,0.8445274829864502,True,166348.0,166348.0,0.03
675,wuf20-0706.mwcnf,20,71,9,1.0907986164093018,True,140356.0,140356.0,0.02
676,wuf20-0707.mwcnf,20,71,6,0.770923376083374,True,135515.0,135515.0,0.02
677,wuf20-0708.mwcnf,20,71,15,1.6276524066925049,True,145738.0,145738.0,0.05
678,wuf20-0709.mwcnf,20,71,7,0.7451536655426025,True,166870.0,166870.0,0.02
679,wuf20-071.mwcnf,20,71,8,0.935662031173706,True,120025.0,120025.0,0.02
680,wuf20-0710.mwcnf,20,71,9,1.3285892009735107,True,109874.0,109874.0,0.02
681,wuf20-0711.mwcnf,20,71,17,1.8166062831878662,True,88736.0,88736.0,0.03
682,wuf20-0712.mwcnf,20,71,11,1.4557089805603027,True,124813.0,124813.0,0.03
683,wuf20-0713.mwcnf,20,71,9,0.8866949081420898,True,143910.0,143910.0,0.02
684,wuf20-0714.mwcnf,20,71,11,1.3018419742584229,True,129903.0,129903.0,0.03
685,wuf20-0715.mwcnf,20,71,8,0.7389657497406006,True,103698.0,103698.0,0.02
686,wuf20-0716.mwcnf,20,71,9,0.9245743751525879,True,133298.0,133298.0,0.02
687,wuf20-0717.mwcnf,20,71,9,1.0277867317199707,True,93418.0,93418.0,0.02
688,wuf20-0718.mwcnf,20,71,9,1.1082348823547363,True,107816.0,107816.0,0.02
689,wuf20-0719.mwcnf,20,71,10,1.7001452445983887,True,124180.0,124180.0,0.03
690,wuf20-072.mwcnf,20,71,8,1.2995030879974365,True,122414.0,122414.0,0.02
691,wuf20-0720.mwcnf,20,71,10,1.205439805984497,True,152490.0,152490.0,0.02
692,wuf20-0721.mwcnf,20,71,4,0.41098976135253906,True,152756.0,152756.0,0.02
693,wuf20-0722.mwcnf,20,71,6,0.6527297496795654,True,127596.0,127596.0,0.02
694,wuf20-0723.mwcnf,20,71,6,0.8184638023376465,True,150819.0,150819.0,0.02
695,wuf20-0724.mwcnf,20,71,6,0.602931022644043,True,172267.0,172267.0,0.02
696,wuf20-0725.mwcnf,20,71,8,0.7988409996032715,True,137865.0,137865.0,0.02
697,wuf20-0726.mwcnf,20,71,9,1.2223174571990967,True,126405.0,126405.0,0.02
698,wuf20-0727.mwcnf,20,71,10,1.0243821144104004,True,142679.0,142679.0,0.02
699,wuf20-0728.mwcnf,20,71,12,1.1642718315124512,True,112480.0,112480.0,0.04
700,wuf20-0729.mwcnf,20,71,9,0.8917818069458008,True,109982.0,109982.0,0.02
701,wuf20-073.mwcnf,20,71,11,1.4017717838287354,True,173844.0,173844.0,0.02
702,wuf20-0730.mwcnf,20,71,7,1.1555368900299072,True,119211.0,119211.0,0.02
703,wuf20-0731.mwcnf,20,71,10,1.531580924987793,True,124368.0,124368.0,0.02
704,wuf20-0732.mwcnf,20,71,5,0.5631546974182129,True,136113.0,136113.0,0.02
705,wuf20-0733.mwcnf,20,71,7,0.8993105888366699,True,134813.0,134813.0,0.02
706,wuf20-0734.mwcnf,20,71,7,0.8158843517303467,True,181808.0,181808.0,0.02
707,wuf20-0735.mwcnf,20,71,7,0.7554609775543213,True,121185.0,121185.0,0.02
708,wuf20-0736.mwcnf,20,71,10,1.0327799320220947,True,129674.0,129674.0,0.02
709,wuf20-0737.mwcnf,20,71,10,1.072145700454712,True,105308.0,105308.0,0.02
710,wuf20-0738.mwcnf,20,71,500,55.752455949783325,False,118372.0,118295.0,0.060000000000000005
711,wuf20-0739.mwcnf,20,71,6,0.5738260746002197,True,163319.0,163319.0,0.02
712,wuf20-074.mwcnf,20,71,9,0.9923336505889893,True,151830.0,151830.0,0.02
713,wuf20-0740.mwcnf,20,71,9,1.05401611328125,True,165178.0,165178.0,0.02
714,wuf20-0741.mwcnf,20,71,13,1.433777093887329,True,119598.0,119598.0,0.04
715,wuf20-0742.mwcnf,20,71,7,0.8173093795776367,True,147248.0,147248.0,0.02
716,wuf20-0743.mwcnf,20,71,113,12.123531818389893,True,125699.0,125699.0,0.09
717,wuf20-0744.mwcnf,20,71,500,57.64707708358765,False,140576.0,139223.0,0.07
718,wuf20-0745.mwcnf,20,71,7,0.7831087112426758,True,141421.0,141421.0,0.02
719,wuf20-0746.mwcnf,20,71,13,1.6750433444976807,True,158135.0,158135.0,0.02
720,wuf20-0747.mwcnf,20,71,18,2.1102828979492188,True,147775.0,147775.0,0.04
721,wuf20-0748.mwcnf,20,71,11,1.079049825668335,True,99589.0,99589.0,0.02
722,wuf20-0749.mwcnf,20,71,5,0.6265795230865479,True,191035.0,191035.0,0.02
723,wuf20-075.mwcnf,20,71,7,0.7297830581665039,True,115572.0,115572.0,0.02
724,wuf20-0750.mwcnf,20,71,8,0.8109946250915527,True,177754.0,177754.0,0.03
725,wuf20-0751.mwcnf,20,71,18,2.0339696407318115,True,109283.0,109283.0,0.04
726,wuf20-0752.mwcnf,20,71,7,1.3210420608520508,True,119259.0,119259.0,0.02
727,wuf20-0753.mwcnf,20,71,10,1.0328044891357422,True,129730.0,129730.0,0.02
728,wuf20-0754.mwcnf,20,71,15,1.7164571285247803,True,146771.0,146771.0,0.02
729,wuf20-0755.mwcnf,20,71,11,1.3850181102752686,True,142697.0,142697.0,0.03
730,wuf20-0756.mwcnf,20,71,8,1.0005807876586914,True,131587.0,131587.0,0.02
731,wuf20-0757.mwcnf,20,71,8,0.8073306083679199,True,161103.0,161103.0,0.02
732,wuf20-0758.mwcnf,20,71,8,1.0271470546722412,True,169560.0,169560.0,0.02
733,wuf20-0759.mwcnf,20,71,7,0.7143447399139404,True,150150.0,150150.0,0.02
734,wuf20-076.mwcnf,20,71,9,1.1329798698425293,True,117429.0,117429.0,0.02
735,wuf20-0760.mwcnf,20,71,10,1.094672679901123,True,132210.0,132210.0,0.02
736,wuf20-0761.mwcnf,20,71,9,1.0607924461364746,True,161043.0,161043.0,0.02
737,wuf20-0762.mwcnf,20,71,7,1.0111637115478516,True,144883.0,144883.0,0.02
738,wuf20-0763.mwcnf,20,71,8,1.243424654006958,True,169006.0,169006.0,0.02
739,wuf20-0764.mwcnf,20,71,8,0.9067273139953613,True,158857.0,158857.0,0.02
740,wuf20-0765.mwcnf,20,71,11,1.407285213470459,True,145496.0,145496.0,0.04
741,wuf20-0766.mwcnf,20,71,8,1.0327324867248535,True,133484.0,133484.0,0.02
742,wuf20-0767.mwcnf,20,71,10,0.9823436737060547,True,139015.0,139015.0,0.02
743,wuf20-0768.mwcnf,20,71,6,0.8320009708404541,True,116765.0,116765.0,0.02
744,wuf20-0769.mwcnf,20,71,8,0.7721273899078369,True,121113.0,121113.0,0.02
745,wuf20-077.mwcnf,20,71,13,1.7990872859954834,True,110528.0,110528.0,0.02
746,wuf20-0770.mwcnf,20,71,16,2.0862314701080322,True,164813.0,164813.0,0.03
747,wuf20-0771.mwcnf,20,71,9,0.9522669315338135,True,133782.0,133782.0,0.02
748,wuf20-0772.mwcnf,20,71,7,0.8105170726776123,True,148394.0,148394.0,0.02
749,wuf20-0773.mwcnf,20,71,7,1.0746397972106934,True,130442.0,130442.0,0.02
750,wuf20-0774.mwcnf,20,71,11,1.3191218376159668,True,113793.0,113793.0,0.03
751,wuf20-0775.mwcnf,20,71,21,2.4217677116394043,True,95439.0,95439.0,0.04
752,wuf20-0776.mwcnf,20,71,10,1.3335201740264893,True,133656.0,133656.0,0.02
753,wuf20-0777.mwcnf,20,71,8,1.0171449184417725,True,147406.0,147406.0,0.02
754,wuf20-0778.mwcnf,20,71,500,60.6900794506073,False,111131.0,111098.0,0.060000000000000005
755,wuf20-0779.mwcnf,20,71,6,0.8007526397705078,True,131362.0,131362.0,0.02
756,wuf20-078.mwcnf,20,71,8,1.0963268280029297,True,120098.0,120098.0,0.02
757,wuf20-0780.mwcnf,20,71,7,1.0936932563781738,True,157942.0,157942.0,0.02
758,wuf20-0781.mwcnf,20,71,9,1.001434564590454,True,125462.0,125462.0,0.02
759,wuf20-0782.mwcnf,20,71,9,1.2688746452331543,True,111430.0,111430.0,0.02
760,wuf20-0783.mwcnf,20,71,6,0.9039816856384277,True,145438.0,145438.0,0.02
761,wuf20-0784.mwcnf,20,71,19,2.7079405784606934,True,117084.0,117084.0,0.04
762,wuf20-0785.mwcnf,20,71,14,1.4560372829437256,True,106014.0,106014.0,0.02
763,wuf20-0786.mwcnf,20,71,8,0.8266158103942871,True,150465.0,150465.0,0.02
764,wuf20-0787.mwcnf,20,71,9,1.0803780555725098,True,104717.0,104717.0,0.03
765,wuf20-0788.mwcnf,20,71,9,1.0497612953186035,True,161821.0,161821.0,0.02
766,wuf20-0789.mwcnf,20,71,10,1.0680651664733887,True,165035.0,165035.0,0.02
767,wuf20-079.mwcnf,20,71,6,0.7935168743133545,True,123048.0,123048.0,0.02
768,wuf20-0790.mwcnf,20,71,500,57.42595911026001,False,151612.0,150803.0,0.07
769,wuf20-0791.mwcnf,20,71,10,1.1872930526733398,True,151976.0,151976.0,0.03
770,wuf20-0792.mwcnf,20,71,16,2.3289248943328857,True,91672.0,91672.0,0.04
771,wuf20-0793.mwcnf,20,71,16,1.8472020626068115,True,148118.0,148118.0,0.03
772,wuf20-0794.mwcnf,20,71,6,0.5764060020446777,True,158188.0,158188.0,0.02
773,wuf20-0795.mwcnf,20,71,6,0.6385889053344727,True,124227.0,124227.0,0.02
774,wuf20-0796.mwcnf,20,71,7,0.8134286403656006,True,116371.0,116371.0,0.02
775,wuf20-0797.mwcnf,20,71,8,0.8445296287536621,True,152946.0,152946.0,0.02
776,wuf20-0798.mwcnf,20,71,9,0.9960715770721436,True,165592.0,165592.0,0.02
777,wuf20-0799.mwcnf,20,71,16,2.0082454681396484,True,126850.0,126850.0,0.05
778,wuf20-08.mwcnf,20,71,9,1.0897648334503174,True,55181.0,55181.0,0.02
779,wuf20-080.mwcnf,20,71,8,0.7844269275665283,True,145486.0,145486.0,0.02
780,wuf20-0800.mwcnf,20,71,21,2.341366767883301,True,144693.0,144693.0,0.04
781,wuf20-0801.mwcnf,20,71,9,1.8920743465423584,True,177771.0,177771.0,0.02
782,wuf20-0802.mwcnf,20,71,17,2.0800528526306152,True,143230.0,143230.0,0.03
783,wuf20-0803.mwcnf,20,71,9,1.0860636234283447,True,150914.0,150914.0,0.02
784,wuf20-0804.mwcnf,20,71,6,0.7183058261871338,True,127609.0,127609.0,0.02
785,wuf20-0805.mwcnf,20,71,8,0.8643488883972168,True,163645.0,163645.0,0.02
786,wuf20-0806.mwcnf,20,71,8,0.8917388916015625,True,132228.0,132228.0,0.02
787,wuf20-0807.mwcnf,20,71,8,0.9230978488922119,True,116417.0,116417.0,0.02
788,wuf20-0808.mwcnf,20,71,6,0.8721694946289062,True,130369.0,130369.0,0.02
789,wuf20-0809.mwcnf,20,71,500,60.78202033042908,False,123845.0,123631.0,0.060000000000000005
790,wuf20-081.mwcnf,20,71,12,1.391322135925293,True,149827.0,149827.0,0.02
791,wuf20-0810.mwcnf,20,71,9,0.987401008605957,True,104675.0,104675.0,0.03
792,wuf20-0811.mwcnf,20,71,7,0.9013702869415283,True,152964.0,152964.0,0.02
793,wuf20-0812.mwcnf,20,71,8,1.1860811710357666,True,149812.0,149812.0,0.03
794,wuf20-0813.mwcnf,20,71,9,1.0203056335449219,True,128916.0,128916.0,0.02
795,wuf20-0814.mwcnf,20,71,7,0.8247330188751221,True,135018.0,135018.0,0.02
796,wuf20-0815.mwcnf,20,71,10,1.208571434020996,True,145191.0,145191.0,0.02
797,wuf20-0816.mwcnf,20,71,19,2.109894275665283,True,117839.0,117839.0,0.03
798,wuf20-0817.mwcnf,20,71,500,63.12616753578186,False,100975.0,97784.0,0.060000000000000005
799,wuf20-0818.mwcnf,20,71,11,2.2893776893615723,True,142041.0,142041.0,0.02
800,wuf20-0819.mwcnf,20,71,19,3.437302827835083,True,145542.0,145542.0,0.04
801,wuf20-082.mwcnf,20,71,500,66.2816412448883,False,132700.0,131727.0,0.07
802,wuf20-0820.mwcnf,20,71,9,1.0620639324188232,True,137634.0,137634.0,0.03
803,wuf20-0821.mwcnf,20,71,8,0.9501404762268066,True,105803.0,105803.0,0.02
804,wuf20-0822.mwcnf,20,71,12,1.4911248683929443,True,102276.0,102276.0,0.03
805,wuf20-0823.mwcnf,20,71,12,1.5272727012634277,True,125264.0,125264.0,0.03
806,wuf20-0824.mwcnf,20,71,5,0.6376323699951172,True,131132.0,131132.0,0.02
807,wuf20-0825.mwcnf,20,71,9,1.0360407829284668,True,128626.0,128626.0,0.02
808,wuf20-0826.mwcnf,20,71,10,1.358548879623413,True,155074.0,155074.0,0.03
809,wuf20-0827.mwcnf,20,71,7,1.0012354850769043,True,118344.0,118344.0,0.02
810,wuf20-0828.mwcnf,20,71,7,0.8100354671478271,True,142390.0,142390.0,0.02
811,wuf20-0829.mwcnf,20,71,10,0.9512138366699219,True,129820.0,129820.0,0.02
812,wuf20-083.mwcnf,20,71,7,1.0932667255401611,True,143449.0,143449.0,0.02
813,wuf20-0830.mwcnf,20,71,10,1.2681834697723389,True,132904.0,132904.0,0.02
814,wuf20-0831.mwcnf,20,71,13,1.46828031539917,True,140772.0,140772.0,0.03
815,wuf20-0832.mwcnf,20,71,7,1.0746901035308838,True,102587.0,102587.0,0.02
816,wuf20-0833.mwcnf,20,71,8,1.1420364379882812,True,106361.0,106361.0,0.02
817,wuf20-0834.mwcnf,20,71,500,58.49921154975891,False,109380.0,107137.0,0.07
818,wuf20-0835.mwcnf,20,71,8,1.021251916885376,True,149729.0,149729.0,0.02
819,wuf20-0836.mwcnf,20,71,9,1.0161678791046143,True,149198.0,149198.0,0.02
820,wuf20-0837.mwcnf,20,71,15,1.475646734237671,True,102572.0,102572.0,0.03
821,wuf20-0838.mwcnf,20,71,9,1.0639925003051758,True,101779.0,101779.0,0.02
822,wuf20-0839.mwcnf,20,71,8,0.8827145099639893,True,128283.0,128283.0,0.02
823,wuf20-084.mwcnf,20,71,8,0.8886785507202148,True,168527.0,168527.0,0.02
824,wuf20-0840.mwcnf,20,71,14,1.6040856838226318,True,154714.0,154714.0,0.03
825,wuf20-0841.mwcnf,20,71,7,0.734487771987915,True,136339.0,136339.0,0.02
826,wuf20-0842.mwcnf,20,71,9,1.0056731700897217,True,108946.0,108946.0,0.02
827,wuf20-0843.mwcnf,20,71,9,0.9342029094696045,True,102306.0,102306.0,0.02
828,wuf20-0844.mwcnf,20,71,8,1.0643775463104248,True,172580.0,172580.0,0.02
829,wuf20-0845.mwcnf,20,71,10,1.230245590209961,True,140820.0,140820.0,0.02
830,wuf20-0846.mwcnf,20,71,13,1.4288415908813477,True,172080.0,172080.0,0.05
831,wuf20-0847.mwcnf,20,71,11,1.5653531551361084,True,129367.0,129367.0,0.02
832,wuf20-0848.mwcnf,20,71,10,1.8131589889526367,True,131671.0,131671.0,0.02
833,wuf20-0849.mwcnf,20,71,10,1.1738808155059814,True,165033.0,165033.0,0.02
834,wuf20-085.mwcnf,20,71,10,1.1112024784088135,True,155530.0,155530.0,0.03
835,wuf20-0850.mwcnf,20,71,9,0.9070725440979004,True,109303.0,109303.0,0.02
836,wuf20-0851.mwcnf,20,71,13,1.4302208423614502,True,114218.0,114218.0,0.04
837,wuf20-0852.mwcnf,20,71,8,0.8796126842498779,True,114315.0,114315.0,0.02
838,wuf20-0853.mwcnf,20,71,7,0.8652791976928711,True,113736.0,113736.0,0.02
839,wuf20-0854.mwcnf,20,71,8,0.8144075870513916,True,103684.0,103684.0,0.02
840,wuf20-0855.mwcnf,20,71,8,0.806281328201294,True,165031.0,165031.0,0.02
841,wuf20-0856.mwcnf,20,71,8,0.8003840446472168,True,99640.0,99640.0,0.02
842,wuf20-0857.mwcnf,20,71,7,0.736858606338501,True,108081.0,108081.0,0.02
843,wuf20-0858.mwcnf,20,71,9,1.0328052043914795,True,124371.0,124371.0,0.02
844,wuf20-0859.mwcnf,20,71,9,0.9793784618377686,True,152448.0,152448.0,0.02
845,wuf20-086.mwcnf,20,71,9,1.0070888996124268,True,49112.0,49112.0,0.02
846,wuf20-0860.mwcnf,20,71,39,4.493544101715088,True,130219.0,130219.0,0.05
847,wuf20-0861.mwcnf,20,71,9,0.9385905265808105,True,106880.0,106880.0,0.03
848,wuf20-0862.mwcnf,20,71,13,1.5143542289733887,True,125026.0,125026.0,0.04
849,wuf20-0863.mwcnf,20,71,11,1.3667669296264648,True,142056.0,142056.0,0.02
850,wuf20-0864.mwcnf,20,71,11,1.3608815670013428,True,174491.0,174491.0,0.03
851,wuf20-0865.mwcnf,20,71,8,0.8536379337310791,True,52665.0,52665.0,0.02
852,wuf20-0866.mwcnf,20,71,8,0.8948631286621094,True,47736.0,47736.0,0.02
853,wuf20-0867.mwcnf,20,71,9,1.1523950099945068,True,71689.0,71689.0,0.03
854,wuf20-0868.mwcnf,20,71,7,0.7680833339691162,True,53686.0,53686.0,0.02
855,wuf20-0869.mwcnf,20,71,6,0.6531250476837158,True,61312.0,61312.0,0.02
856,wuf20-087.mwcnf,20,71,11,1.3650710582733154,True,59331.0,59331.0,0.02
857,wuf20-0870.mwcnf,20,71,9,1.0789580345153809,True,59829.0,59829.0,0.02
858,wuf20-0871.mwcnf,20,71,8,0.8639116287231445,True,55037.0,55037.0,0.02
859,wuf20-0872.mwcnf,20,71,11,1.2505083084106445,True,41123.0,41123.0,0.02
860,wuf20-0873.mwcnf,20,71,11,1.147010087966919,True,74721.0,74721.0,0.02
861,wuf20-0874.mwcnf,20,71,12,1.3498876094818115,True,70938.0,70938.0,0.02
862,wuf20-0875.mwcnf,20,71,11,1.1682045459747314,True,58799.0,58799.0,0.02
863,wuf20-0876.mwcnf,20,71,16,2.1017746925354004,True,56633.0,56633.0,0.03
864,wuf20-0877.mwcnf,20,71,29,3.402829647064209,True,45068.0,45068.0,0.05
865,wuf20-0878.mwcnf,20,71,9,0.9908766746520996,True,43310.0,43310.0,0.02
866,wuf20-0879.mwcnf,20,71,6,0.7203185558319092,True,63835.0,63835.0,0.02
867,wuf20-088.mwcnf,20,71,8,0.8607757091522217,True,65551.0,65551.0,0.02
868,wuf20-0880.mwcnf,20,71,8,1.0447394847869873,True,57078.0,57078.0,0.02
869,wuf20-0881.mwcnf,20,71,8,0.9731898307800293,True,59549.0,59549.0,0.02
870,wuf20-0882.mwcnf,20,71,11,1.2368755340576172,True,74583.0,74583.0,0.03
871,wuf20-0883.mwcnf,20,71,10,1.2050426006317139,True,48954.0,48954.0,0.02
872,wuf20-0884.mwcnf,20,71,11,1.3362748622894287,True,68195.0,68195.0,0.03
873,wuf20-0885.mwcnf,20,71,7,0.8717079162597656,True,58023.0,58023.0,0.02
874,wuf20-0886.mwcnf,20,71,27,3.3635988235473633,True,69946.0,69946.0,0.04
875,wuf20-0887.mwcnf,20,71,8,1.0151395797729492,True,51602.0,51602.0,0.02
876,wuf20-0888.mwcnf,20,71,8,0.8761453628540039,True,60690.0,60690.0,0.02
877,wuf20-0889.mwcnf,20,71,10,1.2627909183502197,True,57541.0,57541.0,0.03
878,wuf20-089.mwcnf,20,71,25,3.6647071838378906,True,45455.0,45455.0,0.04
879,wuf20-0890.mwcnf,20,71,10,1.3906440734863281,True,51494.0,51494.0,0.02
880,wuf20-0891.mwcnf,20,71,11,1.3130438327789307,True,55861.0,55861.0,0.02
881,wuf20-0892.mwcnf,20,71,8,0.9326674938201904,True,57165.0,57165.0,0.03
882,wuf20-0893.mwcnf,20,71,8,1.1539273262023926,True,52710.0,52710.0,0.02
883,wuf20-0894.mwcnf,20,71,17,2.333449602127075,True,76349.0,76349.0,0.05
884,wuf20-0895.mwcnf,20,71,17,1.9029738903045654,True,52101.0,52101.0,0.04
885,wuf20-0896.mwcnf,20,71,7,1.0066640377044678,True,48270.0,48270.0,0.02
886,wuf20-0897.mwcnf,20,71,10,1.2203731536865234,True,62750.0,62750.0,0.03
887,wuf20-0898.mwcnf,20,71,7,0.730905294418335,True,45951.0,45951.0,0.02
888,wuf20-0899.mwcnf,20,71,10,1.1393930912017822,True,67751.0,67751.0,0.02
889,wuf20-09.mwcnf,20,71,9,1.2113642692565918,True,151196.0,151196.0,0.02
890,wuf20-090.mwcnf,20,71,7,0.7676064968109131,True,70795.0,70795.0,0.02
891,wuf20-0900.mwcnf,20,71,11,1.3728611469268799,True,55740.0,55740.0,0.02
892,wuf20-0901.mwcnf,20,71,7,0.7230699062347412,True,71848.0,71848.0,0.02
893,wuf20-0902.mwcnf,20,71,6,0.6713073253631592,True,56565.0,56565.0,0.02
894,wuf20-0903.mwcnf,20,71,7,1.1320858001708984,True,55565.0,55565.0,0.02
895,wuf20-0904.mwcnf,20,71,9,1.0898942947387695,True,51085.0,51085.0,0.02
896,wuf20-0905.mwcnf,20,71,11,1.225290298461914,True,52376.0,52376.0,0.03
897,wuf20-0906.mwcnf,20,71,10,1.4567201137542725,True,52408.0,52408.0,0.02
898,wuf20-0907.mwcnf,20,71,9,1.0002758502960205,True,45073.0,45073.0,0.02
899,wuf20-0908.mwcnf,20,71,10,1.1733531951904297,True,50454.0,50454.0,0.02
900,wuf20-0909.mwcnf,20,71,14,1.5804946422576904,True,50301.0,50301.0,0.02
901,wuf20-091.mwcnf,20,71,8,0.8534839153289795,True,60156.0,60156.0,0.02
902,wuf20-0910.mwcnf,20,71,21,2.8040976524353027,True,52913.0,52913.0,0.03
903,wuf20-0911.mwcnf,20,71,10,1.0767021179199219,True,56646.0,56646.0,0.02
904,wuf20-0912.mwcnf,20,71,9,1.0232162475585938,True,45714.0,45714.0,0.02
905,wuf20-0913.mwcnf,20,71,9,1.2043421268463135,True,57183.0,57183.0,0.02
906,wuf20-0914.mwcnf,20,71,9,1.0979294776916504,True,54707.0,54707.0,0.02
907,wuf20-0915.mwcnf,20,71,10,1.2142555713653564,True,49522.0,49522.0,0.02
908,wuf20-0916.mwcnf,20,71,9,0.9848892688751221,True,64076.0,64076.0,0.03
909,wuf20-0917.mwcnf,20,71,7,0.8761582374572754,True,51119.0,51119.0,0.02
910,wuf20-0918.mwcnf,20,71,14,1.7997994422912598,True,62645.0,62645.0,0.04
911,wuf20-0919.mwcnf,20,71,9,1.0006365776062012,True,60694.0,60694.0,0.02
912,wuf20-092.mwcnf,20,71,8,1.0327584743499756,True,77604.0,77604.0,0.02
913,wuf20-0920.mwcnf,20,71,8,0.9350569248199463,True,76343.0,76343.0,0.02
914,wuf20-0921.mwcnf,20,71,9,1.1111514568328857,True,66171.0,66171.0,0.02
915,wuf20-0922.mwcnf,20,71,5,0.578322172164917,True,66274.0,66274.0,0.02
916,wuf20-0923.mwcnf,20,71,8,1.1829605102539062,True,62495.0,62495.0,0.02
917,wuf20-0924.mwcnf,20,71,58,6.512371778488159,True,58242.0,58242.0,0.04
918,wuf20-0925.mwcnf,20,71,10,1.2259938716888428,True,57637.0,57637.0,0.02
919,wuf20-0926.mwcnf,20,71,8,0.837169885635376,True,64312.0,64312.0,0.02
920,wuf20-0927.mwcnf,20,71,10,1.171994686126709,True,51984.0,51984.0,0.02
921,wuf20-0928.mwcnf,20,71,8,1.1731798648834229,True,60285.0,60285.0,0.02
922,wuf20-0929.mwcnf,20,71,8,0.9391794204711914,True,58121.0,58121.0,0.02
923,wuf20-093.mwcnf,20,71,11,1.1697561740875244,True,48158.0,48158.0,0.02
924,wuf20-0930.mwcnf,20,71,8,1.1140758991241455,True,56984.0,56984.0,0.02
925,wuf20-0931.mwcnf,20,71,53,6.3025963306427,True,61764.0,61764.0,0.05
926,wuf20-0932.mwcnf,20,71,8,0.9386701583862305,True,60531.0,60531.0,0.02
927,wuf20-0933.mwcnf,20,71,11,1.4602255821228027,True,51190.0,51190.0,0.02
928,wuf20-0934.mwcnf,20,71,8,1.057694435119629,True,62301.0,62301.0,0.02
929,wuf20-0935.mwcnf,20,71,10,1.141911268234253,True,66709.0,66709.0,0.04
930,wuf20-0936.mwcnf,20,71,12,1.4078378677368164,True,54059.0,54059.0,0.04
931,wuf20-0937.mwcnf,20,71,500,60.61342644691467,False,45126.0,44953.0,0.07
932,wuf20-0938.mwcnf,20,71,8,0.9321439266204834,True,55542.0,55542.0,0.02
933,wuf20-0939.mwcnf,20,71,6,0.8662312030792236,True,48626.0,48626.0,0.02
934,wuf20-094.mwcnf,20,71,7,0.7252576351165771,True,59704.0,59704.0,0.02
935,wuf20-0940.mwcnf,20,71,8,1.0327880382537842,True,54153.0,54153.0,0.02
936,wuf20-0941.mwcnf,20,71,8,0.9013552665710449,True,41315.0,41315.0,0.02
937,wuf20-0942.mwcnf,20,71,22,2.597604990005493,True,55514.0,55514.0,0.05
938,wuf20-0943.mwcnf,20,71,500,57.576963901519775,False,56763.0,55956.0,0.07
939,wuf20-0944.mwcnf,20,71,11,1.2456655502319336,True,60547.0,60547.0,0.02
940,wuf20-0945.mwcnf,20,71,7,0.6930475234985352,True,62031.0,62031.0,0.02
941,wuf20-0946.mwcnf,20,71,11,1.315192699432373,True,60084.0,60084.0,0.03
942,wuf20-0947.mwcnf,20,71,16,1.673064947128296,True,56420.0,56420.0,0.04
943,wuf20-0948.mwcnf,20,71,10,1.3150122165679932,True,72447.0,72447.0,0.02
944,wuf20-0949.mwcnf,20,71,9,1.1370346546173096,True,48819.0,48819.0,0.02
945,wuf20-095.mwcnf,20,71,500,60.15376305580139,False,60495.0,60259.0,0.07
946,wuf20-0950.mwcnf,20,71,6,0.6894822120666504,True,59843.0,59843.0,0.02
947,wuf20-0951.mwcnf,20,71,10,0.985173225402832,True,53349.0,53349.0,0.02
948,wuf20-0952.mwcnf,20,71,8,0.814457893371582,True,53007.0,53007.0,0.02
949,wuf20-0953.mwcnf,20,71,11,1.2178964614868164,True,50945.0,50945.0,0.02
950,wuf20-0954.mwcnf,20,71,9,0.9557316303253174,True,70955.0,70955.0,0.02
951,wuf20-0955.mwcnf,20,71,8,0.8067686557769775,True,64902.0,64902.0,0.02
952,wuf20-0956.mwcnf,20,71,500,68.13437080383301,False,48856.0,48288.0,0.060000000000000005
953,wuf20-0957.mwcnf,20,71,13,1.6194045543670654,True,60159.0,60159.0,0.03
954,wuf20-0958.mwcnf,20,71,9,1.027113914489746,True,50318.0,50318.0,0.02
955,wuf20-0959.mwcnf,20,71,8,1.0917859077453613,True,61910.0,61910.0,0.02
956,wuf20-096.mwcnf,20,71,22,2.196460008621216,True,66600.0,66600.0,0.03
957,wuf20-0960.mwcnf,20,71,10,1.2646279335021973,True,58881.0,58881.0,0.02
958,wuf20-0961.mwcnf,20,71,8,0.9292116165161133,True,35854.0,35854.0,0.02
959,wuf20-0962.mwcnf,20,71,10,1.1468513011932373,True,47186.0,47186.0,0.02
960,wuf20-0963.mwcnf,20,71,8,1.0956404209136963,True,50668.0,50668.0,0.02
961,wuf20-0964.mwcnf,20,71,9,1.1835708618164062,True,61726.0,61726.0,0.02
962,wuf20-0965.mwcnf,20,71,12,1.4675302505493164,True,59949.0,59949.0,0.02
963,wuf20-0966.mwcnf,20,71,9,1.016122579574585,True,66036.0,66036.0,0.02
964,wuf20-0967.mwcnf,20,71,7,0.8519842624664307,True,69540.0,69540.0,0.02
965,wuf20-0968.mwcnf,20,71,7,0.9799792766571045,True,52194.0,52194.0,0.02
966,wuf20-0969.mwcnf,20,71,10,1.1476430892944336,True,50811.0,50811.0,0.02
967,wuf20-097.mwcnf,20,71,9,1.176222562789917,True,51391.0,51391.0,0.02
968,wuf20-0970.mwcnf,20,71,8,1.0151231288909912,True,50411.0,50411.0,0.02
969,wuf20-0971.mwcnf,20,71,9,1.0738554000854492,True,46137.0,46137.0,0.02
970,wuf20-0972.mwcnf,20,71,9,1.0829482078552246,True,66193.0,66193.0,0.02
971,wuf20-0973.mwcnf,20,71,9,1.168928623199463,True,62654.0,62654.0,0.02
972,wuf20-0974.mwcnf,20,71,10,1.3244400024414062,True,54689.0,54689.0,0.03
973,wuf20-0975.mwcnf,20,71,12,1.9997060298919678,True,75550.0,75550.0,0.02
974,wuf20-0976.mwcnf,20,71,11,1.9017469882965088,True,60498.0,60498.0,0.02
975,wuf20-0977.mwcnf,20,71,10,1.6449425220489502,True,61855.0,61855.0,0.02
976,wuf20-0978.mwcnf,20,71,8,0.8636670112609863,True,77144.0,77144.0,0.02
977,wuf20-0979.mwcnf,20,71,6,0.8048861026763916,True,52354.0,52354.0,0.02
978,wuf20-098.mwcnf,20,71,17,1.854719877243042,True,55742.0,55742.0,0.05
979,wuf20-0980.mwcnf,20,71,10,1.224635124206543,True,47245.0,47245.0,0.03
980,wuf20-0981.mwcnf,20,71,5,0.6137797832489014,True,46982.0,46982.0,0.02
981,wuf20-0982.mwcnf,20,71,11,1.2733187675476074,True,47411.0,47411.0,0.02
982,wuf20-0983.mwcnf,20,71,6,0.7967367172241211,True,54244.0,54244.0,0.02
983,wuf20-0984.mwcnf,20,71,7,0.8271739482879639,True,53764.0,53764.0,0.02
984,wuf20-0985.mwcnf,20,71,9,1.2265408039093018,True,67565.0,67565.0,0.02
985,wuf20-0986.mwcnf,20,71,11,1.4410512447357178,True,46526.0,46526.0,0.02
986,wuf20-0987.mwcnf,20,71,10,1.9045212268829346,True,68411.0,68411.0,0.02
987,wuf20-0988.mwcnf,20,71,9,1.715674638748169,True,49568.0,49568.0,0.02
988,wuf20-0989.mwcnf,20,71,10,1.5303833484649658,True,55245.0,55245.0,0.02
989,wuf20-099.mwcnf,20,71,7,1.0077543258666992,True,41024.0,41024.0,0.02
990,wuf20-0990.mwcnf,20,71,8,0.8894641399383545,True,59462.0,59462.0,0.02
991,wuf20-0991.mwcnf,20,71,8,1.1794519424438477,True,62216.0,62216.0,0.02
992,wuf20-0992.mwcnf,20,71,10,1.2414426803588867,True,46687.0,46687.0,0.02
993,wuf20-0993.mwcnf,20,71,11,1.347733497619629,True,64618.0,64618.0,0.02
994,wuf20-0994.mwcnf,20,71,11,1.1724045276641846,True,52881.0,52881.0,0.03
995,wuf20-0995.mwcnf,20,71,9,1.3455438613891602,True,63191.0,63191.0,0.03
996,wuf20-0996.mwcnf,20,71,26,5.525437831878662,True,57253.0,57253.0,0.05
997,wuf20-0997.mwcnf,20,71,6,1.2045166492462158,True,60191.0,60191.0,0.02
998,wuf20-0998.mwcnf,20,71,4,0.8456521034240723,True,62278.0,62278.0,0.02
999,wuf20-0999.mwcnf,20,71,8,1.6802902221679688,True,66438.0,66438.0,0.02
