,Task,numVariables,numClauses,endGeneration,Duration,isSolutionFound,optWeight,bestWeight,maxMutation
0,wuf75-01.mwcnf,75,325,500,241.0129039287567,False,20466.0,0.0,0.3000000000000001
1,wuf75-010.mwcnf,75,325,500,239.5758650302887,False,18638.0,0.0,0.3000000000000001
2,wuf75-0100.mwcnf,75,325,500,254.92981147766113,False,26573.0,0.0,0.3000000000000001
3,wuf75-011.mwcnf,75,325,500,240.81705784797668,False,24430.0,0.0,0.3000000000000001
4,wuf75-012.mwcnf,75,325,500,254.80326581001282,False,26137.0,0.0,0.3000000000000001
5,wuf75-013.mwcnf,75,325,500,244.21937322616577,False,24689.0,0.0,0.3000000000000001
6,wuf75-014.mwcnf,75,325,500,243.34204769134521,False,24016.0,0.0,0.3000000000000001
7,wuf75-015.mwcnf,75,325,500,245.86741042137146,False,26123.0,0.0,0.3000000000000001
8,wuf75-016.mwcnf,75,325,500,248.86483025550842,False,25071.0,0.0,0.3000000000000001
9,wuf75-017.mwcnf,75,325,500,247.0435345172882,False,21278.0,0.0,0.3000000000000001
10,wuf75-018.mwcnf,75,325,500,238.62563276290894,False,22180.0,0.0,0.3000000000000001
11,wuf75-019.mwcnf,75,325,500,235.50003170967102,False,25800.0,0.0,0.3000000000000001
12,wuf75-02.mwcnf,75,325,500,237.01074862480164,False,26931.0,0.0,0.3000000000000001
13,wuf75-020.mwcnf,75,325,500,237.1988127231598,False,31523.0,0.0,0.3000000000000001
14,wuf75-021.mwcnf,75,325,500,288.88203406333923,False,28700.0,0.0,0.3000000000000001
15,wuf75-022.mwcnf,75,325,500,237.84654474258423,False,24729.0,0.0,0.3000000000000001
16,wuf75-023.mwcnf,75,325,500,274.14179706573486,False,22975.0,0.0,0.3000000000000001
17,wuf75-024.mwcnf,75,325,500,273.0817778110504,False,20396.0,0.0,0.3000000000000001
18,wuf75-025.mwcnf,75,325,500,265.68158197402954,False,28737.0,0.0,0.3000000000000001
19,wuf75-026.mwcnf,75,325,500,277.5349180698395,False,19184.0,0.0,0.3000000000000001
20,wuf75-027.mwcnf,75,325,500,273.31942796707153,False,20380.0,0.0,0.3000000000000001
21,wuf75-028.mwcnf,75,325,500,273.2872896194458,False,25348.0,0.0,0.3000000000000001
22,wuf75-029.mwcnf,75,325,500,267.9521155357361,False,16731.0,0.0,0.3000000000000001
23,wuf75-03.mwcnf,75,325,500,269.8360824584961,False,24453.0,0.0,0.3000000000000001
24,wuf75-030.mwcnf,75,325,500,257.2306852340698,False,22741.0,0.0,0.3000000000000001
25,wuf75-031.mwcnf,75,325,500,257.38348174095154,False,26208.0,0.0,0.3000000000000001
26,wuf75-032.mwcnf,75,325,500,255.89503169059753,False,25279.0,0.0,0.3000000000000001
27,wuf75-033.mwcnf,75,325,500,252.8903419971466,False,20455.0,0.0,0.3000000000000001
28,wuf75-034.mwcnf,75,325,500,259.180166721344,False,20186.0,0.0,0.3000000000000001
29,wuf75-035.mwcnf,75,325,500,290.65955114364624,False,27711.0,0.0,0.3000000000000001
30,wuf75-036.mwcnf,75,325,500,341.4383809566498,False,27933.0,0.0,0.3000000000000001
31,wuf75-037.mwcnf,75,325,500,299.3171525001526,False,27370.0,0.0,0.3000000000000001
32,wuf75-038.mwcnf,75,325,500,255.14312839508057,False,25801.0,0.0,0.3000000000000001
33,wuf75-039.mwcnf,75,325,500,240.26506876945496,False,25506.0,0.0,0.3000000000000001
34,wuf75-04.mwcnf,75,325,500,247.68963098526,False,27932.0,0.0,0.3000000000000001
35,wuf75-040.mwcnf,75,325,500,238.0718801021576,False,24296.0,0.0,0.3000000000000001
36,wuf75-041.mwcnf,75,325,500,238.3249385356903,False,25576.0,0.0,0.3000000000000001
37,wuf75-042.mwcnf,75,325,500,246.62108182907104,False,24792.0,0.0,0.3000000000000001
38,wuf75-043.mwcnf,75,325,500,233.73916578292847,False,24777.0,0.0,0.3000000000000001
39,wuf75-044.mwcnf,75,325,500,232.59345531463623,False,23558.0,0.0,0.3000000000000001
40,wuf75-045.mwcnf,75,325,500,244.437518119812,False,24209.0,0.0,0.3000000000000001
41,wuf75-046.mwcnf,75,325,500,245.01979446411133,False,25239.0,0.0,0.3000000000000001
42,wuf75-047.mwcnf,75,325,500,234.42405343055725,False,20031.0,0.0,0.3000000000000001
43,wuf75-048.mwcnf,75,325,500,260.759560585022,False,23576.0,0.0,0.3000000000000001
44,wuf75-049.mwcnf,75,325,500,276.3604712486267,False,22467.0,0.0,0.3000000000000001
45,wuf75-05.mwcnf,75,325,500,260.11962819099426,False,26883.0,0.0,0.3000000000000001
46,wuf75-050.mwcnf,75,325,500,271.6242799758911,False,24488.0,0.0,0.3000000000000001
47,wuf75-051.mwcnf,75,325,500,262.1449456214905,False,26586.0,0.0,0.3000000000000001
48,wuf75-052.mwcnf,75,325,500,265.3492374420166,False,22234.0,0.0,0.3000000000000001
49,wuf75-053.mwcnf,75,325,500,267.6927492618561,False,25119.0,0.0,0.3000000000000001
50,wuf75-054.mwcnf,75,325,500,309.5335867404938,False,21131.0,0.0,0.3000000000000001
51,wuf75-055.mwcnf,75,325,500,324.84804821014404,False,25800.0,0.0,0.3000000000000001
52,wuf75-056.mwcnf,75,325,500,321.261825799942,False,22534.0,0.0,0.3000000000000001
53,wuf75-057.mwcnf,75,325,500,320.4617896080017,False,22436.0,0.0,0.3000000000000001
54,wuf75-058.mwcnf,75,325,500,323.93523836135864,False,28282.0,0.0,0.3000000000000001
55,wuf75-059.mwcnf,75,325,500,306.09933257102966,False,29228.0,0.0,0.3000000000000001
56,wuf75-06.mwcnf,75,325,500,241.49697065353394,False,20922.0,0.0,0.3000000000000001
57,wuf75-060.mwcnf,75,325,500,237.89267873764038,False,24256.0,0.0,0.3000000000000001
58,wuf75-061.mwcnf,75,325,500,229.97577786445618,False,23820.0,0.0,0.3000000000000001
59,wuf75-062.mwcnf,75,325,500,258.3453929424286,False,25574.0,0.0,0.3000000000000001
60,wuf75-063.mwcnf,75,325,500,245.38858008384705,False,24654.0,0.0,0.3000000000000001
61,wuf75-064.mwcnf,75,325,500,249.19831109046936,False,19979.0,0.0,0.3000000000000001
62,wuf75-065.mwcnf,75,325,500,249.78671026229858,False,21340.0,0.0,0.3000000000000001
63,wuf75-066.mwcnf,75,325,500,246.16923117637634,False,25075.0,0.0,0.3000000000000001
64,wuf75-067.mwcnf,75,325,500,251.0397961139679,False,22213.0,0.0,0.3000000000000001
65,wuf75-068.mwcnf,75,325,500,241.74150133132935,False,26054.0,0.0,0.3000000000000001
66,wuf75-069.mwcnf,75,325,500,244.15920543670654,False,18635.0,0.0,0.3000000000000001
67,wuf75-07.mwcnf,75,325,500,245.08907866477966,False,23053.0,0.0,0.3000000000000001
68,wuf75-070.mwcnf,75,325,500,231.11277413368225,False,27023.0,0.0,0.3000000000000001
69,wuf75-071.mwcnf,75,325,500,199.86568450927734,False,23695.0,0.0,0.3000000000000001
70,wuf75-072.mwcnf,75,325,500,197.88302874565125,False,18100.0,0.0,0.3000000000000001
71,wuf75-073.mwcnf,75,325,500,203.12991499900818,False,18370.0,0.0,0.3000000000000001
72,wuf75-074.mwcnf,75,325,500,192.62773084640503,False,18796.0,0.0,0.3000000000000001
73,wuf75-075.mwcnf,75,325,500,155.29751777648926,False,25980.0,0.0,0.3000000000000001
74,wuf75-076.mwcnf,75,325,500,153.92181015014648,False,21436.0,0.0,0.3000000000000001
75,wuf75-077.mwcnf,75,325,500,160.0301103591919,False,26749.0,0.0,0.3000000000000001
76,wuf75-078.mwcnf,75,325,500,164.3709864616394,False,25743.0,0.0,0.3000000000000001
77,wuf75-079.mwcnf,75,325,500,151.29965782165527,False,21714.0,0.0,0.3000000000000001
78,wuf75-08.mwcnf,75,325,500,154.95620465278625,False,23468.0,0.0,0.3000000000000001
79,wuf75-080.mwcnf,75,325,500,160.44452548027039,False,23544.0,0.0,0.3000000000000001
80,wuf75-081.mwcnf,75,325,500,161.3414192199707,False,21536.0,0.0,0.3000000000000001
81,wuf75-082.mwcnf,75,325,500,158.6714985370636,False,22393.0,0.0,0.3000000000000001
82,wuf75-083.mwcnf,75,325,500,155.77443647384644,False,23566.0,0.0,0.3000000000000001
83,wuf75-084.mwcnf,75,325,500,157.9214789867401,False,26957.0,0.0,0.3000000000000001
84,wuf75-085.mwcnf,75,325,500,150.9898464679718,False,21480.0,0.0,0.3000000000000001
85,wuf75-086.mwcnf,75,325,500,155.16226744651794,False,27949.0,0.0,0.3000000000000001
86,wuf75-087.mwcnf,75,325,500,151.31467485427856,False,26644.0,0.0,0.3000000000000001
87,wuf75-088.mwcnf,75,325,500,154.7013509273529,False,22468.0,0.0,0.3000000000000001
88,wuf75-089.mwcnf,75,325,500,153.08195877075195,False,19881.0,0.0,0.3000000000000001
89,wuf75-09.mwcnf,75,325,500,151.81282806396484,False,22554.0,0.0,0.3000000000000001
90,wuf75-090.mwcnf,75,325,500,155.0846140384674,False,18847.0,0.0,0.3000000000000001
91,wuf75-091.mwcnf,75,325,500,151.26605653762817,False,25239.0,0.0,0.3000000000000001
92,wuf75-092.mwcnf,75,325,500,151.95830035209656,False,26636.0,0.0,0.3000000000000001
93,wuf75-093.mwcnf,75,325,500,154.6098575592041,False,21982.0,0.0,0.3000000000000001
94,wuf75-094.mwcnf,75,325,500,154.48287200927734,False,21274.0,0.0,0.3000000000000001
95,wuf75-095.mwcnf,75,325,500,162.65270590782166,False,25036.0,0.0,0.3000000000000001
96,wuf75-096.mwcnf,75,325,500,152.40038514137268,False,29209.0,0.0,0.3000000000000001
97,wuf75-097.mwcnf,75,325,500,152.06119012832642,False,29616.0,0.0,0.3000000000000001
98,wuf75-098.mwcnf,75,325,500,156.5444643497467,False,23116.0,0.0,0.3000000000000001
99,wuf75-099.mwcnf,75,325,500,166.94418144226074,False,21962.0,0.0,0.3000000000000001
