,Task,numVariables,numClauses,endGeneration,Duration,isSolutionFound,optWeight,bestWeight,maxMutation
0,wuf75-01.mwcnf,75,325,500,240.43046069145203,False,6293.0,0.0,0.3000000000000001
1,wuf75-010.mwcnf,75,325,500,242.37140321731567,False,6976.0,0.0,0.3000000000000001
2,wuf75-0100.mwcnf,75,325,500,251.65234541893005,False,2191.0,0.0,0.3000000000000001
3,wuf75-011.mwcnf,75,325,500,244.66661620140076,False,4779.0,0.0,0.3000000000000001
4,wuf75-012.mwcnf,75,325,500,257.0420205593109,False,886.0,0.0,0.3000000000000001
5,wuf75-013.mwcnf,75,325,500,247.11634016036987,False,5432.0,0.0,0.3000000000000001
6,wuf75-014.mwcnf,75,325,500,245.1077721118927,False,6383.0,0.0,0.3000000000000001
7,wuf75-015.mwcnf,75,325,500,245.78993558883667,False,3751.0,0.0,0.3000000000000001
8,wuf75-016.mwcnf,75,325,500,246.12732768058777,False,1189.0,0.0,0.3000000000000001
9,wuf75-017.mwcnf,75,325,500,247.67420768737793,False,4652.0,0.0,0.3000000000000001
10,wuf75-018.mwcnf,75,325,500,241.3884789943695,False,4537.0,0.0,0.3000000000000001
11,wuf75-019.mwcnf,75,325,500,241.96049737930298,False,690.0,0.0,0.3000000000000001
12,wuf75-02.mwcnf,75,325,500,235.4547107219696,False,6003.0,0.0,0.3000000000000001
13,wuf75-020.mwcnf,75,325,500,235.30637788772583,False,1675.0,0.0,0.3000000000000001
14,wuf75-021.mwcnf,75,325,500,289.8369882106781,False,3684.0,0.0,0.3000000000000001
15,wuf75-022.mwcnf,75,325,500,237.51838636398315,False,6602.0,0.0,0.3000000000000001
16,wuf75-023.mwcnf,75,325,500,272.652405500412,False,2381.0,0.0,0.3000000000000001
17,wuf75-024.mwcnf,75,325,500,273.2526490688324,False,2709.0,0.0,0.3000000000000001
18,wuf75-025.mwcnf,75,325,500,265.92824363708496,False,4556.0,0.0,0.3000000000000001
19,wuf75-026.mwcnf,75,325,500,273.9178705215454,False,3486.0,0.0,0.3000000000000001
20,wuf75-027.mwcnf,75,325,500,273.7293510437012,False,5356.0,0.0,0.3000000000000001
21,wuf75-028.mwcnf,75,325,500,275.83687686920166,False,1920.0,0.0,0.3000000000000001
22,wuf75-029.mwcnf,75,325,500,274.773695230484,False,5987.0,0.0,0.3000000000000001
23,wuf75-03.mwcnf,75,325,500,269.5298902988434,False,297.0,0.0,0.3000000000000001
24,wuf75-030.mwcnf,75,325,500,264.27400255203247,False,1939.0,0.0,0.3000000000000001
25,wuf75-031.mwcnf,75,325,500,256.5827751159668,False,2992.0,0.0,0.3000000000000001
26,wuf75-032.mwcnf,75,325,500,254.89177250862122,False,1770.0,0.0,0.3000000000000001
27,wuf75-033.mwcnf,75,325,500,255.61269974708557,False,7398.0,0.0,0.3000000000000001
28,wuf75-034.mwcnf,75,325,500,259.4698963165283,False,5309.0,0.0,0.3000000000000001
29,wuf75-035.mwcnf,75,325,500,300.00928139686584,False,4777.0,0.0,0.3000000000000001
30,wuf75-036.mwcnf,75,325,500,344.0190100669861,False,1410.0,0.0,0.3000000000000001
31,wuf75-037.mwcnf,75,325,500,295.38403153419495,False,1342.0,0.0,0.3000000000000001
32,wuf75-038.mwcnf,75,325,500,251.60823559761047,False,1080.0,0.0,0.3000000000000001
33,wuf75-039.mwcnf,75,325,500,239.5861155986786,False,2521.0,0.0,0.3000000000000001
34,wuf75-04.mwcnf,75,325,500,251.27668976783752,False,1019.0,0.0,0.3000000000000001
35,wuf75-040.mwcnf,75,325,500,236.20927214622498,False,1170.0,0.0,0.3000000000000001
36,wuf75-041.mwcnf,75,325,500,241.96825194358826,False,820.0,0.0,0.3000000000000001
37,wuf75-042.mwcnf,75,325,500,242.04682159423828,False,6361.0,0.0,0.3000000000000001
38,wuf75-043.mwcnf,75,325,500,237.74827122688293,False,6191.0,0.0,0.3000000000000001
39,wuf75-044.mwcnf,75,325,500,238.38826441764832,False,1207.0,0.0,0.3000000000000001
40,wuf75-045.mwcnf,75,325,500,242.90756106376648,False,6046.0,0.0,0.3000000000000001
41,wuf75-046.mwcnf,75,325,500,247.58585572242737,False,624.0,0.0,0.3000000000000001
42,wuf75-047.mwcnf,75,325,500,237.94914722442627,False,5819.0,0.0,0.3000000000000001
43,wuf75-048.mwcnf,75,325,500,264.9373514652252,False,4468.0,0.0,0.3000000000000001
44,wuf75-049.mwcnf,75,325,500,270.39650774002075,False,6505.0,0.0,0.3000000000000001
45,wuf75-05.mwcnf,75,325,500,262.2596170902252,False,1950.0,0.0,0.3000000000000001
46,wuf75-050.mwcnf,75,325,500,277.36556601524353,False,4411.0,0.0,0.3000000000000001
47,wuf75-051.mwcnf,75,325,500,258.15676498413086,False,1017.0,0.0,0.3000000000000001
48,wuf75-052.mwcnf,75,325,500,268.3237991333008,False,2775.0,0.0,0.3000000000000001
49,wuf75-053.mwcnf,75,325,500,261.0496315956116,False,4542.0,0.0,0.3000000000000001
50,wuf75-054.mwcnf,75,325,500,321.58091139793396,False,6493.0,0.0,0.3000000000000001
51,wuf75-055.mwcnf,75,325,500,320.16140508651733,False,1080.0,0.0,0.3000000000000001
52,wuf75-056.mwcnf,75,325,500,327.1956880092621,False,4392.0,0.0,0.3000000000000001
53,wuf75-057.mwcnf,75,325,500,320.5207562446594,False,1700.0,0.0,0.3000000000000001
54,wuf75-058.mwcnf,75,325,500,325.4029326438904,False,8334.0,0.0,0.3000000000000001
55,wuf75-059.mwcnf,75,325,500,289.0847113132477,False,7567.0,0.0,0.3000000000000001
56,wuf75-06.mwcnf,75,325,500,245.72017097473145,False,7470.0,0.0,0.3000000000000001
57,wuf75-060.mwcnf,75,325,500,236.40538239479065,False,4948.0,0.0,0.3000000000000001
58,wuf75-061.mwcnf,75,325,500,236.2292778491974,False,8688.0,0.0,0.3000000000000001
59,wuf75-062.mwcnf,75,325,500,260.46734070777893,False,1414.0,0.0,0.3000000000000001
60,wuf75-063.mwcnf,75,325,500,241.7387809753418,False,7075.0,0.0,0.3000000000000001
61,wuf75-064.mwcnf,75,325,500,252.88858699798584,False,9430.0,0.0,0.3000000000000001
62,wuf75-065.mwcnf,75,325,500,244.38848757743835,False,5640.0,0.0,0.3000000000000001
63,wuf75-066.mwcnf,75,325,500,252.29690051078796,False,8488.0,0.0,0.3000000000000001
64,wuf75-067.mwcnf,75,325,500,246.55548930168152,False,2533.0,0.0,0.3000000000000001
65,wuf75-068.mwcnf,75,325,500,246.70252752304077,False,12554.0,0.0,0.3000000000000001
66,wuf75-069.mwcnf,75,325,500,248.3797583580017,False,8347.0,0.0,0.3000000000000001
67,wuf75-07.mwcnf,75,325,500,248.9801104068756,False,5891.0,0.0,0.3000000000000001
68,wuf75-070.mwcnf,75,325,500,220.83382391929626,False,5129.0,0.0,0.3000000000000001
69,wuf75-071.mwcnf,75,325,500,200.47278785705566,False,11153.0,0.0,0.3000000000000001
70,wuf75-072.mwcnf,75,325,500,200.28344345092773,False,10388.0,0.0,0.3000000000000001
71,wuf75-073.mwcnf,75,325,500,204.89705562591553,False,14504.0,0.0,0.3000000000000001
72,wuf75-074.mwcnf,75,325,500,182.16796159744263,False,6672.0,0.0,0.3000000000000001
73,wuf75-075.mwcnf,75,325,500,154.7826578617096,False,10691.0,0.0,0.3000000000000001
74,wuf75-076.mwcnf,75,325,500,153.79101085662842,False,7493.0,0.0,0.3000000000000001
75,wuf75-077.mwcnf,75,325,500,167.74421072006226,False,10721.0,0.0,0.3000000000000001
76,wuf75-078.mwcnf,75,325,500,157.83484196662903,False,3633.0,0.0,0.3000000000000001
77,wuf75-079.mwcnf,75,325,500,153.22336292266846,False,5736.0,0.0,0.3000000000000001
78,wuf75-08.mwcnf,75,325,500,155.95098090171814,False,2747.0,0.0,0.3000000000000001
79,wuf75-080.mwcnf,75,325,500,161.14541363716125,False,7239.0,0.0,0.3000000000000001
80,wuf75-081.mwcnf,75,325,500,167.91532373428345,False,2670.0,0.0,0.3000000000000001
81,wuf75-082.mwcnf,75,325,500,153.0147922039032,False,9484.0,0.0,0.3000000000000001
82,wuf75-083.mwcnf,75,325,500,157.6468050479889,False,3245.0,0.0,0.3000000000000001
83,wuf75-084.mwcnf,75,325,500,157.64456009864807,False,3162.0,0.0,0.3000000000000001
84,wuf75-085.mwcnf,75,325,500,152.85745930671692,False,11892.0,0.0,0.3000000000000001
85,wuf75-086.mwcnf,75,325,500,154.61771845817566,False,2838.0,0.0,0.3000000000000001
86,wuf75-087.mwcnf,75,325,500,151.9345109462738,False,9457.0,0.0,0.3000000000000001
87,wuf75-088.mwcnf,75,325,500,156.23049926757812,False,9631.0,0.0,0.3000000000000001
88,wuf75-089.mwcnf,75,325,500,151.8536512851715,False,7189.0,0.0,0.3000000000000001
89,wuf75-09.mwcnf,75,325,500,152.67159914970398,False,9285.0,0.0,0.3000000000000001
90,wuf75-090.mwcnf,75,325,500,154.67709803581238,False,1903.0,0.0,0.3000000000000001
91,wuf75-091.mwcnf,75,325,500,152.48833990097046,False,975.0,0.0,0.3000000000000001
92,wuf75-092.mwcnf,75,325,500,153.54482316970825,False,11512.0,0.0,0.3000000000000001
93,wuf75-093.mwcnf,75,325,500,153.8122627735138,False,9177.0,0.0,0.3000000000000001
94,wuf75-094.mwcnf,75,325,500,155.41733360290527,False,8176.0,0.0,0.3000000000000001
95,wuf75-095.mwcnf,75,325,500,163.8498055934906,False,2471.0,0.0,0.3000000000000001
96,wuf75-096.mwcnf,75,325,500,151.9880654811859,False,3204.0,0.0,0.3000000000000001
97,wuf75-097.mwcnf,75,325,500,153.3079755306244,False,3170.0,0.0,0.3000000000000001
98,wuf75-098.mwcnf,75,325,500,164.14172053337097,False,7566.0,0.0,0.3000000000000001
99,wuf75-099.mwcnf,75,325,500,153.47390007972717,False,4084.0,0.0,0.3000000000000001
