,Task,numVariables,numClauses,endGeneration,Duration,isSolutionFound,optWeight,bestWeight,maxMutation
0,wuf20-01.mwcnf,20,71,9,0.9390251636505127,True,31350.0,31350.0,0.02
1,wuf20-010.mwcnf,20,71,9,0.9481484889984131,True,84014.0,84014.0,0.02
2,wuf20-0100.mwcnf,20,71,9,0.7418234348297119,True,88356.0,88356.0,0.02
3,wuf20-01000.mwcnf,20,71,11,1.0239510536193848,True,85988.0,85988.0,0.02
4,wuf20-0101.mwcnf,20,71,31,3.523952007293701,True,94863.0,94863.0,0.04
5,wuf20-0102.mwcnf,20,71,500,60.42437672615051,False,97332.0,90469.0,0.060000000000000005
6,wuf20-0103.mwcnf,20,71,500,65.88690233230591,False,85925.0,77695.0,0.08
7,wuf20-0104.mwcnf,20,71,500,57.848010301589966,False,88092.0,84358.0,0.07
8,wuf20-0105.mwcnf,20,71,32,3.3647212982177734,True,105212.0,105212.0,0.05
9,wuf20-0106.mwcnf,20,71,8,0.9730520248413086,True,94447.0,94447.0,0.03
10,wuf20-0107.mwcnf,20,71,500,57.64790606498718,False,90179.0,79931.0,0.07
11,wuf20-0108.mwcnf,20,71,8,0.9665195941925049,True,75590.0,75590.0,0.02
12,wuf20-0109.mwcnf,20,71,500,60.560364723205566,False,106240.0,85572.0,0.060000000000000005
13,wuf20-011.mwcnf,20,71,500,59.59407591819763,False,79450.0,75261.0,0.060000000000000005
14,wuf20-0110.mwcnf,20,71,13,1.4691739082336426,True,95089.0,95089.0,0.03
15,wuf20-0111.mwcnf,20,71,11,1.095698595046997,True,81590.0,81590.0,0.03
16,wuf20-0112.mwcnf,20,71,9,0.8937969207763672,True,90577.0,90577.0,0.02
17,wuf20-0113.mwcnf,20,71,12,1.1874306201934814,True,89168.0,89168.0,0.03
18,wuf20-0114.mwcnf,20,71,500,59.82814383506775,False,84182.0,81295.0,0.07
19,wuf20-0115.mwcnf,20,71,500,66.64991855621338,False,88977.0,88833.0,0.08
20,wuf20-0116.mwcnf,20,71,500,55.916279315948486,False,95992.0,89722.0,0.060000000000000005
21,wuf20-0117.mwcnf,20,71,9,1.1116976737976074,True,85595.0,85595.0,0.02
22,wuf20-0118.mwcnf,20,71,8,1.1415977478027344,True,83947.0,83947.0,0.02
23,wuf20-0119.mwcnf,20,71,500,57.7042293548584,False,87044.0,84486.0,0.08
24,wuf20-012.mwcnf,20,71,500,63.33231592178345,False,94591.0,88730.0,0.060000000000000005
25,wuf20-0120.mwcnf,20,71,19,2.2583234310150146,True,90244.0,90244.0,0.03
26,wuf20-0121.mwcnf,20,71,500,57.043782472610474,False,82700.0,74371.0,0.060000000000000005
27,wuf20-0122.mwcnf,20,71,500,60.42834711074829,False,91976.0,82321.0,0.060000000000000005
28,wuf20-0123.mwcnf,20,71,9,0.9597487449645996,True,86007.0,86007.0,0.02
29,wuf20-0124.mwcnf,20,71,8,0.9644322395324707,True,82272.0,82272.0,0.02
30,wuf20-0125.mwcnf,20,71,7,0.6753575801849365,True,87399.0,87399.0,0.02
31,wuf20-0126.mwcnf,20,71,11,1.1403470039367676,True,87773.0,87773.0,0.02
32,wuf20-0127.mwcnf,20,71,19,2.0525810718536377,True,93762.0,93762.0,0.02
33,wuf20-0128.mwcnf,20,71,10,1.09916090965271,True,79381.0,79381.0,0.02
34,wuf20-0129.mwcnf,20,71,14,1.4803054332733154,True,106605.0,106605.0,0.03
35,wuf20-013.mwcnf,20,71,500,57.41030192375183,False,118035.0,78999.0,0.060000000000000005
36,wuf20-0130.mwcnf,20,71,24,2.550922155380249,True,86358.0,86358.0,0.05
37,wuf20-0131.mwcnf,20,71,7,0.6699035167694092,True,83936.0,83936.0,0.02
38,wuf20-0132.mwcnf,20,71,500,56.40955209732056,False,93664.0,86347.0,0.08
39,wuf20-0133.mwcnf,20,71,7,0.9702622890472412,True,71257.0,71257.0,0.02
40,wuf20-0134.mwcnf,20,71,500,56.62492060661316,False,90056.0,87168.0,0.07
41,wuf20-0135.mwcnf,20,71,13,1.7296736240386963,True,88953.0,88953.0,0.03
42,wuf20-0136.mwcnf,20,71,71,7.995076894760132,True,92534.0,92534.0,0.060000000000000005
43,wuf20-0137.mwcnf,20,71,440,50.344879388809204,True,103359.0,103359.0,0.060000000000000005
44,wuf20-0138.mwcnf,20,71,21,2.167175531387329,True,79779.0,79779.0,0.04
45,wuf20-0139.mwcnf,20,71,500,62.09286189079285,False,100275.0,97705.0,0.08
46,wuf20-014.mwcnf,20,71,500,57.73671746253967,False,31509.0,29055.0,0.08
47,wuf20-0140.mwcnf,20,71,12,1.5023252964019775,True,85136.0,85136.0,0.03
48,wuf20-0141.mwcnf,20,71,11,1.3624885082244873,True,30538.0,30538.0,0.02
49,wuf20-0142.mwcnf,20,71,6,0.8042912483215332,True,26127.0,26127.0,0.02
50,wuf20-0143.mwcnf,20,71,9,0.9778554439544678,True,33830.0,33830.0,0.02
51,wuf20-0144.mwcnf,20,71,10,1.1909780502319336,True,31969.0,31969.0,0.02
52,wuf20-0145.mwcnf,20,71,68,7.354296445846558,True,29868.0,29868.0,0.05
53,wuf20-0146.mwcnf,20,71,31,3.3479671478271484,True,29487.0,29487.0,0.05
54,wuf20-0147.mwcnf,20,71,500,56.049816608428955,False,29854.0,28406.0,0.060000000000000005
55,wuf20-0148.mwcnf,20,71,500,61.587772607803345,False,23497.0,22830.0,0.09999999999999999
56,wuf20-0149.mwcnf,20,71,12,1.2984752655029297,True,30552.0,30552.0,0.02
57,wuf20-015.mwcnf,20,71,10,1.0899896621704102,True,31244.0,31244.0,0.02
58,wuf20-0150.mwcnf,20,71,72,7.72396183013916,True,35448.0,35448.0,0.060000000000000005
59,wuf20-0151.mwcnf,20,71,15,1.6302504539489746,True,30338.0,30338.0,0.02
60,wuf20-0152.mwcnf,20,71,58,7.115219831466675,True,30912.0,30912.0,0.05
61,wuf20-0153.mwcnf,20,71,500,61.52432322502136,False,31665.0,29546.0,0.07
62,wuf20-0154.mwcnf,20,71,500,55.315515756607056,False,26293.0,24790.0,0.08
63,wuf20-0155.mwcnf,20,71,30,3.1412227153778076,True,25973.0,25973.0,0.04
64,wuf20-0156.mwcnf,20,71,500,58.3838152885437,False,29770.0,26533.0,0.060000000000000005
65,wuf20-0157.mwcnf,20,71,500,55.594475507736206,False,31571.0,27335.0,0.07
66,wuf20-0158.mwcnf,20,71,22,2.375016689300537,True,33108.0,33108.0,0.03
67,wuf20-0159.mwcnf,20,71,6,0.6922955513000488,True,28966.0,28966.0,0.02
68,wuf20-016.mwcnf,20,71,500,57.31721377372742,False,29545.0,28791.0,0.08
69,wuf20-0160.mwcnf,20,71,18,3.11576771736145,True,30792.0,30792.0,0.04
70,wuf20-0161.mwcnf,20,71,500,55.992074728012085,False,32957.0,26044.0,0.05
71,wuf20-0162.mwcnf,20,71,500,56.22682595252991,False,30800.0,26006.0,0.08
72,wuf20-0163.mwcnf,20,71,18,2.081247091293335,True,32965.0,32965.0,0.05
73,wuf20-0164.mwcnf,20,71,8,0.942112922668457,True,30807.0,30807.0,0.02
74,wuf20-0165.mwcnf,20,71,500,57.87310004234314,False,26252.0,24108.0,0.09
75,wuf20-0166.mwcnf,20,71,9,0.826545000076294,True,29123.0,29123.0,0.02
76,wuf20-0167.mwcnf,20,71,19,2.3943381309509277,True,29143.0,29143.0,0.04
77,wuf20-0168.mwcnf,20,71,500,57.673670291900635,False,26284.0,23651.0,0.09
78,wuf20-0169.mwcnf,20,71,500,59.302863359451294,False,30789.0,30478.0,0.060000000000000005
79,wuf20-017.mwcnf,20,71,8,0.8565359115600586,True,27622.0,27622.0,0.02
80,wuf20-0170.mwcnf,20,71,11,1.3065600395202637,True,27669.0,27669.0,0.02
81,wuf20-0171.mwcnf,20,71,18,2.6914055347442627,True,32710.0,32710.0,0.09
82,wuf20-0172.mwcnf,20,71,12,1.6231143474578857,True,27632.0,27632.0,0.03
83,wuf20-0173.mwcnf,20,71,500,59.18628764152527,False,26864.0,25152.0,0.07
84,wuf20-0174.mwcnf,20,71,500,57.410714626312256,False,25955.0,24334.0,0.060000000000000005
85,wuf20-0175.mwcnf,20,71,10,1.209902286529541,True,27538.0,27538.0,0.02
86,wuf20-0176.mwcnf,20,71,500,57.92615246772766,False,30469.0,28825.0,0.060000000000000005
87,wuf20-0177.mwcnf,20,71,8,1.250551462173462,True,27023.0,27023.0,0.02
88,wuf20-0178.mwcnf,20,71,500,58.23816132545471,False,28976.0,26675.0,0.08
89,wuf20-0179.mwcnf,20,71,500,58.658684492111206,False,28169.0,26881.0,0.09
90,wuf20-018.mwcnf,20,71,10,1.235630750656128,True,27073.0,27073.0,0.02
91,wuf20-0180.mwcnf,20,71,26,3.714365005493164,True,26625.0,26625.0,0.05
92,wuf20-0181.mwcnf,20,71,42,5.073782920837402,True,29744.0,29744.0,0.04
93,wuf20-0182.mwcnf,20,71,20,2.2644965648651123,True,34837.0,34837.0,0.04
94,wuf20-0183.mwcnf,20,71,17,2.1676290035247803,True,31821.0,31821.0,0.04
95,wuf20-0184.mwcnf,20,71,500,59.394378423690796,False,26201.0,24842.0,0.08
96,wuf20-0185.mwcnf,20,71,500,59.19989061355591,False,28095.0,27293.0,0.07
97,wuf20-0186.mwcnf,20,71,11,1.1832029819488525,True,30633.0,30633.0,0.02
98,wuf20-0187.mwcnf,20,71,8,0.9234104156494141,True,30745.0,30745.0,0.03
99,wuf20-0188.mwcnf,20,71,500,61.58783173561096,False,32086.0,30268.0,0.060000000000000005
100,wuf20-0189.mwcnf,20,71,7,0.7347695827484131,True,24384.0,24384.0,0.02
101,wuf20-019.mwcnf,20,71,500,66.41618037223816,False,27214.0,25986.0,0.08
102,wuf20-0190.mwcnf,20,71,8,1.232421636581421,True,29196.0,29196.0,0.02
103,wuf20-0191.mwcnf,20,71,195,24.157984972000122,True,29064.0,29064.0,0.07
104,wuf20-0192.mwcnf,20,71,500,64.81736183166504,False,29618.0,28948.0,0.09
105,wuf20-0193.mwcnf,20,71,99,12.424057245254517,True,29996.0,29996.0,0.05
106,wuf20-0194.mwcnf,20,71,500,59.29580616950989,False,26083.0,22414.0,0.07
107,wuf20-0195.mwcnf,20,71,9,1.0171935558319092,True,31048.0,31048.0,0.03
108,wuf20-0196.mwcnf,20,71,500,58.041441440582275,False,31823.0,31791.0,0.09
109,wuf20-0197.mwcnf,20,71,500,59.20548486709595,False,28311.0,27777.0,0.05
110,wuf20-0198.mwcnf,20,71,12,1.393186330795288,True,28095.0,28095.0,0.02
111,wuf20-0199.mwcnf,20,71,11,1.4241459369659424,True,26370.0,26370.0,0.02
112,wuf20-02.mwcnf,20,71,500,60.154287815093994,False,100666.0,92299.0,0.07
113,wuf20-020.mwcnf,20,71,12,1.3906400203704834,True,28342.0,28342.0,0.02
114,wuf20-0200.mwcnf,20,71,500,58.89476537704468,False,31183.0,27185.0,0.08
115,wuf20-0201.mwcnf,20,71,33,3.750638246536255,True,32340.0,32340.0,0.05
116,wuf20-0202.mwcnf,20,71,92,11.006504535675049,True,32948.0,32948.0,0.05
117,wuf20-0203.mwcnf,20,71,10,1.242485761642456,True,28329.0,28329.0,0.02
118,wuf20-0204.mwcnf,20,71,8,0.8502695560455322,True,28267.0,28267.0,0.02
119,wuf20-0205.mwcnf,20,71,500,60.97083902359009,False,29877.0,28507.0,0.07
120,wuf20-0206.mwcnf,20,71,7,0.8482151031494141,True,26667.0,26667.0,0.02
121,wuf20-0207.mwcnf,20,71,25,3.1738173961639404,True,31592.0,31592.0,0.03
122,wuf20-0208.mwcnf,20,71,16,1.6453924179077148,True,28245.0,28245.0,0.04
123,wuf20-0209.mwcnf,20,71,10,1.251657485961914,True,26238.0,26238.0,0.02
124,wuf20-021.mwcnf,20,71,18,3.4276692867279053,True,27894.0,27894.0,0.03
125,wuf20-0210.mwcnf,20,71,11,1.5950117111206055,True,34173.0,34173.0,0.02
126,wuf20-0211.mwcnf,20,71,8,0.9849746227264404,True,28299.0,28299.0,0.02
127,wuf20-0212.mwcnf,20,71,12,1.6835415363311768,True,28624.0,28624.0,0.03
128,wuf20-0213.mwcnf,20,71,500,66.83653855323792,False,30466.0,29745.0,0.07
129,wuf20-0214.mwcnf,20,71,28,3.359138250350952,True,30366.0,30366.0,0.04
130,wuf20-0215.mwcnf,20,71,500,65.25690531730652,False,32401.0,30646.0,0.08
131,wuf20-0216.mwcnf,20,71,500,39.76622271537781,False,36083.0,28384.0,0.07
132,wuf20-0217.mwcnf,20,71,14,1.0956826210021973,True,30269.0,30269.0,0.03
133,wuf20-0218.mwcnf,20,71,500,37.15327024459839,False,31754.0,28573.0,0.07
134,wuf20-0219.mwcnf,20,71,500,34.918785095214844,False,34798.0,31070.0,0.060000000000000005
135,wuf20-022.mwcnf,20,71,500,35.456270694732666,False,30821.0,30325.0,0.08
136,wuf20-0220.mwcnf,20,71,27,1.9129142761230469,True,34834.0,34834.0,0.04
137,wuf20-0221.mwcnf,20,71,14,1.016160488128662,True,28474.0,28474.0,0.02
138,wuf20-0222.mwcnf,20,71,16,1.1268107891082764,True,25459.0,25459.0,0.04
139,wuf20-0223.mwcnf,20,71,9,0.6426212787628174,True,26364.0,26364.0,0.02
140,wuf20-0224.mwcnf,20,71,8,0.5477209091186523,True,28523.0,28523.0,0.02
141,wuf20-0225.mwcnf,20,71,500,35.59190368652344,False,29008.0,28869.0,0.07
142,wuf20-0226.mwcnf,20,71,10,0.6873764991760254,True,31248.0,31248.0,0.02
143,wuf20-0227.mwcnf,20,71,6,0.4382791519165039,True,30353.0,30353.0,0.02
144,wuf20-0228.mwcnf,20,71,500,35.329545974731445,False,35992.0,27410.0,0.060000000000000005
145,wuf20-0229.mwcnf,20,71,6,0.39038753509521484,True,30062.0,30062.0,0.02
146,wuf20-023.mwcnf,20,71,9,0.6576972007751465,True,34903.0,34903.0,0.02
147,wuf20-0230.mwcnf,20,71,25,1.6680269241333008,True,35964.0,35964.0,0.060000000000000005
148,wuf20-0231.mwcnf,20,71,35,2.3947906494140625,True,34621.0,34621.0,0.05
149,wuf20-0232.mwcnf,20,71,7,0.5007541179656982,True,28746.0,28746.0,0.02
150,wuf20-0233.mwcnf,20,71,9,0.6291959285736084,True,25485.0,25485.0,0.02
151,wuf20-0234.mwcnf,20,71,8,0.5583710670471191,True,27764.0,27764.0,0.02
152,wuf20-0235.mwcnf,20,71,25,1.6676363945007324,True,31725.0,31725.0,0.060000000000000005
153,wuf20-0236.mwcnf,20,71,500,36.92006826400757,False,29060.0,23608.0,0.08
154,wuf20-0237.mwcnf,20,71,156,11.636067390441895,True,27223.0,27223.0,0.05
155,wuf20-0238.mwcnf,20,71,7,0.4758141040802002,True,29172.0,29172.0,0.02
156,wuf20-0239.mwcnf,20,71,20,1.439758062362671,True,30299.0,30299.0,0.03
157,wuf20-024.mwcnf,20,71,500,36.4059784412384,False,30623.0,29897.0,0.060000000000000005
158,wuf20-0240.mwcnf,20,71,456,32.517168283462524,True,31444.0,31444.0,0.08
159,wuf20-0241.mwcnf,20,71,500,35.68458867073059,False,30655.0,30261.0,0.07
160,wuf20-0242.mwcnf,20,71,7,0.4704399108886719,True,27416.0,27416.0,0.02
161,wuf20-0243.mwcnf,20,71,500,35.81734800338745,False,37048.0,28785.0,0.060000000000000005
162,wuf20-0244.mwcnf,20,71,15,1.3368148803710938,True,31909.0,31909.0,0.02
163,wuf20-0245.mwcnf,20,71,7,0.5163378715515137,True,27320.0,27320.0,0.02
164,wuf20-0246.mwcnf,20,71,500,36.247331619262695,False,31034.0,30892.0,0.07
165,wuf20-0247.mwcnf,20,71,500,35.49750995635986,False,30845.0,25062.0,0.060000000000000005
166,wuf20-0248.mwcnf,20,71,40,2.9103167057037354,True,29425.0,29425.0,0.04
167,wuf20-0249.mwcnf,20,71,11,0.7394630908966064,True,32202.0,32202.0,0.03
168,wuf20-025.mwcnf,20,71,500,35.586670875549316,False,30742.0,28320.0,0.07
169,wuf20-0250.mwcnf,20,71,7,0.4903438091278076,True,27428.0,27428.0,0.02
170,wuf20-0251.mwcnf,20,71,12,0.7857792377471924,True,28501.0,28501.0,0.02
171,wuf20-0252.mwcnf,20,71,500,39.55183959007263,False,29350.0,27127.0,0.05
172,wuf20-0253.mwcnf,20,71,500,35.34533977508545,False,29305.0,26665.0,0.09
173,wuf20-0254.mwcnf,20,71,9,0.5733120441436768,True,26592.0,26592.0,0.02
174,wuf20-0255.mwcnf,20,71,9,0.6125991344451904,True,25275.0,25275.0,0.02
175,wuf20-0256.mwcnf,20,71,12,0.7976884841918945,True,29819.0,29819.0,0.02
176,wuf20-0257.mwcnf,20,71,13,0.8604071140289307,True,28029.0,28029.0,0.03
177,wuf20-0258.mwcnf,20,71,10,0.6560585498809814,True,29409.0,29409.0,0.02
178,wuf20-0259.mwcnf,20,71,21,1.4232115745544434,True,26428.0,26428.0,0.04
179,wuf20-026.mwcnf,20,71,7,0.4703960418701172,True,26159.0,26159.0,0.02
180,wuf20-0260.mwcnf,20,71,500,42.30859589576721,False,26076.0,25983.0,0.07
181,wuf20-0261.mwcnf,20,71,8,0.6109168529510498,True,27488.0,27488.0,0.02
182,wuf20-0262.mwcnf,20,71,60,4.863795042037964,True,31483.0,31483.0,0.05
183,wuf20-0263.mwcnf,20,71,11,0.8296997547149658,True,29580.0,29580.0,0.02
184,wuf20-0264.mwcnf,20,71,500,36.41821098327637,False,30845.0,29676.0,0.060000000000000005
185,wuf20-0265.mwcnf,20,71,9,0.6413555145263672,True,28497.0,28497.0,0.02
186,wuf20-0266.mwcnf,20,71,500,34.53990817070007,False,25742.0,24835.0,0.07
187,wuf20-0267.mwcnf,20,71,10,0.7023391723632812,True,28504.0,28504.0,0.02
188,wuf20-0268.mwcnf,20,71,28,2.4353160858154297,True,30826.0,30826.0,0.060000000000000005
189,wuf20-0269.mwcnf,20,71,500,35.329649686813354,False,32481.0,29583.0,0.07
190,wuf20-027.mwcnf,20,71,8,0.5465240478515625,True,86447.0,86447.0,0.02
191,wuf20-0270.mwcnf,20,71,8,0.5486187934875488,True,26578.0,26578.0,0.02
192,wuf20-0271.mwcnf,20,71,10,0.8279027938842773,True,32574.0,32574.0,0.02
193,wuf20-0272.mwcnf,20,71,500,36.29112935066223,False,34646.0,28399.0,0.08
194,wuf20-0273.mwcnf,20,71,500,35.10994267463684,False,30530.0,28402.0,0.07
195,wuf20-0274.mwcnf,20,71,500,36.82630634307861,False,27559.0,27368.0,0.07
196,wuf20-0275.mwcnf,20,71,500,36.85941958427429,False,36039.0,32026.0,0.07
197,wuf20-0276.mwcnf,20,71,12,1.2378313541412354,True,79441.0,79441.0,0.02
198,wuf20-0277.mwcnf,20,71,500,36.71610713005066,False,83581.0,80120.0,0.060000000000000005
199,wuf20-0278.mwcnf,20,71,231,17.16273069381714,True,86148.0,86148.0,0.07
200,wuf20-0279.mwcnf,20,71,8,0.5788617134094238,True,82517.0,82517.0,0.02
201,wuf20-028.mwcnf,20,71,11,0.7359933853149414,True,86455.0,86455.0,0.02
202,wuf20-0280.mwcnf,20,71,500,36.047367811203,False,94564.0,86001.0,0.08
203,wuf20-0281.mwcnf,20,71,12,0.8131921291351318,True,98754.0,98754.0,0.02
204,wuf20-0282.mwcnf,20,71,500,35.08457612991333,False,101196.0,93014.0,0.060000000000000005
205,wuf20-0283.mwcnf,20,71,16,1.1155972480773926,True,100892.0,100892.0,0.03
206,wuf20-0284.mwcnf,20,71,500,34.04582715034485,False,94050.0,88205.0,0.07
207,wuf20-0285.mwcnf,20,71,500,35.82358193397522,False,83275.0,82451.0,0.07
208,wuf20-0286.mwcnf,20,71,500,36.499722957611084,False,95948.0,77577.0,0.060000000000000005
209,wuf20-0287.mwcnf,20,71,16,1.1082332134246826,True,83600.0,83600.0,0.04
210,wuf20-0288.mwcnf,20,71,500,34.45205640792847,False,85772.0,75988.0,0.060000000000000005
211,wuf20-0289.mwcnf,20,71,500,39.49616289138794,False,90097.0,82224.0,0.09
212,wuf20-029.mwcnf,20,71,95,8.264605522155762,True,82994.0,82994.0,0.04
213,wuf20-0290.mwcnf,20,71,6,0.6402478218078613,True,81679.0,81679.0,0.02
214,wuf20-0291.mwcnf,20,71,9,0.844487190246582,True,75371.0,75371.0,0.02
215,wuf20-0292.mwcnf,20,71,10,0.7987256050109863,True,83192.0,83192.0,0.02
216,wuf20-0293.mwcnf,20,71,11,0.8609743118286133,True,81436.0,81436.0,0.03
217,wuf20-0294.mwcnf,20,71,9,0.7356126308441162,True,76282.0,76282.0,0.03
218,wuf20-0295.mwcnf,20,71,9,0.7505111694335938,True,89736.0,89736.0,0.02
219,wuf20-0296.mwcnf,20,71,11,0.9858658313751221,True,84727.0,84727.0,0.02
220,wuf20-0297.mwcnf,20,71,11,0.8934750556945801,True,86887.0,86887.0,0.02
221,wuf20-0298.mwcnf,20,71,20,1.6715569496154785,True,82775.0,82775.0,0.04
222,wuf20-0299.mwcnf,20,71,8,0.6410782337188721,True,96070.0,96070.0,0.02
223,wuf20-03.mwcnf,20,71,500,45.62141251564026,False,95341.0,90027.0,0.09
224,wuf20-030.mwcnf,20,71,500,40.88330030441284,False,79851.0,77002.0,0.07
225,wuf20-0300.mwcnf,20,71,9,0.5942690372467041,True,91858.0,91858.0,0.02
226,wuf20-0301.mwcnf,20,71,500,34.34289836883545,False,85830.0,79551.0,0.07
227,wuf20-0302.mwcnf,20,71,95,6.336166143417358,True,86014.0,86014.0,0.05
228,wuf20-0303.mwcnf,20,71,500,34.82818269729614,False,86147.0,79883.0,0.07
229,wuf20-0304.mwcnf,20,71,500,34.22891306877136,False,99307.0,84768.0,0.060000000000000005
230,wuf20-0305.mwcnf,20,71,9,0.6109459400177002,True,85672.0,85672.0,0.02
231,wuf20-0306.mwcnf,20,71,500,33.97406029701233,False,89679.0,85213.0,0.060000000000000005
232,wuf20-0307.mwcnf,20,71,500,33.999420166015625,False,91649.0,86195.0,0.07
233,wuf20-0308.mwcnf,20,71,500,33.8944206237793,False,84081.0,74383.0,0.060000000000000005
234,wuf20-0309.mwcnf,20,71,500,34.02682089805603,False,91065.0,84051.0,0.07
235,wuf20-031.mwcnf,20,71,38,2.801321268081665,True,95605.0,95605.0,0.07
236,wuf20-0310.mwcnf,20,71,500,34.31606459617615,False,85493.0,80293.0,0.07
237,wuf20-0311.mwcnf,20,71,500,35.76431608200073,False,90886.0,86986.0,0.07
238,wuf20-0312.mwcnf,20,71,10,0.6572093963623047,True,74855.0,74855.0,0.02
239,wuf20-0313.mwcnf,20,71,500,33.10513353347778,False,86107.0,77881.0,0.07
240,wuf20-0314.mwcnf,20,71,30,1.9553067684173584,True,82150.0,82150.0,0.04
241,wuf20-0315.mwcnf,20,71,13,0.8606679439544678,True,85410.0,85410.0,0.02
242,wuf20-0316.mwcnf,20,71,500,34.761144399642944,False,83314.0,77984.0,0.07
243,wuf20-0317.mwcnf,20,71,500,34.42647171020508,False,83935.0,81238.0,0.07
244,wuf20-0318.mwcnf,20,71,9,0.6034882068634033,True,79612.0,79612.0,0.02
245,wuf20-0319.mwcnf,20,71,43,2.801077127456665,True,91009.0,91009.0,0.05
246,wuf20-032.mwcnf,20,71,73,4.941313028335571,True,84208.0,84208.0,0.07
247,wuf20-0320.mwcnf,20,71,500,34.631269693374634,False,83166.0,75182.0,0.09
248,wuf20-0321.mwcnf,20,71,20,1.3455045223236084,True,99553.0,99553.0,0.060000000000000005
249,wuf20-0322.mwcnf,20,71,11,0.7526538372039795,True,82834.0,82834.0,0.02
250,wuf20-0323.mwcnf,20,71,500,34.65420413017273,False,133282.0,115807.0,0.060000000000000005
251,wuf20-0324.mwcnf,20,71,52,3.802757740020752,True,89876.0,89876.0,0.07
252,wuf20-0325.mwcnf,20,71,10,0.6895601749420166,True,83231.0,83231.0,0.02
253,wuf20-0326.mwcnf,20,71,500,34.60315537452698,False,83905.0,73030.0,0.07
254,wuf20-0327.mwcnf,20,71,10,0.6575567722320557,True,98410.0,98410.0,0.02
255,wuf20-0328.mwcnf,20,71,500,34.30195212364197,False,92985.0,76134.0,0.07
256,wuf20-0329.mwcnf,20,71,500,33.77551627159119,False,91379.0,77727.0,0.07
257,wuf20-033.mwcnf,20,71,500,35.510276079177856,False,87882.0,87744.0,0.07
258,wuf20-0330.mwcnf,20,71,15,1.1896932125091553,True,95822.0,95822.0,0.02
259,wuf20-0331.mwcnf,20,71,27,2.0049874782562256,True,85065.0,85065.0,0.05
260,wuf20-0332.mwcnf,20,71,45,2.984492063522339,True,97688.0,97688.0,0.04
261,wuf20-0333.mwcnf,20,71,500,33.99079203605652,False,91298.0,81756.0,0.07
262,wuf20-0334.mwcnf,20,71,31,2.101222276687622,True,88493.0,88493.0,0.05
263,wuf20-0335.mwcnf,20,71,500,33.35162043571472,False,80725.0,75410.0,0.07
264,wuf20-0336.mwcnf,20,71,500,33.84828281402588,False,114682.0,87019.0,0.07
265,wuf20-0337.mwcnf,20,71,10,0.6404221057891846,True,103026.0,103026.0,0.02
266,wuf20-0338.mwcnf,20,71,500,34.74791073799133,False,96024.0,93878.0,0.060000000000000005
267,wuf20-0339.mwcnf,20,71,10,0.67191481590271,True,84217.0,84217.0,0.03
268,wuf20-034.mwcnf,20,71,8,0.5343313217163086,True,82952.0,82952.0,0.02
269,wuf20-0340.mwcnf,20,71,8,0.5302040576934814,True,89012.0,89012.0,0.02
270,wuf20-0341.mwcnf,20,71,11,0.7666831016540527,True,94788.0,94788.0,0.02
271,wuf20-0342.mwcnf,20,71,500,33.464531898498535,False,91564.0,89627.0,0.07
272,wuf20-0343.mwcnf,20,71,8,0.5324218273162842,True,83184.0,83184.0,0.02
273,wuf20-0344.mwcnf,20,71,500,32.8876850605011,False,82838.0,73913.0,0.07
274,wuf20-0345.mwcnf,20,71,12,0.8280973434448242,True,83183.0,83183.0,0.03
275,wuf20-0346.mwcnf,20,71,9,0.5835721492767334,True,83773.0,83773.0,0.02
276,wuf20-0347.mwcnf,20,71,500,34.173075675964355,False,89861.0,85570.0,0.060000000000000005
277,wuf20-0348.mwcnf,20,71,7,0.46871113777160645,True,83012.0,83012.0,0.02
278,wuf20-0349.mwcnf,20,71,500,36.255523920059204,False,89006.0,86822.0,0.060000000000000005
279,wuf20-035.mwcnf,20,71,8,0.5331861972808838,True,62814.0,62814.0,0.02
280,wuf20-0350.mwcnf,20,71,500,40.06253504753113,False,99048.0,83795.0,0.07
281,wuf20-0351.mwcnf,20,71,8,0.5951015949249268,True,84198.0,84198.0,0.02
282,wuf20-0352.mwcnf,20,71,12,0.9074842929840088,True,84611.0,84611.0,0.02
283,wuf20-0353.mwcnf,20,71,8,0.5159838199615479,True,86790.0,86790.0,0.02
284,wuf20-0354.mwcnf,20,71,500,38.51900577545166,False,113914.0,84516.0,0.07
285,wuf20-0355.mwcnf,20,71,9,0.9070115089416504,True,86934.0,86934.0,0.02
286,wuf20-0356.mwcnf,20,71,10,0.9703264236450195,True,77941.0,77941.0,0.02
287,wuf20-0357.mwcnf,20,71,14,1.439948558807373,True,86556.0,86556.0,0.03
288,wuf20-0358.mwcnf,20,71,8,0.7258965969085693,True,89059.0,89059.0,0.02
289,wuf20-0359.mwcnf,20,71,11,0.9230964183807373,True,83046.0,83046.0,0.03
290,wuf20-036.mwcnf,20,71,9,0.7663083076477051,True,86294.0,86294.0,0.02
291,wuf20-0360.mwcnf,20,71,500,52.373539209365845,False,87465.0,86507.0,0.060000000000000005
292,wuf20-0361.mwcnf,20,71,16,1.8179714679718018,True,92150.0,92150.0,0.03
293,wuf20-0362.mwcnf,20,71,21,2.4802541732788086,True,82773.0,82773.0,0.03
294,wuf20-0363.mwcnf,20,71,10,0.9880125522613525,True,77169.0,77169.0,0.03
295,wuf20-0364.mwcnf,20,71,11,1.1521382331848145,True,85142.0,85142.0,0.02
296,wuf20-0365.mwcnf,20,71,10,0.9686706066131592,True,94206.0,94206.0,0.02
297,wuf20-0366.mwcnf,20,71,10,1.1267564296722412,True,78152.0,78152.0,0.02
298,wuf20-0367.mwcnf,20,71,500,56.218191146850586,False,90083.0,89327.0,0.08
299,wuf20-0368.mwcnf,20,71,12,1.1184680461883545,True,90817.0,90817.0,0.02
300,wuf20-0369.mwcnf,20,71,150,15.58203935623169,True,84334.0,84334.0,0.060000000000000005
301,wuf20-037.mwcnf,20,71,500,53.2479248046875,False,74197.0,73891.0,0.08
302,wuf20-0370.mwcnf,20,71,500,52.351572036743164,False,97006.0,95429.0,0.060000000000000005
303,wuf20-0371.mwcnf,20,71,500,51.975924253463745,False,90605.0,74770.0,0.09
304,wuf20-0372.mwcnf,20,71,17,1.87636399269104,True,98945.0,98945.0,0.03
305,wuf20-0373.mwcnf,20,71,485,52.98029017448425,True,107923.0,107923.0,0.07
306,wuf20-0374.mwcnf,20,71,500,52.29560351371765,False,78468.0,73110.0,0.060000000000000005
307,wuf20-0375.mwcnf,20,71,500,54.55639672279358,False,91221.0,87769.0,0.07
308,wuf20-0376.mwcnf,20,71,500,54.09556698799133,False,82918.0,74167.0,0.07
309,wuf20-0377.mwcnf,20,71,9,0.8761663436889648,True,83489.0,83489.0,0.02
310,wuf20-0378.mwcnf,20,71,49,4.913825988769531,True,80998.0,80998.0,0.07
311,wuf20-0379.mwcnf,20,71,12,1.0785748958587646,True,79954.0,79954.0,0.02
312,wuf20-038.mwcnf,20,71,9,0.9699230194091797,True,86812.0,86812.0,0.02
313,wuf20-0380.mwcnf,20,71,12,1.09564208984375,True,96626.0,96626.0,0.02
314,wuf20-0381.mwcnf,20,71,500,51.31408977508545,False,88979.0,88127.0,0.07
315,wuf20-0382.mwcnf,20,71,11,1.079571008682251,True,88399.0,88399.0,0.02
316,wuf20-0383.mwcnf,20,71,500,60.418241024017334,False,87013.0,82630.0,0.07
317,wuf20-0384.mwcnf,20,71,500,58.54233527183533,False,97612.0,72922.0,0.07
318,wuf20-0385.mwcnf,20,71,8,1.0007102489471436,True,88582.0,88582.0,0.02
319,wuf20-0386.mwcnf,20,71,10,1.5088815689086914,True,81035.0,81035.0,0.02
320,wuf20-0387.mwcnf,20,71,500,50.85969066619873,False,122178.0,95711.0,0.07
321,wuf20-0388.mwcnf,20,71,8,0.8950040340423584,True,78726.0,78726.0,0.02
322,wuf20-0389.mwcnf,20,71,500,50.90244936943054,False,88796.0,86558.0,0.060000000000000005
323,wuf20-039.mwcnf,20,71,11,1.1886837482452393,True,84487.0,84487.0,0.02
324,wuf20-0390.mwcnf,20,71,27,2.6138172149658203,True,88654.0,88654.0,0.04
325,wuf20-0391.mwcnf,20,71,500,52.711758613586426,False,80634.0,77302.0,0.07
326,wuf20-0392.mwcnf,20,71,500,52.50640511512756,False,90430.0,85969.0,0.08
327,wuf20-0393.mwcnf,20,71,8,0.9219796657562256,True,80720.0,80720.0,0.02
328,wuf20-0394.mwcnf,20,71,500,59.2286901473999,False,82338.0,81641.0,0.07
329,wuf20-0395.mwcnf,20,71,8,0.7808165550231934,True,89314.0,89314.0,0.02
330,wuf20-0396.mwcnf,20,71,11,1.2033491134643555,True,92661.0,92661.0,0.02
331,wuf20-0397.mwcnf,20,71,22,2.23635196685791,True,94797.0,94797.0,0.05
332,wuf20-0398.mwcnf,20,71,6,0.6271588802337646,True,84649.0,84649.0,0.02
333,wuf20-0399.mwcnf,20,71,8,0.9381430149078369,True,84001.0,84001.0,0.02
334,wuf20-04.mwcnf,20,71,500,55.723994970321655,False,21050.0,15813.0,0.07
335,wuf20-040.mwcnf,20,71,500,54.7559027671814,False,19170.0,18216.0,0.060000000000000005
336,wuf20-0400.mwcnf,20,71,93,9.209539651870728,True,85953.0,85953.0,0.060000000000000005
337,wuf20-0401.mwcnf,20,71,9,1.077167272567749,True,83732.0,83732.0,0.02
338,wuf20-0402.mwcnf,20,71,15,1.4780161380767822,True,85895.0,85895.0,0.04
339,wuf20-0403.mwcnf,20,71,10,1.0791006088256836,True,79563.0,79563.0,0.02
340,wuf20-0404.mwcnf,20,71,16,2.3613271713256836,True,102729.0,102729.0,0.03
341,wuf20-0405.mwcnf,20,71,384,45.61277174949646,True,122979.0,122979.0,0.060000000000000005
342,wuf20-0406.mwcnf,20,71,500,57.05368733406067,False,99989.0,83699.0,0.09
343,wuf20-0407.mwcnf,20,71,500,62.32191443443298,False,103005.0,88799.0,0.08
344,wuf20-0408.mwcnf,20,71,4,0.3906064033508301,True,82721.0,82721.0,0.02
345,wuf20-0409.mwcnf,20,71,500,58.908257722854614,False,78257.0,77881.0,0.060000000000000005
346,wuf20-041.mwcnf,20,71,8,0.6874806880950928,True,19206.0,19206.0,0.02
347,wuf20-0410.mwcnf,20,71,10,1.0945124626159668,True,17914.0,17914.0,0.02
348,wuf20-0411.mwcnf,20,71,500,52.1673538684845,False,18130.0,18122.0,0.08
349,wuf20-0412.mwcnf,20,71,8,0.9380519390106201,True,20005.0,20005.0,0.02
350,wuf20-0413.mwcnf,20,71,10,1.032888412475586,True,18774.0,18774.0,0.02
351,wuf20-0414.mwcnf,20,71,500,52.89343476295471,False,16616.0,16480.0,0.08
352,wuf20-0415.mwcnf,20,71,19,1.9874706268310547,True,20821.0,20821.0,0.04
353,wuf20-0416.mwcnf,20,71,9,0.8506631851196289,True,18534.0,18534.0,0.02
354,wuf20-0417.mwcnf,20,71,31,3.6151933670043945,True,20356.0,20356.0,0.05
355,wuf20-0418.mwcnf,20,71,500,51.49630808830261,False,19036.0,19024.0,0.09
356,wuf20-0419.mwcnf,20,71,500,57.868826150894165,False,19120.0,17996.0,0.07
357,wuf20-042.mwcnf,20,71,390,40.158692359924316,True,19693.0,19693.0,0.07
358,wuf20-0420.mwcnf,20,71,36,3.9521453380584717,True,21031.0,21031.0,0.060000000000000005
359,wuf20-0421.mwcnf,20,71,11,1.1188457012176514,True,22509.0,22509.0,0.03
360,wuf20-0422.mwcnf,20,71,9,0.8284904956817627,True,15971.0,15971.0,0.02
361,wuf20-0423.mwcnf,20,71,500,51.82647728919983,False,19418.0,17749.0,0.07
362,wuf20-0424.mwcnf,20,71,23,2.4254190921783447,True,18332.0,18332.0,0.04
363,wuf20-0425.mwcnf,20,71,12,1.1738436222076416,True,22726.0,22726.0,0.03
364,wuf20-0426.mwcnf,20,71,500,53.85107612609863,False,20157.0,16886.0,0.060000000000000005
365,wuf20-0427.mwcnf,20,71,8,0.8762643337249756,True,21485.0,21485.0,0.02
366,wuf20-0428.mwcnf,20,71,31,3.2855935096740723,True,20635.0,20635.0,0.060000000000000005
367,wuf20-0429.mwcnf,20,71,8,0.6889877319335938,True,18420.0,18420.0,0.02
368,wuf20-043.mwcnf,20,71,500,51.48820209503174,False,23770.0,17669.0,0.08
369,wuf20-0430.mwcnf,20,71,17,1.813835620880127,True,29841.0,29841.0,0.03
370,wuf20-0431.mwcnf,20,71,500,59.29300904273987,False,21065.0,20939.0,0.07
371,wuf20-0432.mwcnf,20,71,500,55.928558349609375,False,17591.0,17150.0,0.07
372,wuf20-0433.mwcnf,20,71,500,51.73670268058777,False,19424.0,17025.0,0.05
373,wuf20-0434.mwcnf,20,71,9,0.922370195388794,True,18792.0,18792.0,0.02
374,wuf20-0435.mwcnf,20,71,500,51.5748655796051,False,20152.0,19560.0,0.09
375,wuf20-0436.mwcnf,20,71,12,1.174236536026001,True,20598.0,20598.0,0.02
376,wuf20-0437.mwcnf,20,71,84,8.41739296913147,True,22902.0,22902.0,0.05
377,wuf20-0438.mwcnf,20,71,500,56.67457413673401,False,20740.0,20322.0,0.09
378,wuf20-0439.mwcnf,20,71,16,1.5183024406433105,True,20527.0,20527.0,0.04
379,wuf20-044.mwcnf,20,71,284,29.923362493515015,True,18705.0,18705.0,0.060000000000000005
380,wuf20-0440.mwcnf,20,71,14,1.2942194938659668,True,19933.0,19933.0,0.02
381,wuf20-0441.mwcnf,20,71,500,53.21600532531738,False,20415.0,19990.0,0.07
382,wuf20-0442.mwcnf,20,71,11,1.219597578048706,True,21920.0,21920.0,0.02
383,wuf20-0443.mwcnf,20,71,500,54.425830125808716,False,20804.0,19510.0,0.07
384,wuf20-0444.mwcnf,20,71,61,7.136383056640625,True,22156.0,22156.0,0.05
385,wuf20-0445.mwcnf,20,71,113,13.437215805053711,True,20062.0,20062.0,0.060000000000000005
386,wuf20-0446.mwcnf,20,71,9,0.9689357280731201,True,20808.0,20808.0,0.02
387,wuf20-0447.mwcnf,20,71,500,52.2281379699707,False,19306.0,18015.0,0.07
388,wuf20-0448.mwcnf,20,71,13,1.2196238040924072,True,16014.0,16014.0,0.05
389,wuf20-0449.mwcnf,20,71,8,0.9318277835845947,True,17521.0,17521.0,0.02
390,wuf20-045.mwcnf,20,71,13,1.6646003723144531,True,20534.0,20534.0,0.02
391,wuf20-0450.mwcnf,20,71,500,52.6794798374176,False,22519.0,21515.0,0.060000000000000005
392,wuf20-0451.mwcnf,20,71,10,1.063194751739502,True,20521.0,20521.0,0.02
393,wuf20-0452.mwcnf,20,71,500,57.625797748565674,False,19361.0,18097.0,0.08
394,wuf20-0453.mwcnf,20,71,500,56.869847774505615,False,21825.0,21469.0,0.07
395,wuf20-0454.mwcnf,20,71,500,52.60916256904602,False,21213.0,21192.0,0.07
396,wuf20-0455.mwcnf,20,71,500,52.94385361671448,False,19431.0,18522.0,0.09
397,wuf20-0456.mwcnf,20,71,9,0.9547426700592041,True,18301.0,18301.0,0.02
398,wuf20-0457.mwcnf,20,71,11,1.3626699447631836,True,22099.0,22099.0,0.02
399,wuf20-0458.mwcnf,20,71,9,1.2336010932922363,True,20279.0,20279.0,0.02
400,wuf20-0459.mwcnf,20,71,500,54.9111225605011,False,20845.0,15818.0,0.060000000000000005
401,wuf20-046.mwcnf,20,71,8,0.7574257850646973,True,20706.0,20706.0,0.02
402,wuf20-0460.mwcnf,20,71,10,0.9542639255523682,True,19138.0,19138.0,0.02
403,wuf20-0461.mwcnf,20,71,500,52.68608331680298,False,16927.0,16416.0,0.09
404,wuf20-0462.mwcnf,20,71,9,1.0000944137573242,True,17103.0,17103.0,0.02
405,wuf20-0463.mwcnf,20,71,500,52.752147912979126,False,21394.0,21063.0,0.09999999999999999
406,wuf20-0464.mwcnf,20,71,14,1.3606162071228027,True,16661.0,16661.0,0.03
407,wuf20-0465.mwcnf,20,71,500,54.242645502090454,False,19476.0,17240.0,0.060000000000000005
408,wuf20-0466.mwcnf,20,71,500,51.14741492271423,False,21094.0,19403.0,0.060000000000000005
409,wuf20-0467.mwcnf,20,71,12,1.0489397048950195,True,22025.0,22025.0,0.02
410,wuf20-0468.mwcnf,20,71,13,1.4698452949523926,True,19353.0,19353.0,0.02
411,wuf20-0469.mwcnf,20,71,500,53.55577898025513,False,17879.0,16786.0,0.07
412,wuf20-047.mwcnf,20,71,500,53.954021692276,False,17074.0,15947.0,0.09
413,wuf20-0470.mwcnf,20,71,500,53.93838548660278,False,20911.0,20557.0,0.08
414,wuf20-0471.mwcnf,20,71,500,51.37325954437256,False,21411.0,18034.0,0.07
415,wuf20-0472.mwcnf,20,71,500,52.421953201293945,False,19286.0,19055.0,0.09
416,wuf20-0473.mwcnf,20,71,500,52.8828821182251,False,18898.0,18018.0,0.07
417,wuf20-0474.mwcnf,20,71,11,1.0172944068908691,True,17408.0,17408.0,0.02
418,wuf20-0475.mwcnf,20,71,45,4.626697778701782,True,20966.0,20966.0,0.04
419,wuf20-0476.mwcnf,20,71,500,51.780839920043945,False,20306.0,18635.0,0.08
420,wuf20-0477.mwcnf,20,71,9,0.9225640296936035,True,16348.0,16348.0,0.02
421,wuf20-0478.mwcnf,20,71,9,0.8454999923706055,True,17697.0,17697.0,0.02
422,wuf20-0479.mwcnf,20,71,9,0.8762075901031494,True,19035.0,19035.0,0.02
423,wuf20-048.mwcnf,20,71,500,54.509698152542114,False,17812.0,17710.0,0.09
424,wuf20-0480.mwcnf,20,71,10,1.0171148777008057,True,19994.0,19994.0,0.02
425,wuf20-0481.mwcnf,20,71,10,1.0010910034179688,True,16629.0,16629.0,0.02
426,wuf20-0482.mwcnf,20,71,500,51.89051556587219,False,18825.0,18280.0,0.08
427,wuf20-0483.mwcnf,20,71,9,0.9850478172302246,True,19395.0,19395.0,0.02
428,wuf20-0484.mwcnf,20,71,8,0.8293125629425049,True,20596.0,20596.0,0.02
429,wuf20-0485.mwcnf,20,71,500,53.384300231933594,False,24438.0,18211.0,0.07
430,wuf20-0486.mwcnf,20,71,182,18.944500207901,True,24915.0,24915.0,0.07
431,wuf20-0487.mwcnf,20,71,9,0.9381816387176514,True,18412.0,18412.0,0.02
432,wuf20-0488.mwcnf,20,71,15,1.5556905269622803,True,21131.0,21131.0,0.03
433,wuf20-0489.mwcnf,20,71,189,18.776631355285645,True,18369.0,18369.0,0.07
434,wuf20-049.mwcnf,20,71,500,51.53752827644348,False,18770.0,17545.0,0.060000000000000005
435,wuf20-0490.mwcnf,20,71,9,0.8992412090301514,True,17374.0,17374.0,0.02
436,wuf20-0491.mwcnf,20,71,49,5.085979700088501,True,20221.0,20221.0,0.08
437,wuf20-0492.mwcnf,20,71,11,1.1570875644683838,True,18341.0,18341.0,0.02
438,wuf20-0493.mwcnf,20,71,9,0.9542016983032227,True,19595.0,19595.0,0.02
439,wuf20-0494.mwcnf,20,71,12,1.079030990600586,True,20162.0,20162.0,0.03
440,wuf20-0495.mwcnf,20,71,23,3.2867507934570312,True,20097.0,20097.0,0.04
441,wuf20-0496.mwcnf,20,71,500,75.74309825897217,False,17498.0,16237.0,0.08
442,wuf20-0497.mwcnf,20,71,311,35.14858293533325,True,18847.0,18847.0,0.08
443,wuf20-0498.mwcnf,20,71,100,13.186075687408447,True,18752.0,18752.0,0.060000000000000005
444,wuf20-0499.mwcnf,20,71,11,2.1601991653442383,True,22169.0,22169.0,0.02
445,wuf20-05.mwcnf,20,71,10,1.6831672191619873,True,67392.0,67392.0,0.02
446,wuf20-050.mwcnf,20,71,500,68.44755458831787,False,18516.0,16736.0,0.07
447,wuf20-0500.mwcnf,20,71,500,57.15078830718994,False,20581.0,19985.0,0.060000000000000005
448,wuf20-0501.mwcnf,20,71,500,52.25147294998169,False,18167.0,16623.0,0.07
449,wuf20-0502.mwcnf,20,71,9,0.8746485710144043,True,22096.0,22096.0,0.02
450,wuf20-0503.mwcnf,20,71,16,1.672961950302124,True,21788.0,21788.0,0.04
451,wuf20-0504.mwcnf,20,71,500,51.68250107765198,False,20974.0,19055.0,0.060000000000000005
452,wuf20-0505.mwcnf,20,71,500,51.83595037460327,False,16747.0,16232.0,0.08
453,wuf20-0506.mwcnf,20,71,8,0.7442424297332764,True,18514.0,18514.0,0.02
454,wuf20-0507.mwcnf,20,71,45,4.615341663360596,True,18941.0,18941.0,0.04
455,wuf20-0508.mwcnf,20,71,500,51.44131422042847,False,19108.0,17201.0,0.07
456,wuf20-0509.mwcnf,20,71,8,0.7519118785858154,True,21890.0,21890.0,0.02
457,wuf20-051.mwcnf,20,71,500,52.29196643829346,False,20085.0,19179.0,0.08
458,wuf20-0510.mwcnf,20,71,10,1.0005221366882324,True,21766.0,21766.0,0.02
459,wuf20-0511.mwcnf,20,71,500,58.700915813446045,False,22195.0,20465.0,0.08
460,wuf20-0512.mwcnf,20,71,10,1.066094160079956,True,19840.0,19840.0,0.02
461,wuf20-0513.mwcnf,20,71,9,1.0015146732330322,True,19399.0,19399.0,0.02
462,wuf20-0514.mwcnf,20,71,9,0.9555637836456299,True,17701.0,17701.0,0.02
463,wuf20-0515.mwcnf,20,71,12,1.2296624183654785,True,18797.0,18797.0,0.02
464,wuf20-0516.mwcnf,20,71,12,1.4124040603637695,True,20937.0,20937.0,0.02
465,wuf20-0517.mwcnf,20,71,215,28.547745943069458,True,18891.0,18891.0,0.08
466,wuf20-0518.mwcnf,20,71,9,1.0103328227996826,True,20596.0,20596.0,0.02
467,wuf20-0519.mwcnf,20,71,5,0.6593770980834961,True,17248.0,17248.0,0.02
468,wuf20-052.mwcnf,20,71,10,1.0998618602752686,True,16467.0,16467.0,0.02
469,wuf20-0520.mwcnf,20,71,15,1.967895746231079,True,20975.0,20975.0,0.02
470,wuf20-0521.mwcnf,20,71,500,61.46757674217224,False,20809.0,20265.0,0.07
471,wuf20-0522.mwcnf,20,71,11,1.0811536312103271,True,22014.0,22014.0,0.02
472,wuf20-0523.mwcnf,20,71,500,65.17925310134888,False,17873.0,17328.0,0.060000000000000005
473,wuf20-0524.mwcnf,20,71,5,0.5027542114257812,True,17288.0,17288.0,0.02
474,wuf20-0525.mwcnf,20,71,9,1.1128830909729004,True,20911.0,20911.0,0.02
475,wuf20-0526.mwcnf,20,71,10,1.237170696258545,True,19022.0,19022.0,0.02
476,wuf20-0527.mwcnf,20,71,12,1.2496848106384277,True,20510.0,20510.0,0.02
477,wuf20-0528.mwcnf,20,71,500,62.198227882385254,False,20958.0,19433.0,0.07
478,wuf20-0529.mwcnf,20,71,8,1.09163498878479,True,19322.0,19322.0,0.02
479,wuf20-053.mwcnf,20,71,10,1.051410436630249,True,18251.0,18251.0,0.02
480,wuf20-0530.mwcnf,20,71,500,56.64151167869568,False,19748.0,18429.0,0.07
481,wuf20-0531.mwcnf,20,71,10,3.922987937927246,True,19451.0,19451.0,0.02
482,wuf20-0532.mwcnf,20,71,500,61.68526792526245,False,18777.0,18063.0,0.07
483,wuf20-0533.mwcnf,20,71,500,58.74813103675842,False,20548.0,18713.0,0.07
484,wuf20-0534.mwcnf,20,71,11,1.5637247562408447,True,19219.0,19219.0,0.03
485,wuf20-0535.mwcnf,20,71,24,3.3334078788757324,True,20208.0,20208.0,0.05
486,wuf20-0536.mwcnf,20,71,500,57.83254837989807,False,20402.0,19262.0,0.09
487,wuf20-0537.mwcnf,20,71,9,1.078895092010498,True,20111.0,20111.0,0.02
488,wuf20-0538.mwcnf,20,71,34,4.1318933963775635,True,20043.0,20043.0,0.05
489,wuf20-0539.mwcnf,20,71,7,0.7186191082000732,True,17431.0,17431.0,0.02
490,wuf20-054.mwcnf,20,71,11,1.1742432117462158,True,82730.0,82730.0,0.02
491,wuf20-0540.mwcnf,20,71,500,56.24466037750244,False,20555.0,17299.0,0.060000000000000005
492,wuf20-0541.mwcnf,20,71,5,0.6404643058776855,True,19377.0,19377.0,0.02
493,wuf20-0542.mwcnf,20,71,9,1.2682981491088867,True,17443.0,17443.0,0.02
494,wuf20-0543.mwcnf,20,71,500,55.63028073310852,False,20920.0,19465.0,0.08
495,wuf20-0544.mwcnf,20,71,10,0.9696028232574463,True,79059.0,79059.0,0.02
496,wuf20-0545.mwcnf,20,71,500,60.16559290885925,False,66656.0,61400.0,0.060000000000000005
497,wuf20-0546.mwcnf,20,71,14,2.126818895339966,True,84307.0,84307.0,0.02
498,wuf20-0547.mwcnf,20,71,17,2.4673025608062744,True,93413.0,93413.0,0.03
499,wuf20-0548.mwcnf,20,71,500,59.302531003952026,False,90161.0,78927.0,0.05
500,wuf20-0549.mwcnf,20,71,500,64.03116917610168,False,82175.0,77259.0,0.07
501,wuf20-055.mwcnf,20,71,500,66.12815451622009,False,88952.0,82989.0,0.07
502,wuf20-0550.mwcnf,20,71,10,1.314279556274414,True,74993.0,74993.0,0.02
503,wuf20-0551.mwcnf,20,71,12,1.6732654571533203,True,77318.0,77318.0,0.02
504,wuf20-0552.mwcnf,20,71,24,3.191524028778076,True,86480.0,86480.0,0.03
505,wuf20-0553.mwcnf,20,71,9,1.331507682800293,True,81784.0,81784.0,0.02
506,wuf20-0554.mwcnf,20,71,9,1.2813732624053955,True,80650.0,80650.0,0.02
507,wuf20-0555.mwcnf,20,71,500,56.89592003822327,False,75403.0,75024.0,0.08
508,wuf20-0556.mwcnf,20,71,8,1.2669525146484375,True,82117.0,82117.0,0.02
509,wuf20-0557.mwcnf,20,71,500,56.09275269508362,False,84443.0,82090.0,0.07
510,wuf20-0558.mwcnf,20,71,15,1.701740026473999,True,85386.0,85386.0,0.02
511,wuf20-0559.mwcnf,20,71,12,1.5703577995300293,True,81491.0,81491.0,0.02
512,wuf20-056.mwcnf,20,71,58,7.063796758651733,True,75448.0,75448.0,0.060000000000000005
513,wuf20-0560.mwcnf,20,71,500,56.8619749546051,False,73675.0,71200.0,0.10999999999999999
514,wuf20-0561.mwcnf,20,71,5,0.48923683166503906,True,74124.0,74124.0,0.02
515,wuf20-0562.mwcnf,20,71,500,69.09212327003479,False,82035.0,78546.0,0.07
516,wuf20-0563.mwcnf,20,71,41,4.6163599491119385,True,77152.0,77152.0,0.05
517,wuf20-0564.mwcnf,20,71,500,56.91744017601013,False,80840.0,79282.0,0.09
518,wuf20-0565.mwcnf,20,71,10,1.1412830352783203,True,78687.0,78687.0,0.02
519,wuf20-0566.mwcnf,20,71,10,1.1094002723693848,True,77057.0,77057.0,0.02
520,wuf20-0567.mwcnf,20,71,500,56.682788133621216,False,83411.0,80218.0,0.09
521,wuf20-0568.mwcnf,20,71,500,57.46523308753967,False,70503.0,68861.0,0.08
522,wuf20-0569.mwcnf,20,71,17,1.7842600345611572,True,81700.0,81700.0,0.04
523,wuf20-057.mwcnf,20,71,32,3.549365997314453,True,77306.0,77306.0,0.05
524,wuf20-0570.mwcnf,20,71,500,64.85515832901001,False,90900.0,81048.0,0.08
525,wuf20-0571.mwcnf,20,71,10,0.9854676723480225,True,71637.0,71637.0,0.02
526,wuf20-0572.mwcnf,20,71,7,0.757174015045166,True,69659.0,69659.0,0.02
527,wuf20-0573.mwcnf,20,71,17,1.8452064990997314,True,90341.0,90341.0,0.03
528,wuf20-0574.mwcnf,20,71,25,2.9919168949127197,True,67338.0,67338.0,0.05
529,wuf20-0575.mwcnf,20,71,9,1.0168147087097168,True,74368.0,74368.0,0.02
530,wuf20-0576.mwcnf,20,71,195,26.300988912582397,True,75401.0,75401.0,0.060000000000000005
531,wuf20-0577.mwcnf,20,71,219,26.34349513053894,True,68849.0,68849.0,0.060000000000000005
532,wuf20-0578.mwcnf,20,71,14,1.4625952243804932,True,82436.0,82436.0,0.02
533,wuf20-0579.mwcnf,20,71,10,1.095665454864502,True,78190.0,78190.0,0.02
534,wuf20-058.mwcnf,20,71,465,54.240341901779175,True,80412.0,80412.0,0.05
535,wuf20-0580.mwcnf,20,71,500,57.23580574989319,False,83520.0,70683.0,0.060000000000000005
536,wuf20-0581.mwcnf,20,71,500,58.582650661468506,False,71343.0,71207.0,0.08
537,wuf20-0582.mwcnf,20,71,7,0.9391818046569824,True,72951.0,72951.0,0.02
538,wuf20-0583.mwcnf,20,71,500,55.68414115905762,False,70167.0,69684.0,0.08
539,wuf20-0584.mwcnf,20,71,500,60.43458580970764,False,75439.0,71654.0,0.060000000000000005
540,wuf20-0585.mwcnf,20,71,8,1.0321879386901855,True,75529.0,75529.0,0.02
541,wuf20-0586.mwcnf,20,71,10,1.0627875328063965,True,82986.0,82986.0,0.02
542,wuf20-0587.mwcnf,20,71,12,1.4101312160491943,True,66339.0,66339.0,0.02
543,wuf20-0588.mwcnf,20,71,500,62.817474365234375,False,91067.0,87124.0,0.060000000000000005
544,wuf20-0589.mwcnf,20,71,500,57.9471640586853,False,76612.0,75668.0,0.09999999999999999
545,wuf20-059.mwcnf,20,71,49,5.633155822753906,True,68316.0,68316.0,0.04
546,wuf20-0590.mwcnf,20,71,500,60.09531497955322,False,86269.0,83487.0,0.060000000000000005
547,wuf20-0591.mwcnf,20,71,500,62.47615122795105,False,89746.0,77367.0,0.060000000000000005
548,wuf20-0592.mwcnf,20,71,500,55.10139536857605,False,79032.0,74692.0,0.07
549,wuf20-0593.mwcnf,20,71,500,57.66738939285278,False,80395.0,75376.0,0.060000000000000005
550,wuf20-0594.mwcnf,20,71,500,57.58650517463684,False,71984.0,70801.0,0.07
551,wuf20-0595.mwcnf,20,71,11,1.1451525688171387,True,78784.0,78784.0,0.03
552,wuf20-0596.mwcnf,20,71,500,54.970114946365356,False,77505.0,76097.0,0.07
553,wuf20-0597.mwcnf,20,71,25,3.019937038421631,True,85870.0,85870.0,0.04
554,wuf20-0598.mwcnf,20,71,500,57.35920739173889,False,74994.0,73456.0,0.060000000000000005
555,wuf20-0599.mwcnf,20,71,11,1.001502513885498,True,78923.0,78923.0,0.02
556,wuf20-06.mwcnf,20,71,9,0.9955613613128662,True,46198.0,46198.0,0.02
557,wuf20-060.mwcnf,20,71,9,1.3513917922973633,True,68642.0,68642.0,0.03
558,wuf20-0600.mwcnf,20,71,405,47.82435655593872,True,76668.0,76668.0,0.07
559,wuf20-0601.mwcnf,20,71,15,1.8150105476379395,True,83264.0,83264.0,0.03
560,wuf20-0602.mwcnf,20,71,6,0.6707024574279785,True,67954.0,67954.0,0.02
561,wuf20-0603.mwcnf,20,71,500,63.4486768245697,False,72931.0,68797.0,0.060000000000000005
562,wuf20-0604.mwcnf,20,71,8,0.786524772644043,True,75604.0,75604.0,0.03
563,wuf20-0605.mwcnf,20,71,12,1.3288273811340332,True,91845.0,91845.0,0.03
564,wuf20-0606.mwcnf,20,71,10,1.3040015697479248,True,73885.0,73885.0,0.02
565,wuf20-0607.mwcnf,20,71,47,5.177502870559692,True,82133.0,82133.0,0.05
566,wuf20-0608.mwcnf,20,71,500,55.93213510513306,False,90463.0,77689.0,0.05
567,wuf20-0609.mwcnf,20,71,500,54.16637706756592,False,77191.0,66417.0,0.060000000000000005
568,wuf20-061.mwcnf,20,71,500,57.240835666656494,False,76421.0,71459.0,0.08
569,wuf20-0610.mwcnf,20,71,500,54.693259477615356,False,70439.0,69197.0,0.07
570,wuf20-0611.mwcnf,20,71,500,57.53609538078308,False,84016.0,81826.0,0.07
571,wuf20-0612.mwcnf,20,71,500,55.641600370407104,False,82095.0,81307.0,0.08
572,wuf20-0613.mwcnf,20,71,11,1.1332788467407227,True,79989.0,79989.0,0.02
573,wuf20-0614.mwcnf,20,71,500,57.276413917541504,False,72582.0,68456.0,0.07
574,wuf20-0615.mwcnf,20,71,500,56.018770694732666,False,78967.0,67227.0,0.08
575,wuf20-0616.mwcnf,20,71,500,54.93829274177551,False,89220.0,78070.0,0.060000000000000005
576,wuf20-0617.mwcnf,20,71,45,4.660715103149414,True,84020.0,84020.0,0.04
577,wuf20-0618.mwcnf,20,71,10,1.1248407363891602,True,72986.0,72986.0,0.02
578,wuf20-0619.mwcnf,20,71,6,0.7665090560913086,True,84162.0,84162.0,0.02
579,wuf20-062.mwcnf,20,71,10,1.1630516052246094,True,85089.0,85089.0,0.02
580,wuf20-0620.mwcnf,20,71,13,1.5079121589660645,True,84301.0,84301.0,0.02
581,wuf20-0621.mwcnf,20,71,8,0.7515730857849121,True,76760.0,76760.0,0.02
582,wuf20-0622.mwcnf,20,71,90,10.323831558227539,True,104675.0,104675.0,0.05
583,wuf20-0623.mwcnf,20,71,9,1.123915433883667,True,76995.0,76995.0,0.02
584,wuf20-0624.mwcnf,20,71,500,54.41733527183533,False,84290.0,74458.0,0.07
585,wuf20-0625.mwcnf,20,71,500,56.269826889038086,False,74176.0,71516.0,0.060000000000000005
586,wuf20-0626.mwcnf,20,71,102,11.821157217025757,True,73137.0,73137.0,0.07
587,wuf20-0627.mwcnf,20,71,500,54.93941521644592,False,83702.0,79307.0,0.060000000000000005
588,wuf20-0628.mwcnf,20,71,10,1.1626346111297607,True,72616.0,72616.0,0.02
589,wuf20-0629.mwcnf,20,71,500,55.220911264419556,False,78354.0,73245.0,0.09
590,wuf20-063.mwcnf,20,71,500,56.17114305496216,False,92943.0,78536.0,0.07
591,wuf20-0630.mwcnf,20,71,500,56.02591586112976,False,74090.0,73402.0,0.07
592,wuf20-0631.mwcnf,20,71,17,1.6248559951782227,True,78899.0,78899.0,0.04
593,wuf20-0632.mwcnf,20,71,500,58.09662914276123,False,76435.0,71124.0,0.07
594,wuf20-0633.mwcnf,20,71,11,1.7689790725708008,True,76593.0,76593.0,0.02
595,wuf20-0634.mwcnf,20,71,500,58.85416555404663,False,87583.0,86399.0,0.07
596,wuf20-0635.mwcnf,20,71,65,7.182507038116455,True,82172.0,82172.0,0.060000000000000005
597,wuf20-0636.mwcnf,20,71,500,59.44582462310791,False,85187.0,77738.0,0.060000000000000005
598,wuf20-0637.mwcnf,20,71,500,55.73359441757202,False,82670.0,76373.0,0.07
599,wuf20-0638.mwcnf,20,71,10,1.1297404766082764,True,80698.0,80698.0,0.02
600,wuf20-0639.mwcnf,20,71,9,0.8310399055480957,True,77522.0,77522.0,0.02
601,wuf20-064.mwcnf,20,71,13,1.3290696144104004,True,82561.0,82561.0,0.03
602,wuf20-0640.mwcnf,20,71,19,2.595167636871338,True,81983.0,81983.0,0.03
603,wuf20-0641.mwcnf,20,71,9,1.4867699146270752,True,71550.0,71550.0,0.02
604,wuf20-0642.mwcnf,20,71,345,51.53159213066101,True,81547.0,81547.0,0.07
605,wuf20-0643.mwcnf,20,71,19,2.884464740753174,True,80571.0,80571.0,0.04
606,wuf20-0644.mwcnf,20,71,490,68.07282948493958,True,71227.0,71227.0,0.07
607,wuf20-0645.mwcnf,20,71,500,75.15533518791199,False,92435.0,92202.0,0.07
608,wuf20-0646.mwcnf,20,71,500,83.18406581878662,False,88278.0,83781.0,0.08
609,wuf20-0647.mwcnf,20,71,13,2.2365338802337646,True,79229.0,79229.0,0.02
610,wuf20-0648.mwcnf,20,71,21,3.0195672512054443,True,93365.0,93365.0,0.03
611,wuf20-0649.mwcnf,20,71,500,76.45909285545349,False,85581.0,76080.0,0.07
612,wuf20-065.mwcnf,20,71,7,0.9176735877990723,True,81886.0,81886.0,0.02
613,wuf20-0650.mwcnf,20,71,23,3.235963821411133,True,88768.0,88768.0,0.02
614,wuf20-0651.mwcnf,20,71,11,1.4918928146362305,True,77879.0,77879.0,0.02
615,wuf20-0652.mwcnf,20,71,10,1.5229830741882324,True,75966.0,75966.0,0.02
616,wuf20-0653.mwcnf,20,71,20,2.8639824390411377,True,87298.0,87298.0,0.04
617,wuf20-0654.mwcnf,20,71,500,70.94480991363525,False,92281.0,85924.0,0.08
618,wuf20-0655.mwcnf,20,71,9,1.1476566791534424,True,82518.0,82518.0,0.02
619,wuf20-0656.mwcnf,20,71,500,73.1867287158966,False,80891.0,71532.0,0.07
620,wuf20-0657.mwcnf,20,71,9,1.6172082424163818,True,72454.0,72454.0,0.02
621,wuf20-0658.mwcnf,20,71,27,4.099949359893799,True,81444.0,81444.0,0.03
622,wuf20-0659.mwcnf,20,71,500,72.68362140655518,False,86083.0,78298.0,0.07
623,wuf20-066.mwcnf,20,71,7,1.0203235149383545,True,69009.0,69009.0,0.02
624,wuf20-0660.mwcnf,20,71,500,71.0322995185852,False,77901.0,74340.0,0.09
625,wuf20-0661.mwcnf,20,71,10,1.5613124370574951,True,68137.0,68137.0,0.02
626,wuf20-0662.mwcnf,20,71,18,2.5521326065063477,True,79634.0,79634.0,0.060000000000000005
627,wuf20-0663.mwcnf,20,71,14,1.8274950981140137,True,80778.0,80778.0,0.03
628,wuf20-0664.mwcnf,20,71,11,1.5497846603393555,True,72639.0,72639.0,0.03
629,wuf20-0665.mwcnf,20,71,394,54.575517654418945,True,84300.0,84300.0,0.060000000000000005
630,wuf20-0666.mwcnf,20,71,500,51.98689293861389,False,77900.0,73840.0,0.07
631,wuf20-0667.mwcnf,20,71,30,2.788717269897461,True,85720.0,85720.0,0.07
632,wuf20-0668.mwcnf,20,71,9,1.0776681900024414,True,76489.0,76489.0,0.02
633,wuf20-0669.mwcnf,20,71,238,27.00305938720703,True,76195.0,76195.0,0.07
634,wuf20-067.mwcnf,20,71,500,56.64007019996643,False,63770.0,49443.0,0.07
635,wuf20-0670.mwcnf,20,71,500,56.70038866996765,False,85342.0,76830.0,0.060000000000000005
636,wuf20-0671.mwcnf,20,71,9,1.1637530326843262,True,86977.0,86977.0,0.02
637,wuf20-0672.mwcnf,20,71,500,55.674306869506836,False,87372.0,82756.0,0.060000000000000005
638,wuf20-0673.mwcnf,20,71,500,53.700790882110596,False,90267.0,69681.0,0.060000000000000005
639,wuf20-0674.mwcnf,20,71,13,1.3720579147338867,True,72092.0,72092.0,0.03
640,wuf20-0675.mwcnf,20,71,500,50.548956871032715,False,84568.0,82056.0,0.060000000000000005
641,wuf20-0676.mwcnf,20,71,500,52.080960750579834,False,79273.0,77276.0,0.060000000000000005
642,wuf20-0677.mwcnf,20,71,10,1.032789707183838,True,81129.0,81129.0,0.02
643,wuf20-0678.mwcnf,20,71,500,50.393507957458496,False,50538.0,46449.0,0.08
644,wuf20-0679.mwcnf,20,71,500,53.716469049453735,False,42787.0,42508.0,0.09
645,wuf20-068.mwcnf,20,71,49,5.851266145706177,True,50637.0,50637.0,0.04
646,wuf20-0680.mwcnf,20,71,456,48.42474579811096,True,50832.0,50832.0,0.09
647,wuf20-0681.mwcnf,20,71,500,52.13880157470703,False,49527.0,47049.0,0.07
648,wuf20-0682.mwcnf,20,71,6,0.6791930198669434,True,48280.0,48280.0,0.02
649,wuf20-0683.mwcnf,20,71,500,54.18227219581604,False,62753.0,43410.0,0.060000000000000005
650,wuf20-0684.mwcnf,20,71,500,57.91913914680481,False,47877.0,47674.0,0.07
651,wuf20-0685.mwcnf,20,71,51,5.711317539215088,True,50347.0,50347.0,0.05
652,wuf20-0686.mwcnf,20,71,500,54.33182740211487,False,46588.0,39286.0,0.07
653,wuf20-0687.mwcnf,20,71,500,54.8947274684906,False,61935.0,56504.0,0.08
654,wuf20-0688.mwcnf,20,71,500,52.60591912269592,False,53810.0,52795.0,0.08
655,wuf20-0689.mwcnf,20,71,500,51.83625602722168,False,54206.0,50606.0,0.07
656,wuf20-069.mwcnf,20,71,13,1.3211607933044434,True,50106.0,50106.0,0.02
657,wuf20-0690.mwcnf,20,71,11,1.0979454517364502,True,50551.0,50551.0,0.02
658,wuf20-0691.mwcnf,20,71,500,49.94047546386719,False,43704.0,43655.0,0.09999999999999999
659,wuf20-0692.mwcnf,20,71,9,1.0819330215454102,True,48878.0,48878.0,0.02
660,wuf20-0693.mwcnf,20,71,500,50.20832800865173,False,47865.0,47685.0,0.060000000000000005
661,wuf20-0694.mwcnf,20,71,96,11.821940183639526,True,55967.0,55967.0,0.05
662,wuf20-0695.mwcnf,20,71,7,1.2853240966796875,True,49899.0,49899.0,0.02
663,wuf20-0696.mwcnf,20,71,500,51.54060983657837,False,47851.0,40103.0,0.09
664,wuf20-0697.mwcnf,20,71,16,1.5804202556610107,True,51368.0,51368.0,0.04
665,wuf20-0698.mwcnf,20,71,500,50.780468225479126,False,49780.0,45412.0,0.10999999999999999
666,wuf20-0699.mwcnf,20,71,37,3.7319979667663574,True,51405.0,51405.0,0.05
667,wuf20-07.mwcnf,20,71,19,1.8647806644439697,True,51930.0,51930.0,0.03
668,wuf20-070.mwcnf,20,71,8,0.7370333671569824,True,46125.0,46125.0,0.02
669,wuf20-0700.mwcnf,20,71,10,1.0661797523498535,True,54569.0,54569.0,0.02
670,wuf20-0701.mwcnf,20,71,500,52.73949480056763,False,47794.0,45209.0,0.07
671,wuf20-0702.mwcnf,20,71,468,49.736406326293945,True,50621.0,50621.0,0.09
672,wuf20-0703.mwcnf,20,71,20,2.5409038066864014,True,52908.0,52908.0,0.03
673,wuf20-0704.mwcnf,20,71,500,57.877007722854614,False,56058.0,52591.0,0.060000000000000005
674,wuf20-0705.mwcnf,20,71,11,1.1286802291870117,True,43097.0,43097.0,0.02
675,wuf20-0706.mwcnf,20,71,500,54.91382884979248,False,50737.0,49947.0,0.07
676,wuf20-0707.mwcnf,20,71,10,1.0349271297454834,True,45123.0,45123.0,0.02
677,wuf20-0708.mwcnf,20,71,15,1.615450382232666,True,54473.0,54473.0,0.03
678,wuf20-0709.mwcnf,20,71,11,1.2200186252593994,True,45306.0,45306.0,0.02
679,wuf20-071.mwcnf,20,71,500,53.649078369140625,False,50534.0,49356.0,0.07
680,wuf20-0710.mwcnf,20,71,18,1.8038825988769531,True,55655.0,55655.0,0.03
681,wuf20-0711.mwcnf,20,71,500,51.34495449066162,False,56560.0,53289.0,0.07
682,wuf20-0712.mwcnf,20,71,500,50.62180495262146,False,52986.0,49835.0,0.060000000000000005
683,wuf20-0713.mwcnf,20,71,226,24.283813953399658,True,49999.0,49999.0,0.060000000000000005
684,wuf20-0714.mwcnf,20,71,13,1.3485522270202637,True,55718.0,55718.0,0.02
685,wuf20-0715.mwcnf,20,71,500,51.16220760345459,False,54426.0,45645.0,0.060000000000000005
686,wuf20-0716.mwcnf,20,71,500,51.66956448554993,False,41219.0,40377.0,0.07
687,wuf20-0717.mwcnf,20,71,500,52.38443636894226,False,54630.0,45875.0,0.060000000000000005
688,wuf20-0718.mwcnf,20,71,28,2.95029616355896,True,50140.0,50140.0,0.060000000000000005
689,wuf20-0719.mwcnf,20,71,500,50.91290736198425,False,48361.0,47914.0,0.060000000000000005
690,wuf20-072.mwcnf,20,71,9,0.8935432434082031,True,52356.0,52356.0,0.03
691,wuf20-0720.mwcnf,20,71,7,0.596064567565918,True,52765.0,52765.0,0.02
692,wuf20-0721.mwcnf,20,71,500,53.2616081237793,False,44941.0,43107.0,0.09
693,wuf20-0722.mwcnf,20,71,98,10.279610395431519,True,55355.0,55355.0,0.05
694,wuf20-0723.mwcnf,20,71,26,2.94065523147583,True,44181.0,44181.0,0.04
695,wuf20-0724.mwcnf,20,71,9,0.8941316604614258,True,47323.0,47323.0,0.02
696,wuf20-0725.mwcnf,20,71,7,0.6901452541351318,True,46038.0,46038.0,0.02
697,wuf20-0726.mwcnf,20,71,500,52.49540591239929,False,46448.0,44478.0,0.08
698,wuf20-0727.mwcnf,20,71,11,1.0345747470855713,True,49291.0,49291.0,0.03
699,wuf20-0728.mwcnf,20,71,10,1.2072069644927979,True,57841.0,57841.0,0.02
700,wuf20-0729.mwcnf,20,71,500,51.23277497291565,False,47189.0,45865.0,0.060000000000000005
701,wuf20-073.mwcnf,20,71,10,0.862825870513916,True,49881.0,49881.0,0.02
702,wuf20-0730.mwcnf,20,71,500,53.603240728378296,False,40989.0,40859.0,0.08
703,wuf20-0731.mwcnf,20,71,500,50.56294322013855,False,52003.0,46748.0,0.08
704,wuf20-0732.mwcnf,20,71,25,2.9485528469085693,True,51404.0,51404.0,0.05
705,wuf20-0733.mwcnf,20,71,500,52.414812088012695,False,53691.0,49575.0,0.07
706,wuf20-0734.mwcnf,20,71,6,0.6352953910827637,True,45641.0,45641.0,0.02
707,wuf20-0735.mwcnf,20,71,7,0.5799143314361572,True,42961.0,42961.0,0.02
708,wuf20-0736.mwcnf,20,71,19,2.430546998977661,True,49510.0,49510.0,0.03
709,wuf20-0737.mwcnf,20,71,500,61.00751996040344,False,50012.0,44367.0,0.060000000000000005
710,wuf20-0738.mwcnf,20,71,500,50.76665496826172,False,59656.0,53113.0,0.07
711,wuf20-0739.mwcnf,20,71,29,2.751619815826416,True,44953.0,44953.0,0.060000000000000005
712,wuf20-074.mwcnf,20,71,500,56.2388072013855,False,47659.0,46608.0,0.08
713,wuf20-0740.mwcnf,20,71,500,52.055424213409424,False,48120.0,46997.0,0.09999999999999999
714,wuf20-0741.mwcnf,20,71,500,56.151867389678955,False,50050.0,48771.0,0.060000000000000005
715,wuf20-0742.mwcnf,20,71,8,0.7058813571929932,True,49255.0,49255.0,0.02
716,wuf20-0743.mwcnf,20,71,14,2.038557767868042,True,53022.0,53022.0,0.03
717,wuf20-0744.mwcnf,20,71,12,1.709240436553955,True,53483.0,53483.0,0.02
718,wuf20-0745.mwcnf,20,71,500,50.87777853012085,False,49132.0,41218.0,0.07
719,wuf20-0746.mwcnf,20,71,10,0.9474329948425293,True,52420.0,52420.0,0.02
720,wuf20-0747.mwcnf,20,71,12,1.6753344535827637,True,50441.0,50441.0,0.03
721,wuf20-0748.mwcnf,20,71,24,3.1280877590179443,True,56159.0,56159.0,0.04
722,wuf20-0749.mwcnf,20,71,500,50.882699966430664,False,40749.0,40731.0,0.09999999999999999
723,wuf20-075.mwcnf,20,71,500,50.42387938499451,False,46521.0,44807.0,0.05
724,wuf20-0750.mwcnf,20,71,8,0.6736352443695068,True,43476.0,43476.0,0.02
725,wuf20-0751.mwcnf,20,71,500,53.21139192581177,False,54901.0,51550.0,0.07
726,wuf20-0752.mwcnf,20,71,500,49.39991116523743,False,51965.0,44925.0,0.07
727,wuf20-0753.mwcnf,20,71,415,44.71349263191223,True,54361.0,54361.0,0.07
728,wuf20-0754.mwcnf,20,71,500,51.50501275062561,False,49671.0,49300.0,0.07
729,wuf20-0755.mwcnf,20,71,15,2.301135540008545,True,52926.0,52926.0,0.03
730,wuf20-0756.mwcnf,20,71,500,54.213423013687134,False,49468.0,43006.0,0.07
731,wuf20-0757.mwcnf,20,71,8,1.0395691394805908,True,49165.0,49165.0,0.02
732,wuf20-0758.mwcnf,20,71,10,1.10239839553833,True,47792.0,47792.0,0.02
733,wuf20-0759.mwcnf,20,71,500,52.30088806152344,False,44564.0,42152.0,0.07
734,wuf20-076.mwcnf,20,71,84,8.589413166046143,True,54903.0,54903.0,0.05
735,wuf20-0760.mwcnf,20,71,13,1.2673048973083496,True,54723.0,54723.0,0.03
736,wuf20-0761.mwcnf,20,71,10,0.9198422431945801,True,49199.0,49199.0,0.02
737,wuf20-0762.mwcnf,20,71,9,1.0957703590393066,True,43851.0,43851.0,0.02
738,wuf20-0763.mwcnf,20,71,9,1.4104790687561035,True,46910.0,46910.0,0.02
739,wuf20-0764.mwcnf,20,71,500,70.30138754844666,False,45048.0,42867.0,0.08
740,wuf20-0765.mwcnf,20,71,8,0.7977235317230225,True,44481.0,44481.0,0.02
741,wuf20-0766.mwcnf,20,71,39,4.444777965545654,True,56331.0,56331.0,0.05
742,wuf20-0767.mwcnf,20,71,7,0.8129305839538574,True,53141.0,53141.0,0.02
743,wuf20-0768.mwcnf,20,71,500,61.49192190170288,False,46846.0,45803.0,0.07
744,wuf20-0769.mwcnf,20,71,105,12.188454389572144,True,51509.0,51509.0,0.05
745,wuf20-077.mwcnf,20,71,11,1.1740288734436035,True,61097.0,61097.0,0.02
746,wuf20-0770.mwcnf,20,71,16,2.236823320388794,True,58212.0,58212.0,0.02
747,wuf20-0771.mwcnf,20,71,11,1.278106927871704,True,48718.0,48718.0,0.02
748,wuf20-0772.mwcnf,20,71,10,0.9542603492736816,True,48436.0,48436.0,0.02
749,wuf20-0773.mwcnf,20,71,500,60.80854249000549,False,51939.0,48061.0,0.060000000000000005
750,wuf20-0774.mwcnf,20,71,500,67.89611291885376,False,45251.0,44402.0,0.07
751,wuf20-0775.mwcnf,20,71,500,56.89574313163757,False,55956.0,46147.0,0.060000000000000005
752,wuf20-0776.mwcnf,20,71,500,55.00241732597351,False,57322.0,54396.0,0.07
753,wuf20-0777.mwcnf,20,71,8,0.9054207801818848,True,48963.0,48963.0,0.02
754,wuf20-0778.mwcnf,20,71,500,59.70326614379883,False,60139.0,45782.0,0.08
755,wuf20-0779.mwcnf,20,71,500,55.53730630874634,False,55466.0,45759.0,0.060000000000000005
756,wuf20-078.mwcnf,20,71,60,7.518800973892212,True,51230.0,51230.0,0.05
757,wuf20-0780.mwcnf,20,71,10,1.1825828552246094,True,46012.0,46012.0,0.02
758,wuf20-0781.mwcnf,20,71,500,56.249635219573975,False,45779.0,45651.0,0.07
759,wuf20-0782.mwcnf,20,71,500,56.40649628639221,False,46061.0,45624.0,0.060000000000000005
760,wuf20-0783.mwcnf,20,71,36,3.6768569946289062,True,57485.0,57485.0,0.04
761,wuf20-0784.mwcnf,20,71,8,0.9230589866638184,True,57603.0,57603.0,0.02
762,wuf20-0785.mwcnf,20,71,500,55.46943521499634,False,48508.0,43998.0,0.08
763,wuf20-0786.mwcnf,20,71,4,0.44700002670288086,True,49511.0,49511.0,0.02
764,wuf20-0787.mwcnf,20,71,9,1.0538978576660156,True,49197.0,49197.0,0.02
765,wuf20-0788.mwcnf,20,71,15,1.7051868438720703,True,53462.0,53462.0,0.04
766,wuf20-0789.mwcnf,20,71,500,63.7281551361084,False,40927.0,39577.0,0.08
767,wuf20-079.mwcnf,20,71,500,62.596113443374634,False,63376.0,50836.0,0.07
768,wuf20-0790.mwcnf,20,71,66,8.169589519500732,True,49622.0,49622.0,0.07
769,wuf20-0791.mwcnf,20,71,18,2.129779577255249,True,49185.0,49185.0,0.03
770,wuf20-0792.mwcnf,20,71,500,62.19771146774292,False,52581.0,50057.0,0.060000000000000005
771,wuf20-0793.mwcnf,20,71,58,8.399092197418213,True,54439.0,54439.0,0.060000000000000005
772,wuf20-0794.mwcnf,20,71,8,1.1027617454528809,True,43221.0,43221.0,0.02
773,wuf20-0795.mwcnf,20,71,12,1.7060630321502686,True,48401.0,48401.0,0.02
774,wuf20-0796.mwcnf,20,71,8,0.9703366756439209,True,42994.0,42994.0,0.02
775,wuf20-0797.mwcnf,20,71,17,2.1284165382385254,True,57495.0,57495.0,0.03
776,wuf20-0798.mwcnf,20,71,10,1.1741712093353271,True,39285.0,39285.0,0.02
777,wuf20-0799.mwcnf,20,71,43,5.201556205749512,True,55941.0,55941.0,0.05
778,wuf20-08.mwcnf,20,71,500,58.75973629951477,False,84875.0,84006.0,0.07
779,wuf20-080.mwcnf,20,71,500,59.44737410545349,False,103773.0,98943.0,0.08
780,wuf20-0800.mwcnf,20,71,8,0.8408029079437256,True,47296.0,47296.0,0.02
781,wuf20-0801.mwcnf,20,71,5,0.5189023017883301,True,47789.0,47789.0,0.02
782,wuf20-0802.mwcnf,20,71,10,1.0690979957580566,True,58961.0,58961.0,0.02
783,wuf20-0803.mwcnf,20,71,500,54.62397599220276,False,48067.0,47090.0,0.060000000000000005
784,wuf20-0804.mwcnf,20,71,500,53.74421787261963,False,54109.0,53936.0,0.060000000000000005
785,wuf20-0805.mwcnf,20,71,5,0.5633275508880615,True,49545.0,49545.0,0.02
786,wuf20-0806.mwcnf,20,71,9,1.0161607265472412,True,42052.0,42052.0,0.02
787,wuf20-0807.mwcnf,20,71,51,5.645439386367798,True,61389.0,61389.0,0.05
788,wuf20-0808.mwcnf,20,71,500,58.19736099243164,False,62613.0,44233.0,0.060000000000000005
789,wuf20-0809.mwcnf,20,71,12,1.5203661918640137,True,54008.0,54008.0,0.02
790,wuf20-081.mwcnf,20,71,33,3.2716469764709473,True,94318.0,94318.0,0.05
791,wuf20-0810.mwcnf,20,71,500,55.84480381011963,False,120044.0,82966.0,0.07
792,wuf20-0811.mwcnf,20,71,6,0.6518292427062988,True,91457.0,91457.0,0.02
793,wuf20-0812.mwcnf,20,71,14,1.406611680984497,True,95201.0,95201.0,0.03
794,wuf20-0813.mwcnf,20,71,10,0.9754128456115723,True,97656.0,97656.0,0.02
795,wuf20-0814.mwcnf,20,71,2,0.21950602531433105,True,98836.0,98836.0,0.02
796,wuf20-0815.mwcnf,20,71,11,1.2360351085662842,True,94831.0,94831.0,0.02
797,wuf20-0816.mwcnf,20,71,500,62.72964835166931,False,94015.0,86009.0,0.060000000000000005
798,wuf20-0817.mwcnf,20,71,500,59.273613691329956,False,100646.0,96331.0,0.060000000000000005
799,wuf20-0818.mwcnf,20,71,500,62.3655264377594,False,94779.0,83824.0,0.08
800,wuf20-0819.mwcnf,20,71,10,1.2804055213928223,True,94476.0,94476.0,0.02
801,wuf20-082.mwcnf,20,71,500,66.84255528450012,False,113864.0,80571.0,0.08
802,wuf20-0820.mwcnf,20,71,33,4.343710660934448,True,104916.0,104916.0,0.04
803,wuf20-0821.mwcnf,20,71,500,53.018993616104126,False,86434.0,83910.0,0.07
804,wuf20-0822.mwcnf,20,71,18,2.1114048957824707,True,115128.0,115128.0,0.04
805,wuf20-0823.mwcnf,20,71,500,53.84435153007507,False,102038.0,90248.0,0.07
806,wuf20-0824.mwcnf,20,71,500,52.4733829498291,False,100504.0,94805.0,0.07
807,wuf20-0825.mwcnf,20,71,10,0.9722473621368408,True,100271.0,100271.0,0.03
808,wuf20-0826.mwcnf,20,71,500,62.04022836685181,False,91861.0,88471.0,0.08
809,wuf20-0827.mwcnf,20,71,7,0.8769545555114746,True,93504.0,93504.0,0.02
810,wuf20-0828.mwcnf,20,71,12,1.787370204925537,True,103946.0,103946.0,0.02
811,wuf20-0829.mwcnf,20,71,18,3.089622735977173,True,110305.0,110305.0,0.04
812,wuf20-083.mwcnf,20,71,8,1.6450834274291992,True,82405.0,82405.0,0.02
813,wuf20-0830.mwcnf,20,71,25,3.9053115844726562,True,97686.0,97686.0,0.05
814,wuf20-0831.mwcnf,20,71,10,1.222898006439209,True,99279.0,99279.0,0.02
815,wuf20-0832.mwcnf,20,71,11,1.4268369674682617,True,87081.0,87081.0,0.02
816,wuf20-0833.mwcnf,20,71,500,74.59024381637573,False,99704.0,97843.0,0.07
817,wuf20-0834.mwcnf,20,71,500,71.31883239746094,False,88655.0,88349.0,0.060000000000000005
818,wuf20-0835.mwcnf,20,71,9,1.2082605361938477,True,93885.0,93885.0,0.03
819,wuf20-0836.mwcnf,20,71,12,1.9286890029907227,True,86557.0,86557.0,0.02
820,wuf20-0837.mwcnf,20,71,500,74.56605553627014,False,98888.0,95207.0,0.060000000000000005
821,wuf20-0838.mwcnf,20,71,500,75.8567008972168,False,119384.0,97687.0,0.060000000000000005
822,wuf20-0839.mwcnf,20,71,500,71.3956286907196,False,115790.0,74893.0,0.060000000000000005
823,wuf20-084.mwcnf,20,71,500,69.43199563026428,False,92585.0,87367.0,0.08
824,wuf20-0840.mwcnf,20,71,500,71.10842537879944,False,87373.0,85713.0,0.08
825,wuf20-0841.mwcnf,20,71,43,5.839693307876587,True,103081.0,103081.0,0.060000000000000005
826,wuf20-0842.mwcnf,20,71,31,3.9058315753936768,True,95270.0,95270.0,0.04
827,wuf20-0843.mwcnf,20,71,14,1.835113286972046,True,96929.0,96929.0,0.02
828,wuf20-0844.mwcnf,20,71,10,1.4424314498901367,True,95607.0,95607.0,0.02
829,wuf20-0845.mwcnf,20,71,500,70.19235420227051,False,99226.0,91542.0,0.060000000000000005
830,wuf20-0846.mwcnf,20,71,8,0.9409971237182617,True,96111.0,96111.0,0.02
831,wuf20-0847.mwcnf,20,71,500,69.88208532333374,False,84990.0,82677.0,0.07
832,wuf20-0848.mwcnf,20,71,10,1.4111454486846924,True,83873.0,83873.0,0.02
833,wuf20-0849.mwcnf,20,71,7,0.8313663005828857,True,89026.0,89026.0,0.02
834,wuf20-085.mwcnf,20,71,24,3.1515798568725586,True,88758.0,88758.0,0.05
835,wuf20-0850.mwcnf,20,71,5,0.5804674625396729,True,88430.0,88430.0,0.02
836,wuf20-0851.mwcnf,20,71,500,71.55996227264404,False,106457.0,97657.0,0.060000000000000005
837,wuf20-0852.mwcnf,20,71,19,3.4344913959503174,True,100840.0,100840.0,0.04
838,wuf20-0853.mwcnf,20,71,185,25.195027589797974,True,106447.0,106447.0,0.060000000000000005
839,wuf20-0854.mwcnf,20,71,500,74.92176938056946,False,97129.0,88328.0,0.060000000000000005
840,wuf20-0855.mwcnf,20,71,8,1.4116244316101074,True,89029.0,89029.0,0.02
841,wuf20-0856.mwcnf,20,71,164,24.113976001739502,True,109333.0,109333.0,0.060000000000000005
842,wuf20-0857.mwcnf,20,71,500,71.59684157371521,False,100800.0,75485.0,0.07
843,wuf20-0858.mwcnf,20,71,13,1.850633144378662,True,93021.0,93021.0,0.03
844,wuf20-0859.mwcnf,20,71,18,2.5871028900146484,True,94526.0,94526.0,0.03
845,wuf20-086.mwcnf,20,71,12,2.1487157344818115,True,101151.0,101151.0,0.03
846,wuf20-0860.mwcnf,20,71,500,69.13168168067932,False,90881.0,86415.0,0.07
847,wuf20-0861.mwcnf,20,71,12,1.7248103618621826,True,109618.0,109618.0,0.02
848,wuf20-0862.mwcnf,20,71,14,1.7876920700073242,True,118298.0,118298.0,0.03
849,wuf20-0863.mwcnf,20,71,11,1.6774396896362305,True,115358.0,115358.0,0.02
850,wuf20-0864.mwcnf,20,71,26,3.655207395553589,True,94395.0,94395.0,0.07
851,wuf20-0865.mwcnf,20,71,500,70.81130599975586,False,94463.0,93772.0,0.07
852,wuf20-0866.mwcnf,20,71,500,68.09572148323059,False,104714.0,91638.0,0.060000000000000005
853,wuf20-0867.mwcnf,20,71,10,1.2215287685394287,True,77876.0,77876.0,0.02
854,wuf20-0868.mwcnf,20,71,500,69.79871201515198,False,109665.0,107789.0,0.07
855,wuf20-0869.mwcnf,20,71,500,67.76682233810425,False,87888.0,83885.0,0.07
856,wuf20-087.mwcnf,20,71,408,61.82637906074524,True,97805.0,97805.0,0.08
857,wuf20-0870.mwcnf,20,71,11,1.4423813819885254,True,88027.0,88027.0,0.02
858,wuf20-0871.mwcnf,20,71,112,15.336668491363525,True,94748.0,94748.0,0.07
859,wuf20-0872.mwcnf,20,71,500,71.47633957862854,False,103817.0,95101.0,0.060000000000000005
860,wuf20-0873.mwcnf,20,71,500,70.10854291915894,False,92024.0,82459.0,0.08
861,wuf20-0874.mwcnf,20,71,500,72.20855760574341,False,91762.0,89801.0,0.08
862,wuf20-0875.mwcnf,20,71,16,2.316718339920044,True,105529.0,105529.0,0.03
863,wuf20-0876.mwcnf,20,71,500,70.88072085380554,False,111577.0,109452.0,0.060000000000000005
864,wuf20-0877.mwcnf,20,71,500,75.25657677650452,False,93889.0,90592.0,0.060000000000000005
865,wuf20-0878.mwcnf,20,71,500,52.02416706085205,False,98623.0,85058.0,0.07
866,wuf20-0879.mwcnf,20,71,9,0.8619635105133057,True,80292.0,80292.0,0.02
867,wuf20-088.mwcnf,20,71,500,50.65516400337219,False,97408.0,88185.0,0.08
868,wuf20-0880.mwcnf,20,71,500,52.16410255432129,False,102987.0,93764.0,0.08
869,wuf20-0881.mwcnf,20,71,50,4.791139364242554,True,109452.0,109452.0,0.05
870,wuf20-0882.mwcnf,20,71,8,1.1271073818206787,True,81840.0,81840.0,0.02
871,wuf20-0883.mwcnf,20,71,500,56.075435400009155,False,111867.0,86105.0,0.08
872,wuf20-0884.mwcnf,20,71,8,1.081549882888794,True,96205.0,96205.0,0.02
873,wuf20-0885.mwcnf,20,71,43,4.683366298675537,True,106817.0,106817.0,0.07
874,wuf20-0886.mwcnf,20,71,9,0.8628442287445068,True,78273.0,78273.0,0.02
875,wuf20-0887.mwcnf,20,71,500,51.767369985580444,False,86978.0,85456.0,0.07
876,wuf20-0888.mwcnf,20,71,18,1.9129784107208252,True,99511.0,99511.0,0.03
877,wuf20-0889.mwcnf,20,71,6,0.6589665412902832,True,80330.0,80330.0,0.02
878,wuf20-089.mwcnf,20,71,15,1.5575594902038574,True,105270.0,105270.0,0.03
879,wuf20-0890.mwcnf,20,71,5,0.6429443359375,True,89695.0,89695.0,0.03
880,wuf20-0891.mwcnf,20,71,30,3.882187843322754,True,101218.0,101218.0,0.05
881,wuf20-0892.mwcnf,20,71,15,1.6113407611846924,True,89838.0,89838.0,0.03
882,wuf20-0893.mwcnf,20,71,61,6.9268505573272705,True,98250.0,98250.0,0.05
883,wuf20-0894.mwcnf,20,71,10,1.3333485126495361,True,91361.0,91361.0,0.02
884,wuf20-0895.mwcnf,20,71,14,1.9616436958312988,True,91190.0,91190.0,0.03
885,wuf20-0896.mwcnf,20,71,500,60.1417350769043,False,96704.0,86554.0,0.060000000000000005
886,wuf20-0897.mwcnf,20,71,7,0.941187858581543,True,99382.0,99382.0,0.02
887,wuf20-0898.mwcnf,20,71,500,52.24018740653992,False,95814.0,92080.0,0.060000000000000005
888,wuf20-0899.mwcnf,20,71,500,50.73026919364929,False,88648.0,83050.0,0.08
889,wuf20-09.mwcnf,20,71,7,0.6579983234405518,True,88338.0,88338.0,0.02
890,wuf20-090.mwcnf,20,71,10,1.4110708236694336,True,104313.0,104313.0,0.02
891,wuf20-0900.mwcnf,20,71,500,49.152101278305054,False,95346.0,83174.0,0.07
892,wuf20-0901.mwcnf,20,71,500,50.38827037811279,False,87684.0,87680.0,0.08
893,wuf20-0902.mwcnf,20,71,11,1.0820016860961914,True,102085.0,102085.0,0.02
894,wuf20-0903.mwcnf,20,71,500,50.25577974319458,False,88411.0,88089.0,0.060000000000000005
895,wuf20-0904.mwcnf,20,71,16,1.5524709224700928,True,97795.0,97795.0,0.03
896,wuf20-0905.mwcnf,20,71,500,51.24195981025696,False,111136.0,90617.0,0.08
897,wuf20-0906.mwcnf,20,71,500,51.38063716888428,False,114807.0,92497.0,0.07
898,wuf20-0907.mwcnf,20,71,500,50.82045030593872,False,94249.0,93401.0,0.060000000000000005
899,wuf20-0908.mwcnf,20,71,19,1.7404468059539795,True,92853.0,92853.0,0.04
900,wuf20-0909.mwcnf,20,71,500,55.839606046676636,False,98059.0,86854.0,0.060000000000000005
901,wuf20-091.mwcnf,20,71,500,54.548463344573975,False,93868.0,87806.0,0.09
902,wuf20-0910.mwcnf,20,71,500,60.37104606628418,False,96446.0,92492.0,0.07
903,wuf20-0911.mwcnf,20,71,23,2.730677366256714,True,120505.0,120505.0,0.03
904,wuf20-0912.mwcnf,20,71,77,10.207997560501099,True,110226.0,110226.0,0.05
905,wuf20-0913.mwcnf,20,71,500,58.089760303497314,False,93752.0,93517.0,0.08
906,wuf20-0914.mwcnf,20,71,10,1.407221794128418,True,104747.0,104747.0,0.02
907,wuf20-0915.mwcnf,20,71,11,1.4276199340820312,True,97201.0,97201.0,0.02
908,wuf20-0916.mwcnf,20,71,10,1.1352415084838867,True,91624.0,91624.0,0.02
909,wuf20-0917.mwcnf,20,71,13,1.270200490951538,True,101607.0,101607.0,0.03
910,wuf20-0918.mwcnf,20,71,500,55.264907360076904,False,81179.0,80786.0,0.07
911,wuf20-0919.mwcnf,20,71,500,55.679245471954346,False,88236.0,85331.0,0.07
912,wuf20-092.mwcnf,20,71,5,0.3921639919281006,True,88438.0,88438.0,0.02
913,wuf20-0920.mwcnf,20,71,7,0.7370245456695557,True,91374.0,91374.0,0.02
914,wuf20-0921.mwcnf,20,71,9,0.8388063907623291,True,90879.0,90879.0,0.02
915,wuf20-0922.mwcnf,20,71,12,1.1995925903320312,True,91695.0,91695.0,0.02
916,wuf20-0923.mwcnf,20,71,124,13.115743637084961,True,86102.0,86102.0,0.05
917,wuf20-0924.mwcnf,20,71,500,51.91580510139465,False,83328.0,78594.0,0.060000000000000005
918,wuf20-0925.mwcnf,20,71,13,1.3084697723388672,True,110638.0,110638.0,0.02
919,wuf20-0926.mwcnf,20,71,10,1.1292123794555664,True,91074.0,91074.0,0.02
920,wuf20-0927.mwcnf,20,71,86,8.850217580795288,True,94126.0,94126.0,0.05
921,wuf20-0928.mwcnf,20,71,8,0.7837779521942139,True,100458.0,100458.0,0.02
922,wuf20-0929.mwcnf,20,71,30,4.144945859909058,True,92379.0,92379.0,0.03
923,wuf20-093.mwcnf,20,71,500,52.50692534446716,False,86043.0,73400.0,0.060000000000000005
924,wuf20-0930.mwcnf,20,71,9,1.2075586318969727,True,93977.0,93977.0,0.02
925,wuf20-0931.mwcnf,20,71,500,56.16032528877258,False,92477.0,88057.0,0.060000000000000005
926,wuf20-0932.mwcnf,20,71,46,5.049212694168091,True,104780.0,104780.0,0.060000000000000005
927,wuf20-0933.mwcnf,20,71,500,53.82746744155884,False,83846.0,79132.0,0.07
928,wuf20-0934.mwcnf,20,71,7,0.7527337074279785,True,81584.0,81584.0,0.02
929,wuf20-0935.mwcnf,20,71,10,1.0668034553527832,True,96740.0,96740.0,0.02
930,wuf20-0936.mwcnf,20,71,30,3.026489019393921,True,100251.0,100251.0,0.04
931,wuf20-0937.mwcnf,20,71,500,56.32963943481445,False,88765.0,82132.0,0.060000000000000005
932,wuf20-0938.mwcnf,20,71,500,58.08421492576599,False,101703.0,80989.0,0.07
933,wuf20-0939.mwcnf,20,71,18,2.229435682296753,True,102784.0,102784.0,0.03
934,wuf20-094.mwcnf,20,71,500,56.262348651885986,False,86152.0,68128.0,0.09
935,wuf20-0940.mwcnf,20,71,345,38.1278760433197,True,92194.0,92194.0,0.08
936,wuf20-0941.mwcnf,20,71,500,53.03033113479614,False,92394.0,82397.0,0.07
937,wuf20-0942.mwcnf,20,71,362,41.67623257637024,True,103485.0,103485.0,0.07
938,wuf20-0943.mwcnf,20,71,500,55.111487865448,False,95626.0,87635.0,0.07
939,wuf20-0944.mwcnf,20,71,6,0.6116671562194824,True,92599.0,92599.0,0.02
940,wuf20-0945.mwcnf,20,71,500,53.47007393836975,False,93175.0,83034.0,0.07
941,wuf20-0946.mwcnf,20,71,212,23.08832812309265,True,86971.0,86971.0,0.060000000000000005
942,wuf20-0947.mwcnf,20,71,11,1.096916913986206,True,102293.0,102293.0,0.02
943,wuf20-0948.mwcnf,20,71,51,5.148217678070068,True,82612.0,82612.0,0.05
944,wuf20-0949.mwcnf,20,71,500,55.344560861587524,False,84958.0,81836.0,0.08
945,wuf20-095.mwcnf,20,71,12,1.4267349243164062,True,82055.0,82055.0,0.02
946,wuf20-0950.mwcnf,20,71,6,0.7999658584594727,True,83626.0,83626.0,0.02
947,wuf20-0951.mwcnf,20,71,11,1.0667362213134766,True,84719.0,84719.0,0.02
948,wuf20-0952.mwcnf,20,71,215,24.562297821044922,True,100669.0,100669.0,0.060000000000000005
949,wuf20-0953.mwcnf,20,71,86,10.669174432754517,True,110277.0,110277.0,0.060000000000000005
950,wuf20-0954.mwcnf,20,71,500,54.44040036201477,False,81327.0,75847.0,0.08
951,wuf20-0955.mwcnf,20,71,9,0.9410173892974854,True,97732.0,97732.0,0.02
952,wuf20-0956.mwcnf,20,71,39,3.794362783432007,True,86277.0,86277.0,0.05
953,wuf20-0957.mwcnf,20,71,14,1.6149790287017822,True,93445.0,93445.0,0.03
954,wuf20-0958.mwcnf,20,71,8,0.8940770626068115,True,83757.0,83757.0,0.02
955,wuf20-0959.mwcnf,20,71,233,25.20139765739441,True,84758.0,84758.0,0.060000000000000005
956,wuf20-096.mwcnf,20,71,11,1.1603455543518066,True,97243.0,97243.0,0.02
957,wuf20-0960.mwcnf,20,71,500,56.29011011123657,False,79179.0,71359.0,0.07
958,wuf20-0961.mwcnf,20,71,500,55.919018507003784,False,80394.0,73765.0,0.060000000000000005
959,wuf20-0962.mwcnf,20,71,12,1.3485755920410156,True,98079.0,98079.0,0.03
960,wuf20-0963.mwcnf,20,71,19,2.2238028049468994,True,92984.0,92984.0,0.03
961,wuf20-0964.mwcnf,20,71,8,1.1447532176971436,True,85049.0,85049.0,0.02
962,wuf20-0965.mwcnf,20,71,14,1.4740080833435059,True,107048.0,107048.0,0.02
963,wuf20-0966.mwcnf,20,71,22,2.4632186889648438,True,85290.0,85290.0,0.04
964,wuf20-0967.mwcnf,20,71,500,53.85076665878296,False,79550.0,73156.0,0.08
965,wuf20-0968.mwcnf,20,71,500,55.475993394851685,False,78593.0,71220.0,0.060000000000000005
966,wuf20-0969.mwcnf,20,71,9,0.9408485889434814,True,82221.0,82221.0,0.02
967,wuf20-097.mwcnf,20,71,500,52.93452739715576,False,83977.0,78471.0,0.07
968,wuf20-0970.mwcnf,20,71,500,56.06784009933472,False,76141.0,75077.0,0.09
969,wuf20-0971.mwcnf,20,71,500,54.49154281616211,False,103666.0,75379.0,0.07
970,wuf20-0972.mwcnf,20,71,6,0.5019166469573975,True,84757.0,84757.0,0.02
971,wuf20-0973.mwcnf,20,71,18,1.787649154663086,True,82075.0,82075.0,0.03
972,wuf20-0974.mwcnf,20,71,500,53.05190920829773,False,89327.0,86682.0,0.060000000000000005
973,wuf20-0975.mwcnf,20,71,7,0.7058143615722656,True,86462.0,86462.0,0.02
974,wuf20-0976.mwcnf,20,71,13,1.2857348918914795,True,83853.0,83853.0,0.02
975,wuf20-0977.mwcnf,20,71,9,0.8155975341796875,True,89777.0,89777.0,0.02
976,wuf20-0978.mwcnf,20,71,500,54.484578132629395,False,84784.0,83018.0,0.09
977,wuf20-0979.mwcnf,20,71,122,12.073734998703003,True,90830.0,90830.0,0.060000000000000005
978,wuf20-098.mwcnf,20,71,500,54.27598714828491,False,93043.0,91070.0,0.08
979,wuf20-0980.mwcnf,20,71,500,54.79396653175354,False,91655.0,81925.0,0.08
980,wuf20-0981.mwcnf,20,71,365,41.50279712677002,True,84319.0,84319.0,0.07
981,wuf20-0982.mwcnf,20,71,500,53.554643392562866,False,91636.0,84243.0,0.060000000000000005
982,wuf20-0983.mwcnf,20,71,11,1.1916353702545166,True,98832.0,98832.0,0.02
983,wuf20-0984.mwcnf,20,71,500,56.51623487472534,False,76014.0,71685.0,0.07
984,wuf20-0985.mwcnf,20,71,8,0.8784384727478027,True,82795.0,82795.0,0.02
985,wuf20-0986.mwcnf,20,71,500,54.4467453956604,False,89247.0,75493.0,0.07
986,wuf20-0987.mwcnf,20,71,366,38.5478720664978,True,82947.0,82947.0,0.07
987,wuf20-0988.mwcnf,20,71,500,56.48547983169556,False,100946.0,98784.0,0.060000000000000005
988,wuf20-0989.mwcnf,20,71,7,0.8161475658416748,True,81895.0,81895.0,0.02
989,wuf20-099.mwcnf,20,71,500,53.95587348937988,False,92684.0,89336.0,0.07
990,wuf20-0990.mwcnf,20,71,500,53.489314794540405,False,87293.0,82519.0,0.060000000000000005
991,wuf20-0991.mwcnf,20,71,10,1.402097225189209,True,93156.0,93156.0,0.02
992,wuf20-0992.mwcnf,20,71,500,51.539860248565674,False,88100.0,72995.0,0.07
993,wuf20-0993.mwcnf,20,71,20,2.286511182785034,True,83798.0,83798.0,0.03
994,wuf20-0994.mwcnf,20,71,14,2.1802010536193848,True,90699.0,90699.0,0.02
995,wuf20-0995.mwcnf,20,71,500,52.33667850494385,False,86324.0,84381.0,0.07
996,wuf20-0996.mwcnf,20,71,12,1.2237575054168701,True,91339.0,91339.0,0.02
997,wuf20-0997.mwcnf,20,71,7,0.6267874240875244,True,93370.0,93370.0,0.02
998,wuf20-0998.mwcnf,20,71,10,1.0354721546173096,True,102010.0,102010.0,0.02
999,wuf20-0999.mwcnf,20,71,17,1.9599261283874512,True,86494.0,86494.0,0.04
