,Task,numVariables,numClauses,endGeneration,Duration,isSolutionFound,optWeight,bestWeight,maxMutation
0,wuf50-01.mwcnf,50,218,500,149.58481645584106,False,20150.0,0.0,0.3000000000000001
1,wuf50-010.mwcnf,50,218,500,153.14071607589722,False,37909.0,0.0,0.3000000000000001
2,wuf50-0100.mwcnf,50,218,500,152.5002086162567,False,39798.0,0.0,0.3000000000000001
3,wuf50-01000.mwcnf,50,218,500,150.56010627746582,False,41070.0,0.0,0.3000000000000001
4,wuf50-0101.mwcnf,50,218,500,149.96192502975464,False,39943.0,0.0,0.3000000000000001
5,wuf50-0102.mwcnf,50,218,500,151.1305468082428,False,36675.0,0.0,0.3000000000000001
6,wuf50-0103.mwcnf,50,218,23,6.709633827209473,True,36043.0,36043.0,0.17
7,wuf50-0104.mwcnf,50,218,500,152.02368760108948,False,23804.0,0.0,0.3000000000000001
8,wuf50-0105.mwcnf,50,218,500,151.38933420181274,False,34336.0,0.0,0.3000000000000001
9,wuf50-0106.mwcnf,50,218,500,149.4600064754486,False,30464.0,0.0,0.3000000000000001
10,wuf50-0107.mwcnf,50,218,500,147.3047399520874,False,35376.0,0.0,0.3000000000000001
11,wuf50-0108.mwcnf,50,218,500,158.83503246307373,False,31254.0,0.0,0.3000000000000001
12,wuf50-0109.mwcnf,50,218,422,135.97385025024414,True,30086.0,30086.0,0.3000000000000001
13,wuf50-011.mwcnf,50,218,500,160.63652634620667,False,40535.0,0.0,0.3000000000000001
14,wuf50-0110.mwcnf,50,218,500,159.44296836853027,False,33540.0,32335.0,0.3000000000000001
15,wuf50-0111.mwcnf,50,218,500,160.37944412231445,False,42009.0,0.0,0.3000000000000001
16,wuf50-0112.mwcnf,50,218,500,162.62630105018616,False,28580.0,0.0,0.3000000000000001
17,wuf50-0113.mwcnf,50,218,318,101.73056674003601,True,34995.0,34995.0,0.3000000000000001
18,wuf50-0114.mwcnf,50,218,67,21.024942874908447,True,39085.0,39085.0,0.25000000000000006
19,wuf50-0115.mwcnf,50,218,500,161.99764823913574,False,35738.0,0.0,0.3000000000000001
20,wuf50-0116.mwcnf,50,218,500,159.01958084106445,False,39552.0,0.0,0.3000000000000001
21,wuf50-0117.mwcnf,50,218,500,158.2854506969452,False,42805.0,42708.0,0.19000000000000003
22,wuf50-0118.mwcnf,50,218,500,160.4647331237793,False,38718.0,0.0,0.3000000000000001
23,wuf50-0119.mwcnf,50,218,500,160.95453429222107,False,30392.0,0.0,0.3000000000000001
24,wuf50-012.mwcnf,50,218,85,27.001339435577393,True,20501.0,20501.0,0.3000000000000001
25,wuf50-0120.mwcnf,50,218,500,159.90390253067017,False,44957.0,0.0,0.3000000000000001
26,wuf50-0121.mwcnf,50,218,500,161.9535892009735,False,41273.0,0.0,0.3000000000000001
27,wuf50-0122.mwcnf,50,218,105,33.78852319717407,True,30378.0,30378.0,0.18000000000000002
28,wuf50-0123.mwcnf,50,218,500,161.55124855041504,False,37209.0,0.0,0.3000000000000001
29,wuf50-0124.mwcnf,50,218,500,161.85699105262756,False,21568.0,0.0,0.3000000000000001
30,wuf50-0125.mwcnf,50,218,232,74.74023151397705,True,21897.0,21897.0,0.3000000000000001
31,wuf50-0126.mwcnf,50,218,500,160.8228976726532,False,19683.0,0.0,0.3000000000000001
32,wuf50-0127.mwcnf,50,218,469,149.72376775741577,True,23863.0,23863.0,0.3000000000000001
33,wuf50-0128.mwcnf,50,218,500,160.13641357421875,False,23635.0,0.0,0.3000000000000001
34,wuf50-0129.mwcnf,50,218,500,160.50258779525757,False,21665.0,0.0,0.3000000000000001
35,wuf50-013.mwcnf,50,218,500,161.79492568969727,False,21681.0,0.0,0.3000000000000001
36,wuf50-0130.mwcnf,50,218,500,159.29235172271729,False,18182.0,0.0,0.3000000000000001
37,wuf50-0131.mwcnf,50,218,72,21.799931049346924,True,17818.0,17818.0,0.23000000000000007
38,wuf50-0132.mwcnf,50,218,181,59.21613955497742,True,23903.0,23903.0,0.3000000000000001
39,wuf50-0133.mwcnf,50,218,500,156.58656239509583,False,24392.0,0.0,0.3000000000000001
40,wuf50-0134.mwcnf,50,218,500,157.01994276046753,False,21363.0,0.0,0.3000000000000001
41,wuf50-0135.mwcnf,50,218,500,158.90039706230164,False,20459.0,20344.0,0.3000000000000001
42,wuf50-0136.mwcnf,50,218,76,24.596269369125366,True,16953.0,16953.0,0.26000000000000006
43,wuf50-0137.mwcnf,50,218,500,172.23604917526245,False,21584.0,0.0,0.3000000000000001
44,wuf50-0138.mwcnf,50,218,500,172.29681253433228,False,19452.0,0.0,0.3000000000000001
45,wuf50-0139.mwcnf,50,218,500,177.25349974632263,False,25605.0,24846.0,0.3000000000000001
46,wuf50-014.mwcnf,50,218,211,77.03445172309875,True,20479.0,20479.0,0.3000000000000001
47,wuf50-0140.mwcnf,50,218,475,164.45470023155212,True,20498.0,20498.0,0.3000000000000001
48,wuf50-0141.mwcnf,50,218,500,158.49001502990723,False,18330.0,17447.0,0.3000000000000001
49,wuf50-0142.mwcnf,50,218,500,161.64478421211243,False,24544.0,0.0,0.3000000000000001
50,wuf50-0143.mwcnf,50,218,110,34.84000587463379,True,22986.0,22986.0,0.3000000000000001
51,wuf50-0144.mwcnf,50,218,500,171.24764466285706,False,18089.0,0.0,0.3000000000000001
52,wuf50-0145.mwcnf,50,218,500,160.01476645469666,False,24608.0,0.0,0.3000000000000001
53,wuf50-0146.mwcnf,50,218,500,160.1703269481659,False,28180.0,0.0,0.3000000000000001
54,wuf50-0147.mwcnf,50,218,500,179.09103846549988,False,21137.0,0.0,0.3000000000000001
55,wuf50-0148.mwcnf,50,218,500,182.85957169532776,False,26362.0,0.0,0.3000000000000001
56,wuf50-0149.mwcnf,50,218,500,177.03150510787964,False,25845.0,24567.0,0.24000000000000007
57,wuf50-015.mwcnf,50,218,500,173.6057825088501,False,20077.0,19019.0,0.22000000000000006
58,wuf50-0150.mwcnf,50,218,64,22.01284909248352,True,20332.0,20332.0,0.3000000000000001
59,wuf50-0151.mwcnf,50,218,500,196.66170740127563,False,23181.0,0.0,0.3000000000000001
60,wuf50-0152.mwcnf,50,218,500,196.5532705783844,False,19034.0,0.0,0.3000000000000001
61,wuf50-0153.mwcnf,50,218,500,182.6199769973755,False,17728.0,0.0,0.3000000000000001
62,wuf50-0154.mwcnf,50,218,500,181.46354007720947,False,24932.0,0.0,0.3000000000000001
63,wuf50-0155.mwcnf,50,218,500,182.56860494613647,False,18181.0,0.0,0.3000000000000001
64,wuf50-0156.mwcnf,50,218,500,183.0744788646698,False,25943.0,0.0,0.3000000000000001
65,wuf50-0157.mwcnf,50,218,115,40.64908242225647,True,22938.0,22938.0,0.3000000000000001
66,wuf50-0158.mwcnf,50,218,500,186.0330502986908,False,19545.0,0.0,0.3000000000000001
67,wuf50-0159.mwcnf,50,218,500,181.3663740158081,False,23873.0,0.0,0.3000000000000001
68,wuf50-016.mwcnf,50,218,102,34.904783487319946,True,27345.0,27345.0,0.3000000000000001
69,wuf50-0160.mwcnf,50,218,500,173.25423407554626,False,19200.0,0.0,0.3000000000000001
70,wuf50-0161.mwcnf,50,218,500,178.24125361442566,False,19229.0,0.0,0.3000000000000001
71,wuf50-0162.mwcnf,50,218,500,177.94218611717224,False,19725.0,0.0,0.3000000000000001
72,wuf50-0163.mwcnf,50,218,500,182.02134799957275,False,20000.0,0.0,0.3000000000000001
73,wuf50-0164.mwcnf,50,218,500,173.805321931839,False,18182.0,0.0,0.3000000000000001
74,wuf50-0165.mwcnf,50,218,500,171.94654965400696,False,18813.0,0.0,0.3000000000000001
75,wuf50-0166.mwcnf,50,218,500,171.83570623397827,False,17479.0,0.0,0.3000000000000001
76,wuf50-0167.mwcnf,50,218,321,108.63648962974548,True,21203.0,21203.0,0.3000000000000001
77,wuf50-0168.mwcnf,50,218,500,174.24673342704773,False,19241.0,0.0,0.3000000000000001
78,wuf50-0169.mwcnf,50,218,500,169.85177636146545,False,21821.0,14507.0,0.3000000000000001
79,wuf50-017.mwcnf,50,218,500,173.33703565597534,False,15369.0,0.0,0.3000000000000001
80,wuf50-0170.mwcnf,50,218,500,174.79414582252502,False,21381.0,0.0,0.3000000000000001
81,wuf50-0171.mwcnf,50,218,500,173.03782439231873,False,23823.0,0.0,0.3000000000000001
82,wuf50-0172.mwcnf,50,218,500,174.21446084976196,False,20000.0,0.0,0.3000000000000001
83,wuf50-0173.mwcnf,50,218,500,165.25683212280273,False,18387.0,0.0,0.3000000000000001
84,wuf50-0174.mwcnf,50,218,500,172.53368401527405,False,21058.0,0.0,0.3000000000000001
85,wuf50-0175.mwcnf,50,218,500,172.9580602645874,False,21563.0,0.0,0.3000000000000001
86,wuf50-0176.mwcnf,50,218,500,173.0349006652832,False,25907.0,0.0,0.3000000000000001
87,wuf50-0177.mwcnf,50,218,500,173.30975937843323,False,20453.0,0.0,0.3000000000000001
88,wuf50-0178.mwcnf,50,218,500,165.91682815551758,False,15326.0,13576.0,0.3000000000000001
89,wuf50-0179.mwcnf,50,218,500,171.03928661346436,False,26765.0,0.0,0.3000000000000001
90,wuf50-018.mwcnf,50,218,169,57.16436147689819,True,22089.0,22089.0,0.24000000000000007
91,wuf50-0180.mwcnf,50,218,500,170.12079334259033,False,20541.0,0.0,0.3000000000000001
92,wuf50-0181.mwcnf,50,218,500,206.5976288318634,False,23180.0,0.0,0.3000000000000001
93,wuf50-0182.mwcnf,50,218,500,206.43393230438232,False,26815.0,0.0,0.3000000000000001
94,wuf50-0183.mwcnf,50,218,137,54.88120722770691,True,21852.0,21852.0,0.3000000000000001
95,wuf50-0184.mwcnf,50,218,500,203.7917137145996,False,24089.0,0.0,0.3000000000000001
96,wuf50-0185.mwcnf,50,218,140,57.035650968551636,True,22929.0,22929.0,0.3000000000000001
97,wuf50-0186.mwcnf,50,218,500,212.13167643547058,False,20876.0,0.0,0.3000000000000001
98,wuf50-0187.mwcnf,50,218,500,200.88346648216248,False,18427.0,0.0,0.3000000000000001
99,wuf50-0188.mwcnf,50,218,500,196.05788254737854,False,15975.0,0.0,0.3000000000000001
100,wuf50-0189.mwcnf,50,218,500,194.4499945640564,False,20960.0,0.0,0.3000000000000001
101,wuf50-019.mwcnf,50,218,500,184.76050901412964,False,22726.0,0.0,0.3000000000000001
102,wuf50-0190.mwcnf,50,218,330,111.63443541526794,True,22814.0,22814.0,0.3000000000000001
103,wuf50-0191.mwcnf,50,218,500,167.20359826087952,False,22543.0,0.0,0.3000000000000001
104,wuf50-0192.mwcnf,50,218,122,42.758384466171265,True,19767.0,19767.0,0.3000000000000001
105,wuf50-0193.mwcnf,50,218,54,18.70557975769043,True,20995.0,20995.0,0.3000000000000001
106,wuf50-0194.mwcnf,50,218,57,19.955800533294678,True,23180.0,23180.0,0.3000000000000001
107,wuf50-0195.mwcnf,50,218,500,160.61287713050842,False,18385.0,17698.0,0.3000000000000001
108,wuf50-0196.mwcnf,50,218,500,149.8838996887207,False,16959.0,16869.0,0.3000000000000001
109,wuf50-0197.mwcnf,50,218,500,153.9974913597107,False,21817.0,0.0,0.3000000000000001
110,wuf50-0198.mwcnf,50,218,141,44.93633508682251,True,16665.0,16665.0,0.3000000000000001
111,wuf50-0199.mwcnf,50,218,500,155.75549125671387,False,22278.0,0.0,0.3000000000000001
112,wuf50-02.mwcnf,50,218,500,165.1949508190155,False,24366.0,0.0,0.3000000000000001
113,wuf50-020.mwcnf,50,218,40,12.238547325134277,True,20052.0,20052.0,0.21000000000000005
114,wuf50-0200.mwcnf,50,218,500,159.8476598262787,False,18291.0,0.0,0.3000000000000001
115,wuf50-0201.mwcnf,50,218,500,166.0414879322052,False,20114.0,0.0,0.3000000000000001
116,wuf50-0202.mwcnf,50,218,500,164.5226330757141,False,17576.0,0.0,0.3000000000000001
117,wuf50-0203.mwcnf,50,218,500,168.0564341545105,False,17120.0,0.0,0.3000000000000001
118,wuf50-0204.mwcnf,50,218,500,166.1731767654419,False,15454.0,0.0,0.3000000000000001
119,wuf50-0205.mwcnf,50,218,500,166.7138249874115,False,27172.0,0.0,0.3000000000000001
120,wuf50-0206.mwcnf,50,218,137,45.21261811256409,True,21469.0,21469.0,0.3000000000000001
121,wuf50-0207.mwcnf,50,218,500,161.63370633125305,False,16372.0,16320.0,0.3000000000000001
122,wuf50-0208.mwcnf,50,218,409,136.65908813476562,True,25453.0,25453.0,0.3000000000000001
123,wuf50-0209.mwcnf,50,218,500,166.0568723678589,False,23179.0,0.0,0.3000000000000001
124,wuf50-021.mwcnf,50,218,500,167.17923259735107,False,20434.0,0.0,0.3000000000000001
125,wuf50-0210.mwcnf,50,218,500,164.92005038261414,False,17248.0,0.0,0.3000000000000001
126,wuf50-0211.mwcnf,50,218,500,165.82981896400452,False,19627.0,0.0,0.3000000000000001
127,wuf50-0212.mwcnf,50,218,500,165.56825971603394,False,23238.0,21777.0,0.3000000000000001
128,wuf50-0213.mwcnf,50,218,500,168.14386105537415,False,19806.0,0.0,0.3000000000000001
129,wuf50-0214.mwcnf,50,218,500,167.4711103439331,False,21179.0,0.0,0.3000000000000001
130,wuf50-0215.mwcnf,50,218,500,167.7826211452484,False,27922.0,0.0,0.3000000000000001
131,wuf50-0216.mwcnf,50,218,500,167.59819436073303,False,23186.0,0.0,0.3000000000000001
132,wuf50-0217.mwcnf,50,218,500,168.07705283164978,False,20907.0,0.0,0.3000000000000001
133,wuf50-0218.mwcnf,50,218,96,31.787285566329956,True,25163.0,25163.0,0.3000000000000001
134,wuf50-0219.mwcnf,50,218,500,169.48344659805298,False,18860.0,0.0,0.3000000000000001
135,wuf50-022.mwcnf,50,218,500,167.70070004463196,False,21946.0,0.0,0.3000000000000001
136,wuf50-0220.mwcnf,50,218,500,168.69544219970703,False,23679.0,0.0,0.3000000000000001
137,wuf50-0221.mwcnf,50,218,500,169.01637816429138,False,23181.0,0.0,0.3000000000000001
138,wuf50-0222.mwcnf,50,218,142,47.49804711341858,True,16054.0,16054.0,0.3000000000000001
139,wuf50-0223.mwcnf,50,218,500,166.19411611557007,False,17422.0,0.0,0.3000000000000001
140,wuf50-0224.mwcnf,50,218,500,169.12231397628784,False,22780.0,0.0,0.3000000000000001
141,wuf50-0225.mwcnf,50,218,500,166.2192075252533,False,18407.0,18123.0,0.3000000000000001
142,wuf50-0226.mwcnf,50,218,500,167.2498950958252,False,23263.0,0.0,0.3000000000000001
143,wuf50-0227.mwcnf,50,218,481,160.42085075378418,True,20614.0,20614.0,0.3000000000000001
144,wuf50-0228.mwcnf,50,218,120,40.5779550075531,True,26362.0,26362.0,0.3000000000000001
145,wuf50-0229.mwcnf,50,218,109,36.12468910217285,True,27719.0,27719.0,0.3000000000000001
146,wuf50-023.mwcnf,50,218,141,45.90045428276062,True,22297.0,22297.0,0.3000000000000001
147,wuf50-0230.mwcnf,50,218,500,168.16700172424316,False,22387.0,0.0,0.3000000000000001
148,wuf50-0231.mwcnf,50,218,500,167.9239592552185,False,18743.0,0.0,0.3000000000000001
149,wuf50-0232.mwcnf,50,218,500,167.45712113380432,False,19283.0,0.0,0.3000000000000001
150,wuf50-0233.mwcnf,50,218,500,166.20633959770203,False,18910.0,0.0,0.3000000000000001
151,wuf50-0234.mwcnf,50,218,500,167.19557690620422,False,25812.0,0.0,0.3000000000000001
152,wuf50-0235.mwcnf,50,218,238,77.80629849433899,True,21211.0,21211.0,0.3000000000000001
153,wuf50-0236.mwcnf,50,218,78,25.496857404708862,True,25108.0,25108.0,0.3000000000000001
154,wuf50-0237.mwcnf,50,218,112,35.94246745109558,True,16896.0,16896.0,0.17
155,wuf50-0238.mwcnf,50,218,500,162.1741509437561,False,22052.0,19966.0,0.23000000000000007
156,wuf50-0239.mwcnf,50,218,96,31.363606691360474,True,20143.0,20143.0,0.3000000000000001
157,wuf50-024.mwcnf,50,218,500,169.5579514503479,False,25907.0,0.0,0.3000000000000001
158,wuf50-0240.mwcnf,50,218,500,166.35843682289124,False,23636.0,0.0,0.3000000000000001
159,wuf50-0241.mwcnf,50,218,500,168.11787915229797,False,25755.0,0.0,0.3000000000000001
160,wuf50-0242.mwcnf,50,218,146,47.39594125747681,True,21676.0,21676.0,0.3000000000000001
161,wuf50-0243.mwcnf,50,218,500,166.97860550880432,False,19479.0,0.0,0.3000000000000001
162,wuf50-0244.mwcnf,50,218,500,168.200786113739,False,22091.0,0.0,0.3000000000000001
163,wuf50-0245.mwcnf,50,218,500,167.34855198860168,False,26512.0,0.0,0.3000000000000001
164,wuf50-0246.mwcnf,50,218,500,167.738623380661,False,21208.0,20054.0,0.3000000000000001
165,wuf50-0247.mwcnf,50,218,500,168.30264902114868,False,15113.0,0.0,0.3000000000000001
166,wuf50-0248.mwcnf,50,218,500,166.2506709098816,False,20453.0,0.0,0.3000000000000001
167,wuf50-0249.mwcnf,50,218,500,168.32110714912415,False,26691.0,0.0,0.3000000000000001
168,wuf50-025.mwcnf,50,218,500,166.47312808036804,False,22003.0,0.0,0.3000000000000001
169,wuf50-0250.mwcnf,50,218,500,164.39555644989014,False,15879.0,15835.0,0.3000000000000001
170,wuf50-0251.mwcnf,50,218,500,164.82790231704712,False,22007.0,20303.0,0.3000000000000001
171,wuf50-0252.mwcnf,50,218,500,162.8547568321228,False,19971.0,19856.0,0.3000000000000001
172,wuf50-0253.mwcnf,50,218,118,38.878931522369385,True,23314.0,23314.0,0.3000000000000001
173,wuf50-0254.mwcnf,50,218,500,160.22654461860657,False,23578.0,23292.0,0.18000000000000002
174,wuf50-0255.mwcnf,50,218,500,167.9726402759552,False,17080.0,0.0,0.3000000000000001
175,wuf50-0256.mwcnf,50,218,500,167.60361886024475,False,24620.0,23456.0,0.3000000000000001
176,wuf50-0257.mwcnf,50,218,500,168.31901741027832,False,22779.0,0.0,0.3000000000000001
177,wuf50-0258.mwcnf,50,218,500,168.75204515457153,False,28796.0,0.0,0.3000000000000001
178,wuf50-0259.mwcnf,50,218,48,15.348345279693604,True,16073.0,16073.0,0.23000000000000007
179,wuf50-026.mwcnf,50,218,500,167.40634989738464,False,20376.0,0.0,0.3000000000000001
180,wuf50-0260.mwcnf,50,218,500,168.12689089775085,False,18165.0,0.0,0.3000000000000001
181,wuf50-0261.mwcnf,50,218,500,166.4753656387329,False,22392.0,0.0,0.3000000000000001
182,wuf50-0262.mwcnf,50,218,500,166.34865260124207,False,23480.0,0.0,0.3000000000000001
183,wuf50-0263.mwcnf,50,218,500,166.58881664276123,False,18313.0,0.0,0.3000000000000001
184,wuf50-0264.mwcnf,50,218,500,163.58495092391968,False,18302.0,17666.0,0.18000000000000002
185,wuf50-0265.mwcnf,50,218,500,169.02260041236877,False,19542.0,0.0,0.3000000000000001
186,wuf50-0266.mwcnf,50,218,120,39.638330698013306,True,17340.0,17340.0,0.3000000000000001
187,wuf50-0267.mwcnf,50,218,500,170.13470196723938,False,23922.0,0.0,0.3000000000000001
188,wuf50-0268.mwcnf,50,218,500,168.62345337867737,False,23293.0,0.0,0.3000000000000001
189,wuf50-0269.mwcnf,50,218,500,167.40710401535034,False,20975.0,0.0,0.3000000000000001
190,wuf50-027.mwcnf,50,218,143,48.17277145385742,True,22148.0,22148.0,0.3000000000000001
191,wuf50-0270.mwcnf,50,218,500,165.28600764274597,False,19935.0,0.0,0.3000000000000001
192,wuf50-0271.mwcnf,50,218,500,167.48587799072266,False,23479.0,0.0,0.3000000000000001
193,wuf50-0272.mwcnf,50,218,489,165.5027232170105,True,19763.0,19763.0,0.3000000000000001
194,wuf50-0273.mwcnf,50,218,500,167.60148882865906,False,21005.0,0.0,0.3000000000000001
195,wuf50-0274.mwcnf,50,218,500,166.52371621131897,False,22814.0,0.0,0.3000000000000001
196,wuf50-0275.mwcnf,50,218,31,9.60947847366333,True,23401.0,23401.0,0.21000000000000005
197,wuf50-0276.mwcnf,50,218,500,167.37623071670532,False,19985.0,0.0,0.3000000000000001
198,wuf50-0277.mwcnf,50,218,500,168.65662360191345,False,19728.0,0.0,0.3000000000000001
199,wuf50-0278.mwcnf,50,218,500,168.44066381454468,False,19793.0,0.0,0.3000000000000001
200,wuf50-0279.mwcnf,50,218,500,167.81188249588013,False,13418.0,0.0,0.3000000000000001
201,wuf50-028.mwcnf,50,218,163,54.62065362930298,True,18598.0,18598.0,0.3000000000000001
202,wuf50-0280.mwcnf,50,218,500,167.11737036705017,False,24946.0,0.0,0.3000000000000001
203,wuf50-0281.mwcnf,50,218,111,35.781545877456665,True,17638.0,17638.0,0.3000000000000001
204,wuf50-0282.mwcnf,50,218,500,168.2034420967102,False,18834.0,0.0,0.3000000000000001
205,wuf50-0283.mwcnf,50,218,446,149.01137852668762,True,22795.0,22795.0,0.3000000000000001
206,wuf50-0284.mwcnf,50,218,500,168.07537603378296,False,21485.0,0.0,0.3000000000000001
207,wuf50-0285.mwcnf,50,218,66,21.573325395584106,True,24739.0,24739.0,0.3000000000000001
208,wuf50-0286.mwcnf,50,218,500,167.99342608451843,False,20379.0,0.0,0.3000000000000001
209,wuf50-0287.mwcnf,50,218,500,168.05266165733337,False,22866.0,0.0,0.3000000000000001
210,wuf50-0288.mwcnf,50,218,500,168.40318942070007,False,21836.0,0.0,0.3000000000000001
211,wuf50-0289.mwcnf,50,218,500,167.3451783657074,False,22003.0,0.0,0.3000000000000001
212,wuf50-029.mwcnf,50,218,500,169.05418276786804,False,22841.0,0.0,0.3000000000000001
213,wuf50-0290.mwcnf,50,218,500,166.22480463981628,False,25873.0,0.0,0.3000000000000001
214,wuf50-0291.mwcnf,50,218,124,40.54334783554077,True,17179.0,17179.0,0.3000000000000001
215,wuf50-0292.mwcnf,50,218,500,168.92393374443054,False,21467.0,0.0,0.3000000000000001
216,wuf50-0293.mwcnf,50,218,500,168.5174584388733,False,23778.0,0.0,0.3000000000000001
217,wuf50-0294.mwcnf,50,218,171,56.253188133239746,True,16465.0,16465.0,0.3000000000000001
218,wuf50-0295.mwcnf,50,218,500,169.5474841594696,False,20519.0,0.0,0.3000000000000001
219,wuf50-0296.mwcnf,50,218,500,168.15037393569946,False,25400.0,0.0,0.3000000000000001
220,wuf50-0297.mwcnf,50,218,57,18.637762546539307,True,25696.0,25696.0,0.3000000000000001
221,wuf50-0298.mwcnf,50,218,245,82.62227082252502,True,25011.0,25011.0,0.3000000000000001
222,wuf50-0299.mwcnf,50,218,500,169.1065046787262,False,23305.0,0.0,0.3000000000000001
223,wuf50-03.mwcnf,50,218,118,38.8451406955719,True,22166.0,22166.0,0.3000000000000001
224,wuf50-030.mwcnf,50,218,500,168.20344305038452,False,21707.0,0.0,0.3000000000000001
225,wuf50-0300.mwcnf,50,218,181,59.789613246917725,True,19144.0,19144.0,0.3000000000000001
226,wuf50-0301.mwcnf,50,218,500,169.77164959907532,False,24366.0,0.0,0.3000000000000001
227,wuf50-0302.mwcnf,50,218,500,169.2992925643921,False,23731.0,0.0,0.3000000000000001
228,wuf50-0303.mwcnf,50,218,426,140.6126892566681,True,19798.0,19798.0,0.3000000000000001
229,wuf50-0304.mwcnf,50,218,500,166.9954993724823,False,15172.0,0.0,0.3000000000000001
230,wuf50-0305.mwcnf,50,218,500,164.33134651184082,False,18594.0,15572.0,0.3000000000000001
231,wuf50-0306.mwcnf,50,218,500,167.0105104446411,False,22404.0,0.0,0.3000000000000001
232,wuf50-0307.mwcnf,50,218,230,75.50692462921143,True,20672.0,20672.0,0.3000000000000001
233,wuf50-0308.mwcnf,50,218,146,48.70207238197327,True,22151.0,22151.0,0.3000000000000001
234,wuf50-0309.mwcnf,50,218,500,167.314190864563,False,29239.0,0.0,0.3000000000000001
235,wuf50-031.mwcnf,50,218,500,169.70353055000305,False,23167.0,0.0,0.3000000000000001
236,wuf50-0310.mwcnf,50,218,230,75.06104063987732,True,22078.0,22078.0,0.3000000000000001
237,wuf50-0311.mwcnf,50,218,500,167.6589493751526,False,30124.0,0.0,0.3000000000000001
238,wuf50-0312.mwcnf,50,218,500,168.22347283363342,False,19049.0,0.0,0.3000000000000001
239,wuf50-0313.mwcnf,50,218,160,52.948368310928345,True,22600.0,22600.0,0.3000000000000001
240,wuf50-0314.mwcnf,50,218,500,165.9627811908722,False,20278.0,0.0,0.3000000000000001
241,wuf50-0315.mwcnf,50,218,500,166.61761379241943,False,18523.0,0.0,0.3000000000000001
242,wuf50-0316.mwcnf,50,218,500,163.60022854804993,False,22642.0,21233.0,0.3000000000000001
243,wuf50-0317.mwcnf,50,218,500,166.65323996543884,False,18819.0,15969.0,0.3000000000000001
244,wuf50-0318.mwcnf,50,218,500,169.12416338920593,False,21693.0,0.0,0.3000000000000001
245,wuf50-0319.mwcnf,50,218,500,167.15723848342896,False,21089.0,0.0,0.3000000000000001
246,wuf50-032.mwcnf,50,218,500,41880.338096141815,False,16403.0,12975.0,0.2800000000000001
247,wuf50-0320.mwcnf,50,218,500,321.47337770462036,False,16751.0,0.0,0.3000000000000001
248,wuf50-0321.mwcnf,50,218,500,3420.138923883438,False,19650.0,0.0,0.3000000000000001
249,wuf50-0322.mwcnf,50,218,500,168.79931044578552,False,20638.0,0.0,0.3000000000000001
250,wuf50-0323.mwcnf,50,218,500,159.45189905166626,False,20513.0,0.0,0.3000000000000001
251,wuf50-0324.mwcnf,50,218,500,157.64424657821655,False,17014.0,0.0,0.3000000000000001
252,wuf50-0325.mwcnf,50,218,500,168.4770107269287,False,21707.0,0.0,0.3000000000000001
253,wuf50-0326.mwcnf,50,218,500,167.22314476966858,False,18259.0,0.0,0.3000000000000001
254,wuf50-0327.mwcnf,50,218,500,172.30387210845947,False,21708.0,0.0,0.3000000000000001
255,wuf50-0328.mwcnf,50,218,360,123.13695788383484,True,23692.0,23692.0,0.3000000000000001
256,wuf50-0329.mwcnf,50,218,500,171.8766529560089,False,28496.0,0.0,0.3000000000000001
257,wuf50-033.mwcnf,50,218,500,169.16709637641907,False,19605.0,0.0,0.3000000000000001
258,wuf50-0330.mwcnf,50,218,500,172.0977177619934,False,16389.0,0.0,0.3000000000000001
259,wuf50-0331.mwcnf,50,218,500,165.31077885627747,False,24366.0,0.0,0.3000000000000001
260,wuf50-0332.mwcnf,50,218,500,167.5855188369751,False,17751.0,0.0,0.3000000000000001
261,wuf50-0333.mwcnf,50,218,500,164.4651174545288,False,15504.0,0.0,0.3000000000000001
262,wuf50-0334.mwcnf,50,218,500,161.12870121002197,False,20499.0,16941.0,0.3000000000000001
263,wuf50-0335.mwcnf,50,218,21,7.208830833435059,True,18626.0,18626.0,0.17
264,wuf50-0336.mwcnf,50,218,500,169.88518524169922,False,19271.0,0.0,0.3000000000000001
265,wuf50-0337.mwcnf,50,218,500,164.81450247764587,False,23480.0,0.0,0.3000000000000001
266,wuf50-0338.mwcnf,50,218,111,34.04157829284668,True,21484.0,21484.0,0.3000000000000001
267,wuf50-0339.mwcnf,50,218,86,26.550349235534668,True,18226.0,18226.0,0.3000000000000001
268,wuf50-034.mwcnf,50,218,500,164.34815955162048,False,17150.0,0.0,0.3000000000000001
269,wuf50-0340.mwcnf,50,218,500,162.6008551120758,False,26183.0,0.0,0.3000000000000001
270,wuf50-0341.mwcnf,50,218,500,165.25479221343994,False,22593.0,0.0,0.3000000000000001
271,wuf50-0342.mwcnf,50,218,500,166.02619004249573,False,21745.0,0.0,0.3000000000000001
272,wuf50-0343.mwcnf,50,218,500,164.674813747406,False,20195.0,0.0,0.3000000000000001
273,wuf50-0344.mwcnf,50,218,500,164.97948575019836,False,24365.0,0.0,0.3000000000000001
274,wuf50-0345.mwcnf,50,218,500,168.9117031097412,False,22889.0,0.0,0.3000000000000001
275,wuf50-0346.mwcnf,50,218,500,163.8383812904358,False,26138.0,0.0,0.3000000000000001
276,wuf50-0347.mwcnf,50,218,500,164.3138771057129,False,23036.0,0.0,0.3000000000000001
277,wuf50-0348.mwcnf,50,218,95,30.146929502487183,True,22942.0,22942.0,0.3000000000000001
278,wuf50-0349.mwcnf,50,218,22,7.539453029632568,True,24366.0,24366.0,0.19000000000000003
279,wuf50-035.mwcnf,50,218,35,12.203063011169434,True,20395.0,20395.0,0.2700000000000001
280,wuf50-0350.mwcnf,50,218,500,164.82892990112305,False,24298.0,0.0,0.3000000000000001
281,wuf50-0351.mwcnf,50,218,500,168.15834712982178,False,11518.0,0.0,0.3000000000000001
282,wuf50-0352.mwcnf,50,218,500,164.067636013031,False,22593.0,0.0,0.3000000000000001
283,wuf50-0353.mwcnf,50,218,124,42.775678873062134,True,19819.0,19819.0,0.3000000000000001
284,wuf50-0354.mwcnf,50,218,500,164.38235878944397,False,17050.0,0.0,0.3000000000000001
285,wuf50-0355.mwcnf,50,218,500,165.50218725204468,False,19714.0,0.0,0.3000000000000001
286,wuf50-0356.mwcnf,50,218,352,112.8189446926117,True,25939.0,25939.0,0.3000000000000001
287,wuf50-0357.mwcnf,50,218,500,165.1744875907898,False,24383.0,0.0,0.3000000000000001
288,wuf50-0358.mwcnf,50,218,500,165.33281183242798,False,17277.0,0.0,0.3000000000000001
289,wuf50-0359.mwcnf,50,218,500,164.80119967460632,False,23922.0,0.0,0.3000000000000001
290,wuf50-036.mwcnf,50,218,500,165.1164209842682,False,21928.0,0.0,0.3000000000000001
291,wuf50-0360.mwcnf,50,218,225,75.08279728889465,True,25283.0,25283.0,0.3000000000000001
292,wuf50-0361.mwcnf,50,218,500,161.34758520126343,False,19321.0,17477.0,0.3000000000000001
293,wuf50-0362.mwcnf,50,218,129,39.054075717926025,True,20869.0,20869.0,0.2800000000000001
294,wuf50-0363.mwcnf,50,218,500,164.02923321723938,False,20231.0,0.0,0.3000000000000001
295,wuf50-0364.mwcnf,50,218,500,163.41790652275085,False,22386.0,0.0,0.3000000000000001
296,wuf50-0365.mwcnf,50,218,500,160.57948565483093,False,16648.0,15451.0,0.3000000000000001
297,wuf50-0366.mwcnf,50,218,500,163.99769115447998,False,21264.0,0.0,0.3000000000000001
298,wuf50-0367.mwcnf,50,218,500,164.72217297554016,False,21264.0,0.0,0.3000000000000001
299,wuf50-0368.mwcnf,50,218,500,164.13218092918396,False,20441.0,0.0,0.3000000000000001
300,wuf50-0369.mwcnf,50,218,500,166.50665545463562,False,18606.0,0.0,0.3000000000000001
301,wuf50-037.mwcnf,50,218,500,164.10847425460815,False,15089.0,14746.0,0.3000000000000001
302,wuf50-0370.mwcnf,50,218,500,165.78816080093384,False,22116.0,0.0,0.3000000000000001
303,wuf50-0371.mwcnf,50,218,431,142.80733919143677,True,23124.0,23124.0,0.3000000000000001
304,wuf50-0372.mwcnf,50,218,500,164.66007351875305,False,17257.0,0.0,0.3000000000000001
305,wuf50-0373.mwcnf,50,218,500,166.83036470413208,False,20828.0,0.0,0.3000000000000001
306,wuf50-0374.mwcnf,50,218,500,165.27459335327148,False,22593.0,0.0,0.3000000000000001
307,wuf50-0375.mwcnf,50,218,500,164.50450468063354,False,20951.0,0.0,0.3000000000000001
308,wuf50-0376.mwcnf,50,218,500,162.51640391349792,False,22448.0,0.0,0.3000000000000001
309,wuf50-0377.mwcnf,50,218,500,163.66176652908325,False,19822.0,0.0,0.3000000000000001
310,wuf50-0378.mwcnf,50,218,152,47.35437798500061,True,17789.0,17789.0,0.3000000000000001
311,wuf50-0379.mwcnf,50,218,500,163.874849319458,False,19277.0,0.0,0.3000000000000001
312,wuf50-038.mwcnf,50,218,500,165.82396364212036,False,12399.0,0.0,0.3000000000000001
313,wuf50-0380.mwcnf,50,218,500,164.20595455169678,False,27024.0,0.0,0.3000000000000001
314,wuf50-0381.mwcnf,50,218,500,166.22715020179749,False,19492.0,0.0,0.3000000000000001
315,wuf50-0382.mwcnf,50,218,500,164.62808871269226,False,24365.0,0.0,0.3000000000000001
316,wuf50-0383.mwcnf,50,218,500,164.8157296180725,False,20693.0,0.0,0.3000000000000001
317,wuf50-0384.mwcnf,50,218,500,165.02095437049866,False,20250.0,0.0,0.3000000000000001
318,wuf50-0385.mwcnf,50,218,495,160.86452436447144,True,19636.0,19636.0,0.3000000000000001
319,wuf50-0386.mwcnf,50,218,172,55.55069875717163,True,15529.0,15529.0,0.3000000000000001
320,wuf50-0387.mwcnf,50,218,500,166.34329771995544,False,20034.0,0.0,0.3000000000000001
321,wuf50-0388.mwcnf,50,218,500,164.3333477973938,False,18692.0,0.0,0.3000000000000001
322,wuf50-0389.mwcnf,50,218,500,167.96837043762207,False,18633.0,0.0,0.3000000000000001
323,wuf50-039.mwcnf,50,218,500,165.73875665664673,False,17027.0,0.0,0.3000000000000001
324,wuf50-0390.mwcnf,50,218,500,167.76414155960083,False,16063.0,0.0,0.3000000000000001
325,wuf50-0391.mwcnf,50,218,500,165.41881132125854,False,17279.0,0.0,0.3000000000000001
326,wuf50-0392.mwcnf,50,218,500,164.5097827911377,False,13452.0,0.0,0.3000000000000001
327,wuf50-0393.mwcnf,50,218,500,166.06253099441528,False,19576.0,0.0,0.3000000000000001
328,wuf50-0394.mwcnf,50,218,500,164.06355452537537,False,12686.0,0.0,0.3000000000000001
329,wuf50-0395.mwcnf,50,218,500,167.92767095565796,False,15046.0,0.0,0.3000000000000001
330,wuf50-0396.mwcnf,50,218,500,164.32345700263977,False,12469.0,0.0,0.3000000000000001
331,wuf50-0397.mwcnf,50,218,500,163.8845498561859,False,14854.0,0.0,0.3000000000000001
332,wuf50-0398.mwcnf,50,218,500,166.92281484603882,False,14609.0,0.0,0.3000000000000001
333,wuf50-0399.mwcnf,50,218,500,168.86067152023315,False,18256.0,0.0,0.3000000000000001
334,wuf50-04.mwcnf,50,218,500,166.61812257766724,False,16403.0,0.0,0.3000000000000001
335,wuf50-040.mwcnf,50,218,56,21.76471734046936,True,18482.0,18482.0,0.3000000000000001
336,wuf50-0400.mwcnf,50,218,500,164.3403561115265,False,20497.0,0.0,0.3000000000000001
337,wuf50-0401.mwcnf,50,218,500,167.3788070678711,False,16262.0,16054.0,0.3000000000000001
338,wuf50-0402.mwcnf,50,218,500,167.33035588264465,False,21389.0,0.0,0.3000000000000001
339,wuf50-0403.mwcnf,50,218,500,166.5960533618927,False,18490.0,0.0,0.3000000000000001
340,wuf50-0404.mwcnf,50,218,70,21.430657863616943,True,16348.0,16348.0,0.26000000000000006
341,wuf50-0405.mwcnf,50,218,424,137.67264699935913,True,17196.0,17196.0,0.3000000000000001
342,wuf50-0406.mwcnf,50,218,40,14.037166833877563,True,13618.0,13618.0,0.3000000000000001
343,wuf50-0407.mwcnf,50,218,336,109.96851086616516,True,18570.0,18570.0,0.3000000000000001
344,wuf50-0408.mwcnf,50,218,500,167.66849541664124,False,18125.0,0.0,0.3000000000000001
345,wuf50-0409.mwcnf,50,218,350,110.92027640342712,True,18897.0,18897.0,0.3000000000000001
346,wuf50-041.mwcnf,50,218,500,164.95450019836426,False,13776.0,0.0,0.3000000000000001
347,wuf50-0410.mwcnf,50,218,500,167.46564388275146,False,14500.0,0.0,0.3000000000000001
348,wuf50-0411.mwcnf,50,218,500,165.7885718345642,False,18050.0,0.0,0.3000000000000001
349,wuf50-0412.mwcnf,50,218,500,169.50250339508057,False,16011.0,0.0,0.3000000000000001
350,wuf50-0413.mwcnf,50,218,500,167.52801871299744,False,22241.0,0.0,0.3000000000000001
351,wuf50-0414.mwcnf,50,218,500,161.94782948493958,False,18779.0,0.0,0.3000000000000001
352,wuf50-0415.mwcnf,50,218,500,164.4273965358734,False,14684.0,0.0,0.3000000000000001
353,wuf50-0416.mwcnf,50,218,349,118.7642285823822,True,15332.0,15332.0,0.3000000000000001
354,wuf50-0417.mwcnf,50,218,203,63.53796148300171,True,18155.0,18155.0,0.3000000000000001
355,wuf50-0418.mwcnf,50,218,105,33.76049208641052,True,10513.0,10513.0,0.3000000000000001
356,wuf50-0419.mwcnf,50,218,500,169.38536143302917,False,17038.0,0.0,0.3000000000000001
357,wuf50-042.mwcnf,50,218,500,165.7207896709442,False,20664.0,0.0,0.3000000000000001
358,wuf50-0420.mwcnf,50,218,500,166.85918760299683,False,19576.0,0.0,0.3000000000000001
359,wuf50-0421.mwcnf,50,218,435,141.19294142723083,True,13896.0,13896.0,0.3000000000000001
360,wuf50-0422.mwcnf,50,218,500,163.56580758094788,False,22838.0,0.0,0.3000000000000001
361,wuf50-0423.mwcnf,50,218,500,168.00658464431763,False,16511.0,0.0,0.3000000000000001
362,wuf50-0424.mwcnf,50,218,500,164.70891761779785,False,13133.0,12419.0,0.3000000000000001
363,wuf50-0425.mwcnf,50,218,500,168.2008981704712,False,19716.0,0.0,0.3000000000000001
364,wuf50-0426.mwcnf,50,218,500,164.3481695652008,False,17994.0,0.0,0.3000000000000001
365,wuf50-0427.mwcnf,50,218,500,162.969078540802,False,19524.0,0.0,0.3000000000000001
366,wuf50-0428.mwcnf,50,218,500,164.7188103199005,False,15312.0,0.0,0.3000000000000001
367,wuf50-0429.mwcnf,50,218,500,166.5739049911499,False,12690.0,0.0,0.3000000000000001
368,wuf50-043.mwcnf,50,218,500,162.43259263038635,False,15661.0,15050.0,0.3000000000000001
369,wuf50-0430.mwcnf,50,218,500,163.5525074005127,False,14138.0,0.0,0.3000000000000001
370,wuf50-0431.mwcnf,50,218,500,164.56241106987,False,12716.0,0.0,0.3000000000000001
371,wuf50-0432.mwcnf,50,218,472,151.973482131958,True,17383.0,17383.0,0.3000000000000001
372,wuf50-0433.mwcnf,50,218,500,165.5230531692505,False,15795.0,0.0,0.3000000000000001
373,wuf50-0434.mwcnf,50,218,500,168.21601247787476,False,12404.0,0.0,0.3000000000000001
374,wuf50-0435.mwcnf,50,218,500,171.50978755950928,False,20905.0,0.0,0.3000000000000001
375,wuf50-0436.mwcnf,50,218,500,164.7778079509735,False,16676.0,0.0,0.3000000000000001
376,wuf50-0437.mwcnf,50,218,43,12.979307651519775,True,13573.0,13573.0,0.2800000000000001
377,wuf50-0438.mwcnf,50,218,500,165.6781759262085,False,12876.0,0.0,0.3000000000000001
378,wuf50-0439.mwcnf,50,218,44,12.93009352684021,True,15176.0,15176.0,0.21000000000000005
379,wuf50-044.mwcnf,50,218,500,167.03932642936707,False,19524.0,0.0,0.3000000000000001
380,wuf50-0440.mwcnf,50,218,500,165.81445622444153,False,18850.0,0.0,0.3000000000000001
381,wuf50-0441.mwcnf,50,218,500,164.0312898159027,False,15950.0,0.0,0.3000000000000001
382,wuf50-0442.mwcnf,50,218,500,164.0595600605011,False,18488.0,0.0,0.3000000000000001
383,wuf50-0443.mwcnf,50,218,500,165.8519868850708,False,16529.0,0.0,0.3000000000000001
384,wuf50-0444.mwcnf,50,218,500,163.59928846359253,False,22663.0,0.0,0.3000000000000001
385,wuf50-0445.mwcnf,50,218,500,164.11612129211426,False,17265.0,0.0,0.3000000000000001
386,wuf50-0446.mwcnf,50,218,500,164.61037826538086,False,23111.0,0.0,0.3000000000000001
387,wuf50-0447.mwcnf,50,218,500,165.49835681915283,False,21750.0,0.0,0.3000000000000001
388,wuf50-0448.mwcnf,50,218,500,163.89116716384888,False,22839.0,0.0,0.3000000000000001
389,wuf50-0449.mwcnf,50,218,500,162.13320064544678,False,17196.0,16419.0,0.3000000000000001
390,wuf50-045.mwcnf,50,218,500,163.4205503463745,False,14209.0,0.0,0.3000000000000001
391,wuf50-0450.mwcnf,50,218,500,164.88058018684387,False,17849.0,0.0,0.3000000000000001
392,wuf50-0451.mwcnf,50,218,500,165.32403707504272,False,16677.0,0.0,0.3000000000000001
393,wuf50-0452.mwcnf,50,218,500,164.91777157783508,False,17447.0,0.0,0.3000000000000001
394,wuf50-0453.mwcnf,50,218,500,163.33408403396606,False,15325.0,0.0,0.3000000000000001
395,wuf50-0454.mwcnf,50,218,56,17.305278062820435,True,18151.0,18151.0,0.3000000000000001
396,wuf50-0455.mwcnf,50,218,500,159.22758054733276,False,17038.0,0.0,0.3000000000000001
397,wuf50-0456.mwcnf,50,218,500,157.63481521606445,False,14756.0,0.0,0.3000000000000001
398,wuf50-0457.mwcnf,50,218,29,9.706617593765259,True,14312.0,14312.0,0.17
399,wuf50-0458.mwcnf,50,218,292,94.00791907310486,True,14406.0,14406.0,0.3000000000000001
400,wuf50-0459.mwcnf,50,218,417,127.45826292037964,True,12509.0,12509.0,0.3000000000000001
401,wuf50-046.mwcnf,50,218,500,158.04438662528992,False,15706.0,0.0,0.3000000000000001
402,wuf50-0460.mwcnf,50,218,64,21.87983012199402,True,16313.0,16313.0,0.3000000000000001
403,wuf50-0461.mwcnf,50,218,63,18.993071794509888,True,14431.0,14431.0,0.3000000000000001
404,wuf50-0462.mwcnf,50,218,61,18.428972721099854,True,18426.0,18426.0,0.3000000000000001
405,wuf50-0463.mwcnf,50,218,500,154.3461410999298,False,14935.0,0.0,0.3000000000000001
406,wuf50-0464.mwcnf,50,218,500,156.3210265636444,False,20179.0,0.0,0.3000000000000001
407,wuf50-0465.mwcnf,50,218,500,155.99669981002808,False,15588.0,0.0,0.3000000000000001
408,wuf50-0466.mwcnf,50,218,500,154.83116483688354,False,20517.0,0.0,0.3000000000000001
409,wuf50-0467.mwcnf,50,218,500,154.9903473854065,False,19213.0,0.0,0.3000000000000001
410,wuf50-0468.mwcnf,50,218,246,74.91604161262512,True,13000.0,13000.0,0.3000000000000001
411,wuf50-0469.mwcnf,50,218,500,150.56759667396545,False,18558.0,17084.0,0.3000000000000001
412,wuf50-047.mwcnf,50,218,500,153.54873323440552,False,14633.0,0.0,0.3000000000000001
413,wuf50-0470.mwcnf,50,218,500,155.6521589756012,False,17690.0,0.0,0.3000000000000001
414,wuf50-0471.mwcnf,50,218,500,154.52111053466797,False,19576.0,0.0,0.3000000000000001
415,wuf50-0472.mwcnf,50,218,500,151.2335410118103,False,16313.0,16244.0,0.3000000000000001
416,wuf50-0473.mwcnf,50,218,500,154.00946736335754,False,19111.0,0.0,0.3000000000000001
417,wuf50-0474.mwcnf,50,218,500,154.36871337890625,False,18126.0,0.0,0.3000000000000001
418,wuf50-0475.mwcnf,50,218,58,17.811887741088867,True,14123.0,14123.0,0.3000000000000001
419,wuf50-0476.mwcnf,50,218,500,151.25059580802917,False,16600.0,15987.0,0.3000000000000001
420,wuf50-0477.mwcnf,50,218,500,149.84253692626953,False,18128.0,16859.0,0.21000000000000005
421,wuf50-0478.mwcnf,50,218,500,154.62988901138306,False,14863.0,0.0,0.3000000000000001
422,wuf50-0479.mwcnf,50,218,500,153.85154247283936,False,14683.0,0.0,0.3000000000000001
423,wuf50-048.mwcnf,50,218,40,11.77210283279419,True,19032.0,19032.0,0.3000000000000001
424,wuf50-0480.mwcnf,50,218,500,151.02030634880066,False,15355.0,14138.0,0.3000000000000001
425,wuf50-0481.mwcnf,50,218,500,157.2824568748474,False,15910.0,14780.0,0.3000000000000001
426,wuf50-0482.mwcnf,50,218,500,163.7291169166565,False,20111.0,0.0,0.3000000000000001
427,wuf50-0483.mwcnf,50,218,500,157.97670221328735,False,16396.0,16043.0,0.3000000000000001
428,wuf50-0484.mwcnf,50,218,500,163.70108437538147,False,22839.0,0.0,0.3000000000000001
429,wuf50-0485.mwcnf,50,218,500,161.15044736862183,False,13413.0,0.0,0.3000000000000001
430,wuf50-0486.mwcnf,50,218,500,160.868230342865,False,17582.0,0.0,0.3000000000000001
431,wuf50-0487.mwcnf,50,218,500,155.01360630989075,False,17304.0,14563.0,0.3000000000000001
432,wuf50-0488.mwcnf,50,218,500,159.62432169914246,False,18012.0,17938.0,0.3000000000000001
433,wuf50-0489.mwcnf,50,218,500,154.98054242134094,False,18297.0,0.0,0.3000000000000001
434,wuf50-049.mwcnf,50,218,500,154.73025059700012,False,17681.0,0.0,0.3000000000000001
435,wuf50-0490.mwcnf,50,218,141,47.9023072719574,True,20709.0,20709.0,0.3000000000000001
436,wuf50-0491.mwcnf,50,218,500,154.60545444488525,False,16904.0,0.0,0.3000000000000001
437,wuf50-0492.mwcnf,50,218,50,14.707723140716553,True,15313.0,15313.0,0.20000000000000004
438,wuf50-0493.mwcnf,50,218,500,153.59157180786133,False,17534.0,0.0,0.3000000000000001
439,wuf50-0494.mwcnf,50,218,500,154.99978756904602,False,15725.0,0.0,0.3000000000000001
440,wuf50-0495.mwcnf,50,218,500,154.52861285209656,False,15588.0,0.0,0.3000000000000001
441,wuf50-0496.mwcnf,50,218,500,161.50961017608643,False,17240.0,0.0,0.3000000000000001
442,wuf50-0497.mwcnf,50,218,500,159.48925709724426,False,19455.0,0.0,0.3000000000000001
443,wuf50-0498.mwcnf,50,218,500,161.60889601707458,False,17181.0,0.0,0.3000000000000001
444,wuf50-0499.mwcnf,50,218,500,157.05892944335938,False,16789.0,14662.0,0.3000000000000001
445,wuf50-05.mwcnf,50,218,148,47.13853049278259,True,14585.0,14585.0,0.3000000000000001
446,wuf50-050.mwcnf,50,218,235,72.3270423412323,True,16587.0,16587.0,0.3000000000000001
447,wuf50-0500.mwcnf,50,218,500,162.42449498176575,False,18730.0,0.0,0.3000000000000001
448,wuf50-0501.mwcnf,50,218,500,162.0557632446289,False,20904.0,0.0,0.3000000000000001
449,wuf50-0502.mwcnf,50,218,500,161.94734811782837,False,20543.0,0.0,0.3000000000000001
450,wuf50-0503.mwcnf,50,218,500,161.33542609214783,False,14743.0,0.0,0.3000000000000001
451,wuf50-0504.mwcnf,50,218,500,157.05646204948425,False,17453.0,16619.0,0.3000000000000001
452,wuf50-0505.mwcnf,50,218,500,162.0995545387268,False,17500.0,17452.0,0.3000000000000001
453,wuf50-0506.mwcnf,50,218,500,158.74548268318176,False,13052.0,11921.0,0.3000000000000001
454,wuf50-0507.mwcnf,50,218,500,164.247300863266,False,18732.0,0.0,0.3000000000000001
455,wuf50-0508.mwcnf,50,218,389,126.8150405883789,True,19945.0,19945.0,0.3000000000000001
456,wuf50-0509.mwcnf,50,218,500,158.4476330280304,False,17437.0,14861.0,0.3000000000000001
457,wuf50-051.mwcnf,50,218,500,160.80379152297974,False,13225.0,12271.0,0.3000000000000001
458,wuf50-0510.mwcnf,50,218,500,163.17426705360413,False,15951.0,0.0,0.3000000000000001
459,wuf50-0511.mwcnf,50,218,500,163.11749076843262,False,18793.0,0.0,0.3000000000000001
460,wuf50-0512.mwcnf,50,218,164,52.52119421958923,True,15105.0,15105.0,0.3000000000000001
461,wuf50-0513.mwcnf,50,218,500,162.65979838371277,False,14980.0,0.0,0.3000000000000001
462,wuf50-0514.mwcnf,50,218,500,157.61025977134705,False,11125.0,0.0,0.3000000000000001
463,wuf50-0515.mwcnf,50,218,500,156.37132024765015,False,15650.0,0.0,0.3000000000000001
464,wuf50-0516.mwcnf,50,218,500,150.0837595462799,False,12601.0,11452.0,0.3000000000000001
465,wuf50-0517.mwcnf,50,218,500,153.86109471321106,False,14044.0,0.0,0.3000000000000001
466,wuf50-0518.mwcnf,50,218,500,154.1672523021698,False,15367.0,0.0,0.3000000000000001
467,wuf50-0519.mwcnf,50,218,500,154.29081845283508,False,11699.0,0.0,0.3000000000000001
468,wuf50-052.mwcnf,50,218,500,153.25904750823975,False,11028.0,0.0,0.3000000000000001
469,wuf50-0520.mwcnf,50,218,500,154.09659266471863,False,13377.0,0.0,0.3000000000000001
470,wuf50-0521.mwcnf,50,218,54,16.47039794921875,True,12442.0,12442.0,0.3000000000000001
471,wuf50-0522.mwcnf,50,218,500,153.52657341957092,False,15999.0,0.0,0.3000000000000001
472,wuf50-0523.mwcnf,50,218,500,154.05525851249695,False,12438.0,0.0,0.3000000000000001
473,wuf50-0524.mwcnf,50,218,500,153.98028683662415,False,10490.0,0.0,0.3000000000000001
474,wuf50-0525.mwcnf,50,218,500,151.67201447486877,False,12973.0,12692.0,0.3000000000000001
475,wuf50-0526.mwcnf,50,218,500,153.8872790336609,False,9791.0,0.0,0.3000000000000001
476,wuf50-0527.mwcnf,50,218,216,64.86327528953552,True,12542.0,12542.0,0.3000000000000001
477,wuf50-0528.mwcnf,50,218,500,153.6764600276947,False,12166.0,0.0,0.3000000000000001
478,wuf50-0529.mwcnf,50,218,500,150.29909801483154,False,15620.0,11661.0,0.3000000000000001
479,wuf50-053.mwcnf,50,218,500,152.79230499267578,False,13376.0,0.0,0.3000000000000001
480,wuf50-0530.mwcnf,50,218,500,155.24238801002502,False,16012.0,0.0,0.3000000000000001
481,wuf50-0531.mwcnf,50,218,500,154.47634959220886,False,10914.0,0.0,0.3000000000000001
482,wuf50-0532.mwcnf,50,218,500,154.33304572105408,False,13213.0,0.0,0.3000000000000001
483,wuf50-0533.mwcnf,50,218,314,97.23842930793762,True,14045.0,14045.0,0.3000000000000001
484,wuf50-0534.mwcnf,50,218,500,154.0421917438507,False,12041.0,0.0,0.3000000000000001
485,wuf50-0535.mwcnf,50,218,500,154.6738007068634,False,13082.0,0.0,0.3000000000000001
486,wuf50-0536.mwcnf,50,218,500,154.2621681690216,False,13055.0,0.0,0.3000000000000001
487,wuf50-0537.mwcnf,50,218,500,152.58485627174377,False,12720.0,12400.0,0.3000000000000001
488,wuf50-0538.mwcnf,50,218,500,157.9644227027893,False,13899.0,0.0,0.3000000000000001
489,wuf50-0539.mwcnf,50,218,500,158.66345310211182,False,10784.0,0.0,0.3000000000000001
490,wuf50-054.mwcnf,50,218,500,160.726149559021,False,15510.0,0.0,0.3000000000000001
491,wuf50-0540.mwcnf,50,218,500,161.7386872768402,False,12118.0,0.0,0.3000000000000001
492,wuf50-0541.mwcnf,50,218,500,165.45060396194458,False,13376.0,0.0,0.3000000000000001
493,wuf50-0542.mwcnf,50,218,26,7.929200649261475,True,14796.0,14796.0,0.21000000000000005
494,wuf50-0543.mwcnf,50,218,500,157.93633222579956,False,11282.0,9869.0,0.3000000000000001
495,wuf50-0544.mwcnf,50,218,500,152.21061325073242,False,15383.0,14773.0,0.3000000000000001
496,wuf50-0545.mwcnf,50,218,500,151.94624614715576,False,13536.0,13001.0,0.3000000000000001
497,wuf50-0546.mwcnf,50,218,444,135.9850356578827,True,14013.0,14013.0,0.3000000000000001
498,wuf50-0547.mwcnf,50,218,250,81.83233261108398,True,14908.0,14908.0,0.3000000000000001
499,wuf50-0548.mwcnf,50,218,500,156.58728456497192,False,12653.0,10243.0,0.3000000000000001
500,wuf50-0549.mwcnf,50,218,41,12.03245735168457,True,13453.0,13453.0,0.21000000000000005
501,wuf50-055.mwcnf,50,218,136,46.71487069129944,True,13097.0,13097.0,0.3000000000000001
502,wuf50-0550.mwcnf,50,218,379,120.04571723937988,True,8911.0,8911.0,0.3000000000000001
503,wuf50-0551.mwcnf,50,218,500,162.25982093811035,False,15878.0,0.0,0.3000000000000001
504,wuf50-0552.mwcnf,50,218,500,164.23121690750122,False,14446.0,0.0,0.3000000000000001
505,wuf50-0553.mwcnf,50,218,500,165.0274429321289,False,9534.0,9384.0,0.3000000000000001
506,wuf50-0554.mwcnf,50,218,500,165.82102227210999,False,13644.0,0.0,0.3000000000000001
507,wuf50-0555.mwcnf,50,218,500,163.54556322097778,False,11209.0,0.0,0.3000000000000001
508,wuf50-0556.mwcnf,50,218,500,168.44775557518005,False,15248.0,0.0,0.3000000000000001
509,wuf50-0557.mwcnf,50,218,500,170.18111324310303,False,17441.0,0.0,0.3000000000000001
510,wuf50-0558.mwcnf,50,218,500,167.66788268089294,False,15248.0,0.0,0.3000000000000001
511,wuf50-0559.mwcnf,50,218,95,30.299733877182007,True,13654.0,13654.0,0.3000000000000001
