,Task,numVariables,numClauses,endGeneration,Duration,isSolutionFound,optWeight,bestWeight,maxMutation
0,wuf20-01.mwcnf,20,91,10,1.040179967880249,True,34684.0,34684.0,0.04
1,wuf20-010.mwcnf,20,91,9,1.0868854522705078,True,129802.0,129802.0,0.07
2,wuf20-0100.mwcnf,20,91,9,0.9320600032806396,True,144550.0,144550.0,0.060000000000000005
3,wuf20-01000.mwcnf,20,91,37,6.668539047241211,True,94400.0,94400.0,0.3000000000000001
4,wuf20-0101.mwcnf,20,91,25,7.151605129241943,True,112101.0,112101.0,0.09
5,wuf20-0102.mwcnf,20,91,51,16.355048418045044,True,135701.0,135701.0,0.3000000000000001
6,wuf20-0103.mwcnf,20,91,66,22.121061325073242,True,129800.0,129800.0,0.3000000000000001
7,wuf20-0104.mwcnf,20,91,7,2.2156076431274414,True,125432.0,125432.0,0.05
8,wuf20-0105.mwcnf,20,91,64,20.602627992630005,True,94400.0,94400.0,0.3000000000000001
9,wuf20-0106.mwcnf,20,91,96,30.798093557357788,True,106200.0,106200.0,0.3000000000000001
10,wuf20-0107.mwcnf,20,91,20,6.2974584102630615,True,129800.0,129800.0,0.20000000000000004
11,wuf20-0108.mwcnf,20,91,500,154.14494061470032,False,106200.0,97350.0,0.3000000000000001
12,wuf20-0109.mwcnf,20,91,57,18.186753749847412,True,100300.0,100300.0,0.3000000000000001
13,wuf20-011.mwcnf,20,91,10,2.966885805130005,True,108168.0,108168.0,0.03
14,wuf20-0110.mwcnf,20,91,14,4.205706596374512,True,113708.0,113708.0,0.03
15,wuf20-0111.mwcnf,20,91,20,6.098076105117798,True,122213.0,122213.0,0.07
16,wuf20-0112.mwcnf,20,91,52,16.16605544090271,True,143286.0,143286.0,0.3000000000000001
17,wuf20-0113.mwcnf,20,91,10,3.147373914718628,True,129800.0,129800.0,0.09
18,wuf20-0114.mwcnf,20,91,8,2.4796037673950195,True,115275.0,115275.0,0.05
19,wuf20-0115.mwcnf,20,91,41,13.269403219223022,True,87025.0,87025.0,0.07
20,wuf20-0116.mwcnf,20,91,500,156.33801651000977,False,90469.0,70805.0,0.3000000000000001
21,wuf20-0117.mwcnf,20,91,59,18.22832942008972,True,112100.0,112100.0,0.3000000000000001
22,wuf20-0118.mwcnf,20,91,11,3.1707496643066406,True,113575.0,113575.0,0.02
23,wuf20-0119.mwcnf,20,91,105,33.184478998184204,True,82601.0,82601.0,0.3000000000000001
24,wuf20-012.mwcnf,20,91,9,2.9181172847747803,True,101650.0,101650.0,0.03
25,wuf20-0120.mwcnf,20,91,500,127.73600125312805,False,125634.0,108976.0,0.09
26,wuf20-0121.mwcnf,20,91,500,55.26315498352051,False,126850.0,101775.0,0.07
27,wuf20-0122.mwcnf,20,91,11,1.1507258415222168,True,165201.0,165201.0,0.09999999999999999
28,wuf20-0123.mwcnf,20,91,31,3.611266851425171,True,147500.0,147500.0,0.3000000000000001
29,wuf20-0124.mwcnf,20,91,500,52.537625312805176,False,118810.0,115759.0,0.05
30,wuf20-0125.mwcnf,20,91,6,0.5836918354034424,True,129800.0,129800.0,0.04
31,wuf20-0126.mwcnf,20,91,500,53.83956003189087,False,66871.0,64901.0,0.09999999999999999
32,wuf20-0127.mwcnf,20,91,9,0.9819514751434326,True,101774.0,101774.0,0.04
33,wuf20-0128.mwcnf,20,91,38,4.218236207962036,True,125868.0,125868.0,0.3000000000000001
34,wuf20-0129.mwcnf,20,91,98,10.473833322525024,True,119686.0,119686.0,0.3000000000000001
35,wuf20-013.mwcnf,20,91,8,0.8427855968475342,True,73750.0,73750.0,0.04
36,wuf20-0130.mwcnf,20,91,10,1.0954344272613525,True,76701.0,76701.0,0.08
37,wuf20-0131.mwcnf,20,91,15,1.5443625450134277,True,140016.0,140016.0,0.05
38,wuf20-0132.mwcnf,20,91,9,0.9349682331085205,True,153400.0,153400.0,0.08
39,wuf20-0133.mwcnf,20,91,9,0.8778760433197021,True,122720.0,122720.0,0.08
40,wuf20-0134.mwcnf,20,91,16,1.7984521389007568,True,113655.0,113655.0,0.04
41,wuf20-0135.mwcnf,20,91,36,3.9228720664978027,True,135700.0,135700.0,0.3000000000000001
42,wuf20-0136.mwcnf,20,91,6,0.6732354164123535,True,163234.0,163234.0,0.05
43,wuf20-0137.mwcnf,20,91,12,1.2531869411468506,True,67200.0,67200.0,0.04
44,wuf20-0138.mwcnf,20,91,9,0.9631624221801758,True,121934.0,121934.0,0.08
45,wuf20-0139.mwcnf,20,91,7,0.7706272602081299,True,64664.0,64664.0,0.02
46,wuf20-014.mwcnf,20,91,24,2.4193780422210693,True,123901.0,123901.0,0.16
47,wuf20-0140.mwcnf,20,91,500,52.870474100112915,False,96760.0,92040.0,0.09999999999999999
48,wuf20-0141.mwcnf,20,91,40,4.192163705825806,True,106200.0,106200.0,0.3000000000000001
49,wuf20-0142.mwcnf,20,91,8,0.8896000385284424,True,117260.0,117260.0,0.05
50,wuf20-0143.mwcnf,20,91,7,0.8089907169342041,True,121671.0,121671.0,0.03
51,wuf20-0144.mwcnf,20,91,9,0.9748485088348389,True,71081.0,71081.0,0.04
52,wuf20-0145.mwcnf,20,91,8,0.8468732833862305,True,118001.0,118001.0,0.05
53,wuf20-0146.mwcnf,20,91,7,0.7367982864379883,True,111256.0,111256.0,0.060000000000000005
54,wuf20-0147.mwcnf,20,91,130,14.45347261428833,True,135700.0,135700.0,0.3000000000000001
55,wuf20-0148.mwcnf,20,91,7,0.7172665596008301,True,121935.0,121935.0,0.060000000000000005
56,wuf20-0149.mwcnf,20,91,10,1.0685136318206787,True,88500.0,88500.0,0.05
57,wuf20-015.mwcnf,20,91,500,56.26065707206726,False,30985.0,15492.0,0.060000000000000005
58,wuf20-0150.mwcnf,20,91,500,52.14669942855835,False,95580.0,93220.0,0.060000000000000005
59,wuf20-0151.mwcnf,20,91,4,0.42692089080810547,True,145535.0,145535.0,0.03
60,wuf20-0152.mwcnf,20,91,52,5.318739891052246,True,81210.0,81210.0,0.05
61,wuf20-0153.mwcnf,20,91,9,0.9137349128723145,True,107287.0,107287.0,0.03
62,wuf20-0154.mwcnf,20,91,11,1.1200590133666992,True,61139.0,61139.0,0.09999999999999999
63,wuf20-0155.mwcnf,20,91,8,0.8619289398193359,True,49934.0,49934.0,0.04
64,wuf20-0156.mwcnf,20,91,54,5.433751583099365,True,29981.0,29981.0,0.3000000000000001
65,wuf20-0157.mwcnf,20,91,10,1.0659816265106201,True,32137.0,32137.0,0.060000000000000005
66,wuf20-0158.mwcnf,20,91,500,50.70331430435181,False,34938.0,30234.0,0.07
67,wuf20-0159.mwcnf,20,91,500,51.53889012336731,False,44341.0,42327.0,0.16
68,wuf20-016.mwcnf,20,91,7,0.7709200382232666,True,48911.0,48911.0,0.04
69,wuf20-0160.mwcnf,20,91,191,20.33932900428772,True,56437.0,56437.0,0.3000000000000001
70,wuf20-0161.mwcnf,20,91,8,0.814265251159668,True,50323.0,50323.0,0.05
71,wuf20-0162.mwcnf,20,91,8,0.7787501811981201,True,47668.0,47668.0,0.03
72,wuf20-0163.mwcnf,20,91,10,0.9953155517578125,True,48952.0,48952.0,0.04
73,wuf20-0164.mwcnf,20,91,8,0.7443158626556396,True,35331.0,35331.0,0.04
74,wuf20-0165.mwcnf,20,91,500,51.20016098022461,False,55260.0,50949.0,0.060000000000000005
75,wuf20-0166.mwcnf,20,91,67,7.018931865692139,True,56437.0,56437.0,0.3000000000000001
76,wuf20-0167.mwcnf,20,91,8,0.8067882061004639,True,39976.0,39976.0,0.07
77,wuf20-0168.mwcnf,20,91,500,50.841310262680054,False,41151.0,36449.0,0.16
78,wuf20-0169.mwcnf,20,91,11,1.157484769821167,True,46402.0,46402.0,0.03
79,wuf20-017.mwcnf,20,91,10,1.0206735134124756,True,57612.0,57612.0,0.07
80,wuf20-0170.mwcnf,20,91,11,1.2276582717895508,True,56437.0,56437.0,0.04
81,wuf20-0171.mwcnf,20,91,7,0.7847983837127686,True,49168.0,49168.0,0.04
82,wuf20-0172.mwcnf,20,91,40,4.149968385696411,True,37624.0,37624.0,0.3000000000000001
83,wuf20-0173.mwcnf,20,91,9,0.9042999744415283,True,32136.0,32136.0,0.08
84,wuf20-0174.mwcnf,20,91,8,0.7807424068450928,True,54084.0,54084.0,0.05
85,wuf20-0175.mwcnf,20,91,8,0.7994201183319092,True,45149.0,45149.0,0.060000000000000005
86,wuf20-0176.mwcnf,20,91,9,0.84659743309021,True,28218.0,28218.0,0.08
87,wuf20-0177.mwcnf,20,91,45,4.562598466873169,True,47030.0,47030.0,0.3000000000000001
88,wuf20-0178.mwcnf,20,91,22,2.235551118850708,True,35274.0,35274.0,0.05
89,wuf20-0179.mwcnf,20,91,7,0.7038769721984863,True,54868.0,54868.0,0.05
90,wuf20-018.mwcnf,20,91,12,1.215644359588623,True,61139.0,61139.0,0.10999999999999999
91,wuf20-0180.mwcnf,20,91,47,5.08222508430481,True,54085.0,54085.0,0.3000000000000001
92,wuf20-0181.mwcnf,20,91,4,0.4100766181945801,True,48597.0,48597.0,0.03
93,wuf20-0182.mwcnf,20,91,5,0.4780154228210449,True,38967.0,38967.0,0.03
94,wuf20-0183.mwcnf,20,91,6,0.5690145492553711,True,40759.0,40759.0,0.05
95,wuf20-0184.mwcnf,20,91,7,0.6899404525756836,True,43266.0,43266.0,0.07
96,wuf20-0185.mwcnf,20,91,10,1.0345630645751953,True,51733.0,51733.0,0.09
97,wuf20-0186.mwcnf,20,91,13,1.2164483070373535,True,55652.0,55652.0,0.05
98,wuf20-0187.mwcnf,20,91,500,51.52933192253113,False,25150.0,24332.0,0.060000000000000005
99,wuf20-0188.mwcnf,20,91,6,0.6760227680206299,True,39976.0,39976.0,0.05
100,wuf20-0189.mwcnf,20,91,10,1.0577151775360107,True,30236.0,30236.0,0.060000000000000005
101,wuf20-019.mwcnf,20,91,27,2.741041421890259,True,49382.0,49382.0,0.25000000000000006
102,wuf20-0190.mwcnf,20,91,500,51.05365300178528,False,47391.0,45221.0,0.060000000000000005
103,wuf20-0191.mwcnf,20,91,9,0.9751367568969727,True,49382.0,49382.0,0.060000000000000005
104,wuf20-0192.mwcnf,20,91,494,51.75840902328491,True,30570.0,30570.0,0.3000000000000001
105,wuf20-0193.mwcnf,20,91,38,4.032849073410034,True,44679.0,44679.0,0.3000000000000001
106,wuf20-0194.mwcnf,20,91,13,1.4431135654449463,True,42013.0,42013.0,0.08
107,wuf20-0195.mwcnf,20,91,10,1.0998380184173584,True,53952.0,53952.0,0.03
108,wuf20-0196.mwcnf,20,91,500,51.28794765472412,False,41152.0,39976.0,0.07
109,wuf20-0197.mwcnf,20,91,7,0.7808938026428223,True,56436.0,56436.0,0.060000000000000005
110,wuf20-0198.mwcnf,20,91,8,0.7955279350280762,True,47030.0,47030.0,0.05
111,wuf20-0199.mwcnf,20,91,10,1.030367136001587,True,54086.0,54086.0,0.05
112,wuf20-02.mwcnf,20,91,17,1.5913286209106445,True,18379.0,18379.0,0.05
113,wuf20-020.mwcnf,20,91,10,1.0540895462036133,True,37623.0,37623.0,0.05
114,wuf20-0200.mwcnf,20,91,500,51.17040681838989,False,32923.0,27435.0,0.08
115,wuf20-0201.mwcnf,20,91,12,1.2386841773986816,True,39976.0,39976.0,0.04
116,wuf20-0202.mwcnf,20,91,500,50.59747886657715,False,41387.0,37624.0,0.060000000000000005
117,wuf20-0203.mwcnf,20,91,21,2.12372088432312,True,39976.0,39976.0,0.09
118,wuf20-0204.mwcnf,20,91,10,0.9879422187805176,True,42326.0,42326.0,0.04
119,wuf20-0205.mwcnf,20,91,9,0.8847486972808838,True,42327.0,42327.0,0.02
120,wuf20-0206.mwcnf,20,91,8,0.8051345348358154,True,60617.0,60617.0,0.04
121,wuf20-0207.mwcnf,20,91,17,1.726163625717163,True,44679.0,44679.0,0.10999999999999999
122,wuf20-0208.mwcnf,20,91,500,51.29474687576294,False,44358.0,33173.0,0.060000000000000005
123,wuf20-0209.mwcnf,20,91,13,1.2826464176177979,True,49382.0,49382.0,0.11999999999999998
124,wuf20-021.mwcnf,20,91,7,0.6889562606811523,True,42329.0,42329.0,0.060000000000000005
125,wuf20-0210.mwcnf,20,91,11,1.0880374908447266,True,24015.0,24015.0,0.03
126,wuf20-0211.mwcnf,20,91,40,4.3934526443481445,True,48909.0,48909.0,0.3000000000000001
127,wuf20-0212.mwcnf,20,91,13,1.273087501525879,True,33169.0,33169.0,0.060000000000000005
128,wuf20-0213.mwcnf,20,91,10,0.924858570098877,True,40445.0,40445.0,0.05
129,wuf20-0214.mwcnf,20,91,10,0.9589080810546875,True,65842.0,65842.0,0.09999999999999999
130,wuf20-0215.mwcnf,20,91,5,0.5138602256774902,True,45808.0,45808.0,0.02
131,wuf20-0216.mwcnf,20,91,32,3.3930068016052246,True,56437.0,56437.0,0.07
132,wuf20-0217.mwcnf,20,91,14,1.4826319217681885,True,53749.0,53749.0,0.07
133,wuf20-0218.mwcnf,20,91,6,0.6209290027618408,True,48550.0,48550.0,0.03
134,wuf20-0219.mwcnf,20,91,38,3.841200590133667,True,37624.0,37624.0,0.3000000000000001
135,wuf20-022.mwcnf,20,91,6,0.6142632961273193,True,32923.0,32923.0,0.04
136,wuf20-0220.mwcnf,20,91,7,0.7037532329559326,True,40310.0,40310.0,0.060000000000000005
137,wuf20-0221.mwcnf,20,91,12,1.2896983623504639,True,64665.0,64665.0,0.03
138,wuf20-0222.mwcnf,20,91,50,5.238813638687134,True,51732.0,51732.0,0.3000000000000001
139,wuf20-0223.mwcnf,20,91,7,0.6981222629547119,True,50166.0,50166.0,0.060000000000000005
140,wuf20-0224.mwcnf,20,91,26,2.692336082458496,True,35273.0,35273.0,0.060000000000000005
141,wuf20-0225.mwcnf,20,91,36,3.787963390350342,True,18812.0,18812.0,0.3000000000000001
142,wuf20-0226.mwcnf,20,91,500,51.61524677276611,False,35274.0,32368.0,0.060000000000000005
143,wuf20-0227.mwcnf,20,91,500,51.1696298122406,False,49118.0,44415.0,0.07
144,wuf20-0228.mwcnf,20,91,7,0.7107357978820801,True,51732.0,51732.0,0.060000000000000005
145,wuf20-0229.mwcnf,20,91,10,0.9769833087921143,True,52712.0,52712.0,0.07
146,wuf20-023.mwcnf,20,91,26,2.657310724258423,True,34097.0,34097.0,0.18000000000000002
147,wuf20-0230.mwcnf,20,91,68,7.056108474731445,True,40445.0,40445.0,0.07
148,wuf20-0231.mwcnf,20,91,258,27.108739614486694,True,51733.0,51733.0,0.3000000000000001
149,wuf20-0232.mwcnf,20,91,74,7.742729425430298,True,54085.0,54085.0,0.3000000000000001
150,wuf20-0233.mwcnf,20,91,500,51.243741273880005,False,49717.0,48374.0,0.3000000000000001
151,wuf20-0234.mwcnf,20,91,10,1.033562183380127,True,53301.0,53301.0,0.060000000000000005
152,wuf20-0235.mwcnf,20,91,6,0.6169981956481934,True,59049.0,59049.0,0.04
153,wuf20-0236.mwcnf,20,91,13,1.2841415405273438,True,63491.0,63491.0,0.12999999999999998
154,wuf20-0237.mwcnf,20,91,8,0.8167514801025391,True,38365.0,38365.0,0.05
155,wuf20-0238.mwcnf,20,91,26,2.5087296962738037,True,37625.0,37625.0,0.11999999999999998
156,wuf20-0239.mwcnf,20,91,8,0.7962048053741455,True,32922.0,32922.0,0.07
157,wuf20-024.mwcnf,20,91,3,0.33385705947875977,True,44682.0,44682.0,0.02
158,wuf20-0240.mwcnf,20,91,52,5.489938020706177,True,50949.0,50949.0,0.3000000000000001
159,wuf20-0241.mwcnf,20,91,7,0.7130029201507568,True,34631.0,34631.0,0.060000000000000005
160,wuf20-0242.mwcnf,20,91,9,0.8814265727996826,True,51162.0,51162.0,0.05
161,wuf20-0243.mwcnf,20,91,10,1.0112221240997314,True,32138.0,32138.0,0.07
162,wuf20-0244.mwcnf,20,91,19,2.0456719398498535,True,47030.0,47030.0,0.15
163,wuf20-0245.mwcnf,20,91,19,1.9159765243530273,True,25867.0,25867.0,0.11999999999999998
164,wuf20-0246.mwcnf,20,91,9,0.8434081077575684,True,41089.0,41089.0,0.04
165,wuf20-0247.mwcnf,20,91,99,10.38115119934082,True,61139.0,61139.0,0.3000000000000001
166,wuf20-0248.mwcnf,20,91,35,3.6606407165527344,True,61139.0,61139.0,0.3000000000000001
167,wuf20-0249.mwcnf,20,91,19,1.8128576278686523,True,55496.0,55496.0,0.08
168,wuf20-025.mwcnf,20,91,342,36.14597725868225,True,75248.0,75248.0,0.3000000000000001
169,wuf20-0250.mwcnf,20,91,500,51.68711590766907,False,51285.0,50166.0,0.060000000000000005
170,wuf20-0251.mwcnf,20,91,10,0.9681751728057861,True,62706.0,62706.0,0.07
171,wuf20-0252.mwcnf,20,91,15,1.4566950798034668,True,48336.0,48336.0,0.07
172,wuf20-0253.mwcnf,20,91,12,1.1860387325286865,True,58003.0,58003.0,0.08
173,wuf20-0254.mwcnf,20,91,20,2.1650898456573486,True,51732.0,51732.0,0.060000000000000005
174,wuf20-0255.mwcnf,20,91,8,0.8932762145996094,True,45854.0,45854.0,0.03
175,wuf20-0256.mwcnf,20,91,500,50.87843465805054,False,44983.0,27298.0,0.060000000000000005
176,wuf20-0257.mwcnf,20,91,9,0.9318087100982666,True,35274.0,35274.0,0.060000000000000005
177,wuf20-0258.mwcnf,20,91,500,51.20555138587952,False,33349.0,31211.0,0.08
178,wuf20-0259.mwcnf,20,91,7,0.796410083770752,True,56771.0,56771.0,0.03
179,wuf20-026.mwcnf,20,91,25,2.6011486053466797,True,49382.0,49382.0,0.24000000000000007
180,wuf20-0260.mwcnf,20,91,252,26.653606176376343,True,28218.0,28218.0,0.3000000000000001
181,wuf20-0261.mwcnf,20,91,9,0.8778223991394043,True,47030.0,47030.0,0.07
182,wuf20-0262.mwcnf,20,91,38,3.9020326137542725,True,39976.0,39976.0,0.3000000000000001
183,wuf20-0263.mwcnf,20,91,14,1.3889892101287842,True,34487.0,34487.0,0.12999999999999998
184,wuf20-0264.mwcnf,20,91,18,1.8897936344146729,True,58003.0,58003.0,0.08
185,wuf20-0265.mwcnf,20,91,8,0.8016250133514404,True,62419.0,62419.0,0.03
186,wuf20-0266.mwcnf,20,91,9,0.8704185485839844,True,48597.0,48597.0,0.07
187,wuf20-0267.mwcnf,20,91,8,0.8452298641204834,True,51732.0,51732.0,0.04
188,wuf20-0268.mwcnf,20,91,11,1.0404796600341797,True,53613.0,53613.0,0.04
189,wuf20-0269.mwcnf,20,91,5,0.46779561042785645,True,43030.0,43030.0,0.03
190,wuf20-027.mwcnf,20,91,4,0.49861693382263184,True,49118.0,49118.0,0.02
191,wuf20-0270.mwcnf,20,91,6,0.5503275394439697,True,65842.0,65842.0,0.05
192,wuf20-0271.mwcnf,20,91,10,1.0568063259124756,True,36743.0,36743.0,0.060000000000000005
193,wuf20-0272.mwcnf,20,91,7,0.6546192169189453,True,38345.0,38345.0,0.04
194,wuf20-0273.mwcnf,20,91,12,1.2661757469177246,True,41699.0,41699.0,0.02
195,wuf20-0274.mwcnf,20,91,9,0.8988227844238281,True,51732.0,51732.0,0.08
196,wuf20-0275.mwcnf,20,91,500,51.189340114593506,False,34427.0,34240.0,0.07
197,wuf20-0276.mwcnf,20,91,9,0.9127824306488037,True,44497.0,44497.0,0.04
198,wuf20-0277.mwcnf,20,91,8,0.831526517868042,True,42688.0,42688.0,0.04
199,wuf20-0278.mwcnf,20,91,12,1.1691198348999023,True,16461.0,16461.0,0.05
200,wuf20-0279.mwcnf,20,91,11,1.097670555114746,True,62705.0,62705.0,0.04
201,wuf20-028.mwcnf,20,91,8,0.791038990020752,True,21210.0,21210.0,0.05
202,wuf20-0280.mwcnf,20,91,500,51.079004764556885,False,40758.0,40757.0,0.08
203,wuf20-0281.mwcnf,20,91,9,0.9344675540924072,True,50030.0,50030.0,0.04
204,wuf20-0282.mwcnf,20,91,8,0.8113737106323242,True,44679.0,44679.0,0.07
205,wuf20-0283.mwcnf,20,91,6,0.5591533184051514,True,47029.0,47029.0,0.05
206,wuf20-0284.mwcnf,20,91,13,1.2451965808868408,True,38407.0,38407.0,0.08
207,wuf20-0285.mwcnf,20,91,500,51.25105333328247,False,37623.0,36057.0,0.09999999999999999
208,wuf20-0286.mwcnf,20,91,31,3.1754231452941895,True,54085.0,54085.0,0.3000000000000001
209,wuf20-0287.mwcnf,20,91,10,0.9573965072631836,True,25211.0,25211.0,0.05
210,wuf20-0288.mwcnf,20,91,34,3.4324605464935303,True,21210.0,21210.0,0.17
211,wuf20-0289.mwcnf,20,91,6,0.6356804370880127,True,27212.0,27212.0,0.04
212,wuf20-029.mwcnf,20,91,8,0.7554512023925781,True,7203.0,7203.0,0.07
213,wuf20-0290.mwcnf,20,91,9,0.7656035423278809,True,21609.0,21609.0,0.08
214,wuf20-0291.mwcnf,20,91,7,0.6923224925994873,True,33614.0,33614.0,0.04
215,wuf20-0292.mwcnf,20,91,73,7.4535908699035645,True,23712.0,23712.0,0.3000000000000001
216,wuf20-0293.mwcnf,20,91,9,0.9194140434265137,True,27758.0,27758.0,0.04
217,wuf20-0294.mwcnf,20,91,9,0.9444644451141357,True,24011.0,24011.0,0.07
218,wuf20-0295.mwcnf,20,91,5,0.5341413021087646,True,25211.0,25211.0,0.04
219,wuf20-0296.mwcnf,20,91,17,1.6852807998657227,True,17446.0,17446.0,0.09
220,wuf20-0297.mwcnf,20,91,45,4.453114748001099,True,18729.0,18729.0,0.22000000000000006
221,wuf20-0298.mwcnf,20,91,8,0.7433805465698242,True,24412.0,24412.0,0.04
222,wuf20-0299.mwcnf,20,91,4,0.35127854347229004,True,15848.0,15848.0,0.03
223,wuf20-03.mwcnf,20,91,100,10.25751805305481,True,36015.0,36015.0,0.3000000000000001
224,wuf20-030.mwcnf,20,91,9,0.9093046188354492,True,26974.0,26974.0,0.03
225,wuf20-0300.mwcnf,20,91,9,0.9320337772369385,True,20411.0,20411.0,0.04
226,wuf20-0301.mwcnf,20,91,7,0.7354118824005127,True,19208.0,19208.0,0.060000000000000005
227,wuf20-0302.mwcnf,20,91,500,51.23570466041565,False,23111.0,22512.0,0.10999999999999999
228,wuf20-0303.mwcnf,20,91,8,0.818274736404419,True,24011.0,24011.0,0.07
229,wuf20-0304.mwcnf,20,91,8,0.8337793350219727,True,24012.0,24012.0,0.05
230,wuf20-0305.mwcnf,20,91,5,0.519228458404541,True,24162.0,24162.0,0.03
231,wuf20-0306.mwcnf,20,91,11,1.1606144905090332,True,14123.0,14123.0,0.060000000000000005
232,wuf20-0307.mwcnf,20,91,11,1.1133983135223389,True,19736.0,19736.0,0.07
233,wuf20-0308.mwcnf,20,91,9,0.9504058361053467,True,28213.0,28213.0,0.05
234,wuf20-0309.mwcnf,20,91,500,51.584327936172485,False,19071.0,18210.0,0.07
235,wuf20-031.mwcnf,20,91,10,1.0680174827575684,True,24010.0,24010.0,0.09
236,wuf20-0310.mwcnf,20,91,11,1.1681311130523682,True,24811.0,24811.0,0.060000000000000005
237,wuf20-0311.mwcnf,20,91,500,51.6983425617218,False,29295.0,19691.0,0.21000000000000005
238,wuf20-0312.mwcnf,20,91,40,4.07265305519104,True,16807.0,16807.0,0.3000000000000001
239,wuf20-0313.mwcnf,20,91,500,51.45894169807434,False,24011.0,22411.0,0.3000000000000001
240,wuf20-0314.mwcnf,20,91,500,51.52829623222351,False,23847.0,19371.0,0.11999999999999998
241,wuf20-0315.mwcnf,20,91,23,2.4054369926452637,True,22482.0,22482.0,0.04
242,wuf20-0316.mwcnf,20,91,192,20.81787872314453,True,19209.0,19209.0,0.3000000000000001
243,wuf20-0317.mwcnf,20,91,5,0.4821653366088867,True,16010.0,16010.0,0.04
244,wuf20-0318.mwcnf,20,91,25,2.5223023891448975,True,26814.0,26814.0,0.07
245,wuf20-0319.mwcnf,20,91,12,1.1992709636688232,True,23054.0,23054.0,0.07
246,wuf20-032.mwcnf,20,91,500,53.46550011634827,False,21609.0,0.0,0.3000000000000001
247,wuf20-0320.mwcnf,20,91,10,0.9353184700012207,True,28574.0,28574.0,0.02
248,wuf20-0321.mwcnf,20,91,50,5.309164047241211,True,22210.0,22210.0,0.3000000000000001
249,wuf20-0322.mwcnf,20,91,7,0.7434895038604736,True,26411.0,26411.0,0.07
250,wuf20-0323.mwcnf,20,91,12,1.331524133682251,True,24414.0,24414.0,0.09
251,wuf20-0324.mwcnf,20,91,8,0.7990508079528809,True,24811.0,24811.0,0.07
252,wuf20-0325.mwcnf,20,91,12,1.2304320335388184,True,32015.0,32015.0,0.03
253,wuf20-0326.mwcnf,20,91,8,0.8678653240203857,True,19809.0,19809.0,0.07
254,wuf20-0327.mwcnf,20,91,9,0.9334783554077148,True,23694.0,23694.0,0.07
255,wuf20-0328.mwcnf,20,91,127,13.758603811264038,True,14406.0,14406.0,0.3000000000000001
256,wuf20-0329.mwcnf,20,91,11,1.1926229000091553,True,20009.0,20009.0,0.05
257,wuf20-033.mwcnf,20,91,7,0.7938752174377441,True,14842.0,14842.0,0.05
258,wuf20-0330.mwcnf,20,91,49,5.104733943939209,True,13206.0,13206.0,0.3000000000000001
259,wuf20-0331.mwcnf,20,91,15,1.3818628787994385,True,22411.0,22411.0,0.060000000000000005
260,wuf20-0332.mwcnf,20,91,5,0.546001672744751,True,15007.0,15007.0,0.04
261,wuf20-0333.mwcnf,20,91,35,3.596954822540283,True,26411.0,26411.0,0.3000000000000001
262,wuf20-0334.mwcnf,20,91,37,3.9179186820983887,True,16153.0,16153.0,0.3000000000000001
263,wuf20-0335.mwcnf,20,91,19,2.0504746437072754,True,19811.0,19811.0,0.15
264,wuf20-0336.mwcnf,20,91,136,14.463459014892578,True,16807.0,16807.0,0.3000000000000001
265,wuf20-0337.mwcnf,20,91,9,0.9435696601867676,True,27613.0,27613.0,0.04
266,wuf20-0338.mwcnf,20,91,500,51.43432021141052,False,17613.0,17609.0,0.3000000000000001
267,wuf20-0339.mwcnf,20,91,500,52.022281885147095,False,24012.0,22813.0,0.07
268,wuf20-034.mwcnf,20,91,7,0.6864030361175537,True,22412.0,22412.0,0.02
269,wuf20-0340.mwcnf,20,91,19,2.0572469234466553,True,18064.0,18064.0,0.060000000000000005
270,wuf20-0341.mwcnf,20,91,9,0.9207079410552979,True,32880.0,32880.0,0.03
271,wuf20-0342.mwcnf,20,91,8,0.7838246822357178,True,16808.0,16808.0,0.07
272,wuf20-0343.mwcnf,20,91,106,11.397200584411621,True,25211.0,25211.0,0.3000000000000001
273,wuf20-0344.mwcnf,20,91,9,1.3221583366394043,True,29613.0,29613.0,0.08
274,wuf20-0345.mwcnf,20,91,500,53.136566162109375,False,19210.0,18009.0,0.060000000000000005
275,wuf20-0346.mwcnf,20,91,500,52.06180238723755,False,16009.0,16008.0,0.05
276,wuf20-0347.mwcnf,20,91,11,1.1056160926818848,True,26653.0,26653.0,0.07
277,wuf20-0348.mwcnf,20,91,12,1.3246619701385498,True,34815.0,34815.0,0.09999999999999999
278,wuf20-0349.mwcnf,20,91,19,1.975719690322876,True,20112.0,20112.0,0.04
279,wuf20-035.mwcnf,20,91,39,4.04857873916626,True,23532.0,23532.0,0.3000000000000001
280,wuf20-0350.mwcnf,20,91,12,1.174178123474121,True,14407.0,14407.0,0.060000000000000005
281,wuf20-0351.mwcnf,20,91,12,1.2575011253356934,True,30014.0,30014.0,0.09
282,wuf20-0352.mwcnf,20,91,8,0.797715425491333,True,26012.0,26012.0,0.060000000000000005
283,wuf20-0353.mwcnf,20,91,7,0.7357790470123291,True,25986.0,25986.0,0.07
284,wuf20-0354.mwcnf,20,91,46,4.789479732513428,True,19209.0,19209.0,0.3000000000000001
285,wuf20-0355.mwcnf,20,91,37,4.00726580619812,True,30014.0,30014.0,0.3000000000000001
286,wuf20-0356.mwcnf,20,91,5,0.49417662620544434,True,19209.0,19209.0,0.05
287,wuf20-0357.mwcnf,20,91,67,7.165604591369629,True,22810.0,22810.0,0.3000000000000001
288,wuf20-0358.mwcnf,20,91,500,51.21140718460083,False,24564.0,22718.0,0.05
289,wuf20-0359.mwcnf,20,91,9,0.9627134799957275,True,19727.0,19727.0,0.05
290,wuf20-036.mwcnf,20,91,68,7.234643220901489,True,23413.0,23413.0,0.3000000000000001
291,wuf20-0360.mwcnf,20,91,31,3.0972001552581787,True,25694.0,25694.0,0.05
292,wuf20-0361.mwcnf,20,91,42,4.602100133895874,True,20010.0,20010.0,0.3000000000000001
293,wuf20-0362.mwcnf,20,91,7,0.8266336917877197,True,21265.0,21265.0,0.05
294,wuf20-0363.mwcnf,20,91,14,1.4656531810760498,True,22415.0,22415.0,0.05
295,wuf20-0364.mwcnf,20,91,35,3.7264039516448975,True,24011.0,24011.0,0.3000000000000001
296,wuf20-0365.mwcnf,20,91,38,3.993086099624634,True,25513.0,25513.0,0.3000000000000001
297,wuf20-0366.mwcnf,20,91,8,0.8821320533752441,True,20410.0,20410.0,0.07
298,wuf20-0367.mwcnf,20,91,9,0.8179159164428711,True,14407.0,14407.0,0.07
299,wuf20-0368.mwcnf,20,91,11,1.1540229320526123,True,20811.0,20811.0,0.09
300,wuf20-0369.mwcnf,20,91,38,4.0806944370269775,True,20009.0,20009.0,0.3000000000000001
301,wuf20-037.mwcnf,20,91,78,7.96425724029541,True,24010.0,24010.0,0.3000000000000001
302,wuf20-0370.mwcnf,20,91,8,0.7727179527282715,True,20010.0,20010.0,0.05
303,wuf20-0371.mwcnf,20,91,12,1.277951717376709,True,18012.0,18012.0,0.10999999999999999
304,wuf20-0372.mwcnf,20,91,13,1.3071775436401367,True,23693.0,23693.0,0.08
305,wuf20-0373.mwcnf,20,91,9,0.8749325275421143,True,20760.0,20760.0,0.03
306,wuf20-0374.mwcnf,20,91,38,4.0599119663238525,True,22810.0,22810.0,0.3000000000000001
307,wuf20-0375.mwcnf,20,91,11,1.1347386837005615,True,17251.0,17251.0,0.04
308,wuf20-0376.mwcnf,20,91,9,0.8797733783721924,True,27212.0,27212.0,0.08
309,wuf20-0377.mwcnf,20,91,500,50.95590257644653,False,24276.0,17074.0,0.07
310,wuf20-0378.mwcnf,20,91,500,52.31797790527344,False,22811.0,21610.0,0.3000000000000001
311,wuf20-0379.mwcnf,20,91,15,1.511713981628418,True,25211.0,25211.0,0.09
312,wuf20-038.mwcnf,20,91,8,0.8534207344055176,True,17769.0,17769.0,0.05
313,wuf20-0380.mwcnf,20,91,13,1.2756710052490234,True,11107.0,11107.0,0.07
314,wuf20-0381.mwcnf,20,91,78,7.988368034362793,True,29214.0,29214.0,0.3000000000000001
315,wuf20-0382.mwcnf,20,91,11,1.1849627494812012,True,17313.0,17313.0,0.03
316,wuf20-0383.mwcnf,20,91,7,0.7510502338409424,True,19209.0,19209.0,0.05
317,wuf20-0384.mwcnf,20,91,6,0.6721045970916748,True,22981.0,22981.0,0.05
318,wuf20-0385.mwcnf,20,91,7,0.7070989608764648,True,24011.0,24011.0,0.060000000000000005
319,wuf20-0386.mwcnf,20,91,17,1.72499418258667,True,32414.0,32414.0,0.16
320,wuf20-0387.mwcnf,20,91,14,1.5170516967773438,True,18848.0,18848.0,0.04
321,wuf20-0388.mwcnf,20,91,13,1.4137451648712158,True,21610.0,21610.0,0.09999999999999999
322,wuf20-0389.mwcnf,20,91,15,1.5690464973449707,True,18009.0,18009.0,0.060000000000000005
323,wuf20-039.mwcnf,20,91,9,0.9525742530822754,True,24811.0,24811.0,0.08
324,wuf20-0390.mwcnf,20,91,25,2.3583903312683105,True,15368.0,15368.0,0.09
325,wuf20-0391.mwcnf,20,91,9,0.8828504085540771,True,26413.0,26413.0,0.04
326,wuf20-0392.mwcnf,20,91,7,0.7115201950073242,True,22572.0,22572.0,0.03
327,wuf20-0393.mwcnf,20,91,7,0.675133466720581,True,25513.0,25513.0,0.03
328,wuf20-0394.mwcnf,20,91,500,51.50383377075195,False,19691.0,19690.0,0.07
329,wuf20-0395.mwcnf,20,91,9,0.8766560554504395,True,32345.0,32345.0,0.03
330,wuf20-0396.mwcnf,20,91,500,51.212743282318115,False,11206.0,10405.0,0.3000000000000001
331,wuf20-0397.mwcnf,20,91,72,7.647177696228027,True,19209.0,19209.0,0.3000000000000001
332,wuf20-0398.mwcnf,20,91,8,0.8008909225463867,True,26412.0,26412.0,0.05
333,wuf20-0399.mwcnf,20,91,17,1.8219516277313232,True,27373.0,27373.0,0.060000000000000005
334,wuf20-04.mwcnf,20,91,67,6.930931806564331,True,15897.0,15897.0,0.3000000000000001
335,wuf20-040.mwcnf,20,91,19,1.8507373332977295,True,19209.0,19209.0,0.13999999999999999
336,wuf20-0400.mwcnf,20,91,39,4.25912070274353,True,27212.0,27212.0,0.3000000000000001
337,wuf20-0401.mwcnf,20,91,15,1.4787812232971191,True,27921.0,27921.0,0.03
338,wuf20-0402.mwcnf,20,91,66,7.20516300201416,True,9604.0,9604.0,0.3000000000000001
339,wuf20-0403.mwcnf,20,91,237,24.46390414237976,True,22091.0,22091.0,0.08
340,wuf20-0404.mwcnf,20,91,13,1.4072332382202148,True,20891.0,20891.0,0.060000000000000005
341,wuf20-0405.mwcnf,20,91,500,51.221869230270386,False,16894.0,16379.0,0.060000000000000005
342,wuf20-0406.mwcnf,20,91,12,1.2819273471832275,True,16808.0,16808.0,0.05
343,wuf20-0407.mwcnf,20,91,52,5.651798963546753,True,21610.0,21610.0,0.3000000000000001
344,wuf20-0408.mwcnf,20,91,7,0.7850980758666992,True,21210.0,21210.0,0.04
345,wuf20-0409.mwcnf,20,91,9,1.0310118198394775,True,26893.0,26893.0,0.07
346,wuf20-041.mwcnf,20,91,17,1.8214995861053467,True,23844.0,23844.0,0.16
347,wuf20-0410.mwcnf,20,91,161,16.6099853515625,True,26412.0,26412.0,0.3000000000000001
348,wuf20-0411.mwcnf,20,91,12,1.2552947998046875,True,25211.0,25211.0,0.08
349,wuf20-0412.mwcnf,20,91,23,2.2990078926086426,True,25580.0,25580.0,0.04
350,wuf20-0413.mwcnf,20,91,261,26.99295687675476,True,25725.0,25725.0,0.09
351,wuf20-0414.mwcnf,20,91,39,4.044074058532715,True,22810.0,22810.0,0.3000000000000001
352,wuf20-0415.mwcnf,20,91,10,1.1028509140014648,True,16808.0,16808.0,0.07
353,wuf20-0416.mwcnf,20,91,9,0.9578857421875,True,24471.0,24471.0,0.05
354,wuf20-0417.mwcnf,20,91,10,1.0761723518371582,True,27211.0,27211.0,0.02
355,wuf20-0418.mwcnf,20,91,9,0.9745128154754639,True,22650.0,22650.0,0.05
356,wuf20-0419.mwcnf,20,91,30,3.050830125808716,True,19870.0,19870.0,0.3000000000000001
357,wuf20-042.mwcnf,20,91,14,1.4272136688232422,True,19871.0,19871.0,0.11999999999999998
358,wuf20-0420.mwcnf,20,91,10,1.1857554912567139,True,16890.0,16890.0,0.05
359,wuf20-0421.mwcnf,20,91,500,51.41106605529785,False,14406.0,11921.0,0.07
360,wuf20-0422.mwcnf,20,91,6,0.6097290515899658,True,29009.0,29009.0,0.04
361,wuf20-0423.mwcnf,20,91,69,7.070153713226318,True,21858.0,21858.0,0.3000000000000001
362,wuf20-0424.mwcnf,20,91,70,7.1463541984558105,True,11923.0,11923.0,0.3000000000000001
363,wuf20-0425.mwcnf,20,91,10,1.068709135055542,True,18877.0,18877.0,0.09
364,wuf20-0426.mwcnf,20,91,12,1.2825992107391357,True,22299.0,22299.0,0.08
365,wuf20-0427.mwcnf,20,91,8,0.8529720306396484,True,19966.0,19966.0,0.060000000000000005
366,wuf20-0428.mwcnf,20,91,38,4.04084038734436,True,22851.0,22851.0,0.3000000000000001
367,wuf20-0429.mwcnf,20,91,13,1.37669038772583,True,27053.0,27053.0,0.060000000000000005
368,wuf20-043.mwcnf,20,91,17,1.7626440525054932,True,22851.0,22851.0,0.10999999999999999
369,wuf20-0430.mwcnf,20,91,11,1.0153462886810303,True,12064.0,12064.0,0.03
370,wuf20-0431.mwcnf,20,91,9,0.9152688980102539,True,19538.0,19538.0,0.04
371,wuf20-0432.mwcnf,20,91,8,0.8201980590820312,True,20533.0,20533.0,0.05
372,wuf20-0433.mwcnf,20,91,11,1.1354784965515137,True,17063.0,17063.0,0.060000000000000005
373,wuf20-0434.mwcnf,20,91,500,52.11313438415527,False,18987.0,8391.0,0.3000000000000001
374,wuf20-0435.mwcnf,20,91,202,21.530696868896484,True,12916.0,12916.0,0.3000000000000001
375,wuf20-0436.mwcnf,20,91,11,1.1260297298431396,True,18876.0,18876.0,0.02
376,wuf20-0437.mwcnf,20,91,31,3.1699178218841553,True,26825.0,26825.0,0.18000000000000002
377,wuf20-0438.mwcnf,20,91,98,10.137903690338135,True,14572.0,14572.0,0.3000000000000001
378,wuf20-0439.mwcnf,20,91,9,0.8213770389556885,True,22676.0,22676.0,0.060000000000000005
379,wuf20-044.mwcnf,20,91,24,2.425687074661255,True,15897.0,15897.0,0.05
380,wuf20-0440.mwcnf,20,91,8,0.8734536170959473,True,13113.0,13113.0,0.060000000000000005
381,wuf20-0441.mwcnf,20,91,21,2.1259424686431885,True,14833.0,14833.0,0.03
382,wuf20-0442.mwcnf,20,91,44,4.494962692260742,True,11923.0,11923.0,0.3000000000000001
383,wuf20-0443.mwcnf,20,91,7,0.7247350215911865,True,12363.0,12363.0,0.060000000000000005
384,wuf20-0444.mwcnf,20,91,8,0.780254602432251,True,13910.0,13910.0,0.04
385,wuf20-0445.mwcnf,20,91,8,0.8783283233642578,True,17570.0,17570.0,0.03
386,wuf20-0446.mwcnf,20,91,7,0.6867871284484863,True,17682.0,17682.0,0.03
387,wuf20-0447.mwcnf,20,91,11,1.2310900688171387,True,14907.0,14907.0,0.09999999999999999
388,wuf20-0448.mwcnf,20,91,17,1.7131328582763672,True,20368.0,20368.0,0.08
389,wuf20-0449.mwcnf,20,91,500,52.319636821746826,False,15896.0,0.0,0.3000000000000001
390,wuf20-045.mwcnf,20,91,500,51.2890899181366,False,19872.0,11595.0,0.08
391,wuf20-0450.mwcnf,20,91,500,50.77479815483093,False,18115.0,16362.0,0.07
392,wuf20-0451.mwcnf,20,91,9,0.8908050060272217,True,18175.0,18175.0,0.03
393,wuf20-0452.mwcnf,20,91,16,1.574181079864502,True,13413.0,13413.0,0.09
394,wuf20-0453.mwcnf,20,91,9,0.9608325958251953,True,19473.0,19473.0,0.03
395,wuf20-0454.mwcnf,20,91,9,0.9649076461791992,True,20534.0,20534.0,0.07
396,wuf20-0455.mwcnf,20,91,6,0.6091163158416748,True,22520.0,22520.0,0.04
397,wuf20-0456.mwcnf,20,91,500,52.206785440444946,False,17091.0,15896.0,0.060000000000000005
398,wuf20-0457.mwcnf,20,91,8,0.8044672012329102,True,20266.0,20266.0,0.02
399,wuf20-0458.mwcnf,20,91,330,34.93235754966736,True,23844.0,23844.0,0.3000000000000001
400,wuf20-0459.mwcnf,20,91,27,2.6482110023498535,True,17881.0,17881.0,0.07
401,wuf20-046.mwcnf,20,91,9,0.9089303016662598,True,16953.0,16953.0,0.060000000000000005
402,wuf20-0460.mwcnf,20,91,10,0.9138507843017578,True,21571.0,21571.0,0.09
403,wuf20-0461.mwcnf,20,91,9,0.9277586936950684,True,25831.0,25831.0,0.09
404,wuf20-0462.mwcnf,20,91,7,0.6881067752838135,True,24838.0,24838.0,0.060000000000000005
405,wuf20-0463.mwcnf,20,91,12,1.1394388675689697,True,27819.0,27819.0,0.09999999999999999
406,wuf20-0464.mwcnf,20,91,36,3.9230480194091797,True,9935.0,9935.0,0.3000000000000001
407,wuf20-0465.mwcnf,20,91,135,14.43155574798584,True,15896.0,15896.0,0.3000000000000001
408,wuf20-0466.mwcnf,20,91,69,7.233585357666016,True,16890.0,16890.0,0.3000000000000001
409,wuf20-0467.mwcnf,20,91,41,4.3299643993377686,True,22054.0,22054.0,0.060000000000000005
410,wuf20-0468.mwcnf,20,91,42,4.407011032104492,True,17884.0,17884.0,0.3000000000000001
411,wuf20-0469.mwcnf,20,91,40,4.142040014266968,True,15895.0,15895.0,0.3000000000000001
412,wuf20-047.mwcnf,20,91,18,1.7918028831481934,True,20865.0,20865.0,0.060000000000000005
413,wuf20-0470.mwcnf,20,91,500,51.580158710479736,False,14903.0,14404.0,0.09
414,wuf20-0471.mwcnf,20,91,500,52.253353118896484,False,13729.0,13548.0,0.060000000000000005
415,wuf20-0472.mwcnf,20,91,12,1.7101454734802246,True,22852.0,22852.0,0.10999999999999999
416,wuf20-0473.mwcnf,20,91,13,1.3734502792358398,True,22268.0,22268.0,0.08
417,wuf20-0474.mwcnf,20,91,21,2.083326816558838,True,20865.0,20865.0,0.05
418,wuf20-0475.mwcnf,20,91,10,1.0457427501678467,True,16890.0,16890.0,0.060000000000000005
419,wuf20-0476.mwcnf,20,91,13,1.4345142841339111,True,16890.0,16890.0,0.09999999999999999
420,wuf20-0477.mwcnf,20,91,8,0.8000771999359131,True,23844.0,23844.0,0.07
421,wuf20-0478.mwcnf,20,91,42,4.27964186668396,True,18876.0,18876.0,0.3000000000000001
422,wuf20-0479.mwcnf,20,91,7,0.7156181335449219,True,21858.0,21858.0,0.060000000000000005
423,wuf20-048.mwcnf,20,91,9,0.7921769618988037,True,21857.0,21857.0,0.08
424,wuf20-0480.mwcnf,20,91,6,0.670950174331665,True,21592.0,21592.0,0.05
425,wuf20-0481.mwcnf,20,91,4,0.4102189540863037,True,12585.0,12585.0,0.03
426,wuf20-0482.mwcnf,20,91,10,1.1374552249908447,True,15400.0,15400.0,0.04
427,wuf20-0483.mwcnf,20,91,15,1.518233060836792,True,21694.0,21694.0,0.05
428,wuf20-0484.mwcnf,20,91,39,4.263262748718262,True,15897.0,15897.0,0.3000000000000001
429,wuf20-0485.mwcnf,20,91,9,0.9484221935272217,True,16814.0,16814.0,0.060000000000000005
430,wuf20-0486.mwcnf,20,91,10,1.0468604564666748,True,16093.0,16093.0,0.07
431,wuf20-0487.mwcnf,20,91,8,0.894766092300415,True,22485.0,22485.0,0.04
432,wuf20-0488.mwcnf,20,91,9,0.9082205295562744,True,17224.0,17224.0,0.08
433,wuf20-0489.mwcnf,20,91,37,3.9488227367401123,True,20534.0,20534.0,0.3000000000000001
434,wuf20-049.mwcnf,20,91,17,1.6793603897094727,True,12916.0,12916.0,0.15
435,wuf20-0490.mwcnf,20,91,21,2.1022372245788574,True,25831.0,25831.0,0.20000000000000004
436,wuf20-0491.mwcnf,20,91,9,1.0027813911437988,True,21060.0,21060.0,0.07
437,wuf20-0492.mwcnf,20,91,9,0.9663083553314209,True,22024.0,22024.0,0.03
438,wuf20-0493.mwcnf,20,91,41,4.460737705230713,True,23844.0,23844.0,0.3000000000000001
439,wuf20-0494.mwcnf,20,91,8,0.7697107791900635,True,18242.0,18242.0,0.07
440,wuf20-0495.mwcnf,20,91,7,0.7644007205963135,True,21858.0,21858.0,0.060000000000000005
441,wuf20-0496.mwcnf,20,91,8,0.8521616458892822,True,24506.0,24506.0,0.08
442,wuf20-0497.mwcnf,20,91,8,0.7731263637542725,True,18104.0,18104.0,0.04
443,wuf20-0498.mwcnf,20,91,10,1.0615618228912354,True,17885.0,17885.0,0.07
444,wuf20-0499.mwcnf,20,91,500,51.69038677215576,False,27321.0,26824.0,0.060000000000000005
445,wuf20-05.mwcnf,20,91,7,0.6984307765960693,True,112668.0,112668.0,0.05
446,wuf20-050.mwcnf,20,91,53,5.495764255523682,True,17883.0,17883.0,0.3000000000000001
447,wuf20-0500.mwcnf,20,91,500,51.17258024215698,False,19872.0,19871.0,0.3000000000000001
448,wuf20-0501.mwcnf,20,91,6,0.6201612949371338,True,19871.0,19871.0,0.04
449,wuf20-0502.mwcnf,20,91,7,0.700359582901001,True,25045.0,25045.0,0.04
450,wuf20-0503.mwcnf,20,91,23,2.2542591094970703,True,15354.0,15354.0,0.09
451,wuf20-0504.mwcnf,20,91,39,4.11535906791687,True,21857.0,21857.0,0.3000000000000001
452,wuf20-0505.mwcnf,20,91,41,4.2979559898376465,True,19209.0,19209.0,0.3000000000000001
453,wuf20-0506.mwcnf,20,91,42,4.473422527313232,True,26495.0,26495.0,0.3000000000000001
454,wuf20-0507.mwcnf,20,91,9,0.9730055332183838,True,14672.0,14672.0,0.02
455,wuf20-0508.mwcnf,20,91,8,0.8327362537384033,True,7948.0,7948.0,0.07
456,wuf20-0509.mwcnf,20,91,137,14.394301891326904,True,20533.0,20533.0,0.3000000000000001
457,wuf20-051.mwcnf,20,91,16,1.5706937313079834,True,20864.0,20864.0,0.05
458,wuf20-0510.mwcnf,20,91,500,52.271130323410034,False,12465.0,11560.0,0.07
459,wuf20-0511.mwcnf,20,91,10,1.112149715423584,True,16892.0,16892.0,0.09
460,wuf20-0512.mwcnf,20,91,37,3.887002468109131,True,17885.0,17885.0,0.3000000000000001
461,wuf20-0513.mwcnf,20,91,18,1.9749476909637451,True,18877.0,18877.0,0.060000000000000005
462,wuf20-0514.mwcnf,20,91,7,0.7621002197265625,True,19870.0,19870.0,0.060000000000000005
463,wuf20-0515.mwcnf,20,91,8,0.8363175392150879,True,13711.0,13711.0,0.060000000000000005
464,wuf20-0516.mwcnf,20,91,500,51.19923114776611,False,23047.0,20762.0,0.060000000000000005
465,wuf20-0517.mwcnf,20,91,38,4.049839019775391,True,25831.0,25831.0,0.3000000000000001
466,wuf20-0518.mwcnf,20,91,9,0.8580336570739746,True,19870.0,19870.0,0.08
467,wuf20-0519.mwcnf,20,91,39,4.049530029296875,True,17883.0,17883.0,0.3000000000000001
468,wuf20-052.mwcnf,20,91,14,1.3762013912200928,True,22352.0,22352.0,0.09
469,wuf20-0520.mwcnf,20,91,55,5.776493072509766,True,21858.0,21858.0,0.3000000000000001
470,wuf20-0521.mwcnf,20,91,15,1.587538480758667,True,19871.0,19871.0,0.08
471,wuf20-0522.mwcnf,20,91,500,51.39703559875488,False,25333.0,16989.0,0.060000000000000005
472,wuf20-0523.mwcnf,20,91,8,0.810589075088501,True,22520.0,22520.0,0.08
473,wuf20-0524.mwcnf,20,91,9,0.8895494937896729,True,23844.0,23844.0,0.09
474,wuf20-0525.mwcnf,20,91,500,50.62013864517212,False,20615.0,20200.0,0.060000000000000005
475,wuf20-0526.mwcnf,20,91,23,2.270200252532959,True,22851.0,22851.0,0.08
476,wuf20-0527.mwcnf,20,91,9,0.9469351768493652,True,27817.0,27817.0,0.060000000000000005
477,wuf20-0528.mwcnf,20,91,71,7.289838552474976,True,17883.0,17883.0,0.3000000000000001
478,wuf20-0529.mwcnf,20,91,11,1.1844596862792969,True,23846.0,23846.0,0.05
479,wuf20-053.mwcnf,20,91,42,4.381136178970337,True,16890.0,16890.0,0.3000000000000001
480,wuf20-0530.mwcnf,20,91,35,3.587388515472412,True,22650.0,22650.0,0.04
481,wuf20-0531.mwcnf,20,91,12,1.280341386795044,True,14705.0,14705.0,0.08
482,wuf20-0532.mwcnf,20,91,70,7.295661687850952,True,6955.0,6955.0,0.3000000000000001
483,wuf20-0533.mwcnf,20,91,38,4.057836055755615,True,20533.0,20533.0,0.3000000000000001
484,wuf20-0534.mwcnf,20,91,500,51.428587436676025,False,20863.0,13413.0,0.09999999999999999
485,wuf20-0535.mwcnf,20,91,13,1.3671696186065674,True,17346.0,17346.0,0.05
486,wuf20-0536.mwcnf,20,91,37,3.898348808288574,True,19870.0,19870.0,0.3000000000000001
487,wuf20-0537.mwcnf,20,91,7,0.7020184993743896,True,18167.0,18167.0,0.04
488,wuf20-0538.mwcnf,20,91,15,1.4769196510314941,True,18876.0,18876.0,0.04
489,wuf20-0539.mwcnf,20,91,500,51.57018542289734,False,16726.0,14739.0,0.07
490,wuf20-054.mwcnf,20,91,14,1.419274091720581,True,16465.0,16465.0,0.04
491,wuf20-0540.mwcnf,20,91,26,2.711735963821411,True,20118.0,20118.0,0.05
492,wuf20-0541.mwcnf,20,91,9,0.9207899570465088,True,11919.0,11919.0,0.05
493,wuf20-0542.mwcnf,20,91,71,7.395082473754883,True,24838.0,24838.0,0.3000000000000001
494,wuf20-0543.mwcnf,20,91,131,13.988951444625854,True,24838.0,24838.0,0.3000000000000001
495,wuf20-0544.mwcnf,20,91,8,0.8817260265350342,True,16181.0,16181.0,0.05
496,wuf20-0545.mwcnf,20,91,6,0.6372137069702148,True,24838.0,24838.0,0.04
497,wuf20-0546.mwcnf,20,91,162,17.40376377105713,True,21859.0,21859.0,0.3000000000000001
498,wuf20-0547.mwcnf,20,91,38,3.8859846591949463,True,26825.0,26825.0,0.3000000000000001
499,wuf20-0548.mwcnf,20,91,500,51.019405126571655,False,18548.0,12587.0,0.11999999999999998
500,wuf20-0549.mwcnf,20,91,7,0.7345719337463379,True,19981.0,19981.0,0.05
501,wuf20-055.mwcnf,20,91,16,1.651554822921753,True,119296.0,119296.0,0.07
502,wuf20-0550.mwcnf,20,91,72,7.542972803115845,True,25831.0,25831.0,0.3000000000000001
503,wuf20-0551.mwcnf,20,91,171,17.86485457420349,True,17884.0,17884.0,0.3000000000000001
504,wuf20-0552.mwcnf,20,91,98,10.162220239639282,True,112668.0,112668.0,0.3000000000000001
505,wuf20-0553.mwcnf,20,91,12,1.180525779724121,True,112668.0,112668.0,0.10999999999999999
506,wuf20-0554.mwcnf,20,91,7,0.7303869724273682,True,152430.0,152430.0,0.03
507,wuf20-0555.mwcnf,20,91,5,0.4450111389160156,True,123713.0,123713.0,0.03
508,wuf20-0556.mwcnf,20,91,12,1.2300176620483398,True,150224.0,150224.0,0.07
509,wuf20-0557.mwcnf,20,91,8,0.8044703006744385,True,112668.0,112668.0,0.07
510,wuf20-0558.mwcnf,20,91,47,4.821554899215698,True,74560.0,74560.0,0.2700000000000001
511,wuf20-0559.mwcnf,20,91,15,1.576681137084961,True,125921.0,125921.0,0.04
512,wuf20-056.mwcnf,20,91,26,2.6097168922424316,True,124393.0,124393.0,0.060000000000000005
513,wuf20-0560.mwcnf,20,91,8,0.830589771270752,True,145806.0,145806.0,0.07
514,wuf20-0561.mwcnf,20,91,8,0.8107099533081055,True,193144.0,193144.0,0.04
515,wuf20-0562.mwcnf,20,91,71,7.396324396133423,True,110459.0,110459.0,0.3000000000000001
516,wuf20-0563.mwcnf,20,91,500,50.6299307346344,False,129236.0,124267.0,0.060000000000000005
517,wuf20-0564.mwcnf,20,91,9,0.9536960124969482,True,145806.0,145806.0,0.08
518,wuf20-0565.mwcnf,20,91,9,0.9590494632720947,True,123272.0,123272.0,0.060000000000000005
519,wuf20-0566.mwcnf,20,91,18,2.282744884490967,True,81187.0,81187.0,0.07
520,wuf20-0567.mwcnf,20,91,500,50.539538621902466,False,90400.0,87218.0,0.060000000000000005
521,wuf20-0568.mwcnf,20,91,9,0.8166642189025879,True,125924.0,125924.0,0.07
522,wuf20-0569.mwcnf,20,91,7,0.6449134349822998,True,106041.0,106041.0,0.07
523,wuf20-057.mwcnf,20,91,41,4.311727523803711,True,144479.0,144479.0,0.05
524,wuf20-0570.mwcnf,20,91,5,0.5487372875213623,True,95269.0,95269.0,0.02
525,wuf20-0571.mwcnf,20,91,18,1.7297313213348389,True,92785.0,92785.0,0.07
526,wuf20-0572.mwcnf,20,91,13,1.2770953178405762,True,112668.0,112668.0,0.10999999999999999
527,wuf20-0573.mwcnf,20,91,8,0.8287696838378906,True,170657.0,170657.0,0.060000000000000005
528,wuf20-0574.mwcnf,20,91,19,2.037795305252075,True,99413.0,99413.0,0.10999999999999999
529,wuf20-0575.mwcnf,20,91,10,1.0101120471954346,True,139177.0,139177.0,0.08
530,wuf20-0576.mwcnf,20,91,8,0.6907551288604736,True,119295.0,119295.0,0.07
531,wuf20-0577.mwcnf,20,91,9,0.9099373817443848,True,65391.0,65391.0,0.05
532,wuf20-0578.mwcnf,20,91,500,51.00011110305786,False,123715.0,123714.0,0.060000000000000005
533,wuf20-0579.mwcnf,20,91,9,0.908238410949707,True,185571.0,185571.0,0.060000000000000005
534,wuf20-058.mwcnf,20,91,500,50.993693828582764,False,134444.0,124977.0,0.05
535,wuf20-0580.mwcnf,20,91,500,50.51998257637024,False,107365.0,99412.0,0.05
536,wuf20-0581.mwcnf,20,91,8,0.7364680767059326,True,163479.0,163479.0,0.07
537,wuf20-0582.mwcnf,20,91,68,7.1655614376068115,True,132550.0,132550.0,0.3000000000000001
538,wuf20-0583.mwcnf,20,91,7,0.7668862342834473,True,132551.0,132551.0,0.060000000000000005
539,wuf20-0584.mwcnf,20,91,9,0.8818743228912354,True,99413.0,99413.0,0.09
540,wuf20-0585.mwcnf,20,91,500,51.23894691467285,False,139178.0,132551.0,0.060000000000000005
541,wuf20-0586.mwcnf,20,91,196,21.079238176345825,True,119295.0,119295.0,0.3000000000000001
542,wuf20-0587.mwcnf,20,91,7,0.7029550075531006,True,108691.0,108691.0,0.04
543,wuf20-0588.mwcnf,20,91,500,50.97921180725098,False,116918.0,112763.0,0.060000000000000005
544,wuf20-0589.mwcnf,20,91,10,1.0235011577606201,True,182919.0,182919.0,0.08
545,wuf20-059.mwcnf,20,91,338,36.2771201133728,True,119295.0,119295.0,0.3000000000000001
546,wuf20-0590.mwcnf,20,91,12,1.2216219902038574,True,92786.0,92786.0,0.04
547,wuf20-0591.mwcnf,20,91,10,0.9802992343902588,True,125923.0,125923.0,0.09
548,wuf20-0592.mwcnf,20,91,14,1.365771770477295,True,137521.0,137521.0,0.09
549,wuf20-0593.mwcnf,20,91,500,51.00694680213928,False,71577.0,58322.0,0.060000000000000005
550,wuf20-0594.mwcnf,20,91,20,1.956784963607788,True,92785.0,92785.0,0.18000000000000002
551,wuf20-0595.mwcnf,20,91,9,0.8710207939147949,True,150224.0,150224.0,0.07
552,wuf20-0596.mwcnf,20,91,15,1.619795322418213,True,112668.0,112668.0,0.09
553,wuf20-0597.mwcnf,20,91,8,0.8000791072845459,True,165688.0,165688.0,0.07
554,wuf20-0598.mwcnf,20,91,128,13.553117275238037,True,139178.0,139178.0,0.3000000000000001
555,wuf20-0599.mwcnf,20,91,102,10.864703178405762,True,125923.0,125923.0,0.3000000000000001
556,wuf20-06.mwcnf,20,91,6,0.5056064128875732,True,97280.0,97280.0,0.060000000000000005
557,wuf20-060.mwcnf,20,91,11,1.0600998401641846,True,156852.0,156852.0,0.07
558,wuf20-0600.mwcnf,20,91,9,0.9090237617492676,True,106040.0,106040.0,0.08
559,wuf20-0601.mwcnf,20,91,19,1.916663408279419,True,119296.0,119296.0,0.12999999999999998
560,wuf20-0602.mwcnf,20,91,9,0.9274013042449951,True,125922.0,125922.0,0.060000000000000005
561,wuf20-0603.mwcnf,20,91,9,0.9474916458129883,True,66274.0,66274.0,0.05
562,wuf20-0604.mwcnf,20,91,9,0.9808816909790039,True,140754.0,140754.0,0.02
563,wuf20-0605.mwcnf,20,91,74,7.434790134429932,True,149117.0,149117.0,0.26000000000000006
564,wuf20-0606.mwcnf,20,91,369,38.53270435333252,True,159060.0,159060.0,0.3000000000000001
565,wuf20-0607.mwcnf,20,91,9,0.9046733379364014,True,145805.0,145805.0,0.060000000000000005
566,wuf20-0608.mwcnf,20,91,500,51.375863552093506,False,119297.0,79530.0,0.3000000000000001
567,wuf20-0609.mwcnf,20,91,12,1.182286024093628,True,75114.0,75114.0,0.08
568,wuf20-061.mwcnf,20,91,5,0.5151271820068359,True,145805.0,145805.0,0.04
569,wuf20-0610.mwcnf,20,91,500,51.606953144073486,False,135201.0,124597.0,0.07
570,wuf20-0611.mwcnf,20,91,9,1.029691219329834,True,83950.0,83950.0,0.08
571,wuf20-0612.mwcnf,20,91,37,3.8699264526367188,True,125923.0,125923.0,0.3000000000000001
572,wuf20-0613.mwcnf,20,91,39,3.914093255996704,True,123715.0,123715.0,0.3000000000000001
573,wuf20-0614.mwcnf,20,91,8,0.8021571636199951,True,159060.0,159060.0,0.07
574,wuf20-0615.mwcnf,20,91,9,0.9388842582702637,True,112669.0,112669.0,0.060000000000000005
575,wuf20-0616.mwcnf,20,91,12,1.3844356536865234,True,92786.0,92786.0,0.10999999999999999
576,wuf20-0617.mwcnf,20,91,500,51.0753870010376,False,160265.0,138575.0,0.2900000000000001
577,wuf20-0618.mwcnf,20,91,77,7.902593374252319,True,112668.0,112668.0,0.3000000000000001
578,wuf20-0619.mwcnf,20,91,62,6.098499298095703,True,154400.0,154400.0,0.05
579,wuf20-062.mwcnf,20,91,10,0.9755203723907471,True,91389.0,91389.0,0.04
580,wuf20-0620.mwcnf,20,91,15,1.626213550567627,True,84685.0,84685.0,0.060000000000000005
581,wuf20-0621.mwcnf,20,91,33,3.338251829147339,True,98087.0,98087.0,0.060000000000000005
582,wuf20-0622.mwcnf,20,91,7,0.7470531463623047,True,114876.0,114876.0,0.03
583,wuf20-0623.mwcnf,20,91,5,0.4697451591491699,True,92786.0,92786.0,0.05
584,wuf20-0624.mwcnf,20,91,500,50.83126473426819,False,129899.0,106040.0,0.05
585,wuf20-0625.mwcnf,20,91,5,0.5656554698944092,True,145805.0,145805.0,0.04
586,wuf20-0626.mwcnf,20,91,18,1.856393575668335,True,143598.0,143598.0,0.060000000000000005
587,wuf20-0627.mwcnf,20,91,5,0.4954979419708252,True,149780.0,149780.0,0.04
588,wuf20-0628.mwcnf,20,91,51,5.247841835021973,True,135864.0,135864.0,0.3000000000000001
589,wuf20-0629.mwcnf,20,91,12,1.0857315063476562,True,154240.0,154240.0,0.03
590,wuf20-063.mwcnf,20,91,19,1.9643120765686035,True,163478.0,163478.0,0.03
591,wuf20-0630.mwcnf,20,91,13,1.3655798435211182,True,172315.0,172315.0,0.11999999999999998
592,wuf20-0631.mwcnf,20,91,39,3.879788398742676,True,132550.0,132550.0,0.3000000000000001
593,wuf20-0632.mwcnf,20,91,17,1.7216238975524902,True,143597.0,143597.0,0.07
594,wuf20-0633.mwcnf,20,91,7,0.7501342296600342,True,121333.0,121333.0,0.060000000000000005
595,wuf20-0634.mwcnf,20,91,11,1.0284278392791748,True,103882.0,103882.0,0.02
596,wuf20-0635.mwcnf,20,91,10,1.0171668529510498,True,123714.0,123714.0,0.09
597,wuf20-0636.mwcnf,20,91,500,51.15056109428406,False,115510.0,92785.0,0.07
598,wuf20-0637.mwcnf,20,91,10,1.0502567291259766,True,92785.0,92785.0,0.08
599,wuf20-0638.mwcnf,20,91,9,0.9108684062957764,True,75743.0,75743.0,0.05
600,wuf20-0639.mwcnf,20,91,42,4.281350374221802,True,139179.0,139179.0,0.3000000000000001
601,wuf20-064.mwcnf,20,91,17,1.748467206954956,True,145804.0,145804.0,0.09
602,wuf20-0640.mwcnf,20,91,500,50.66336226463318,False,95435.0,80855.0,0.08
603,wuf20-0641.mwcnf,20,91,500,51.06325435638428,False,119297.0,112669.0,0.3000000000000001
604,wuf20-0642.mwcnf,20,91,7,0.652324914932251,True,102425.0,102425.0,0.05
605,wuf20-0643.mwcnf,20,91,500,50.79695463180542,False,112065.0,83145.0,0.060000000000000005
606,wuf20-0644.mwcnf,20,91,10,0.9999434947967529,True,133496.0,133496.0,0.04
607,wuf20-0645.mwcnf,20,91,10,0.9874439239501953,True,141389.0,141389.0,0.09
608,wuf20-0646.mwcnf,20,91,6,0.6153943538665771,True,132552.0,132552.0,0.05
609,wuf20-0647.mwcnf,20,91,14,1.452319622039795,True,125923.0,125923.0,0.09999999999999999
610,wuf20-0648.mwcnf,20,91,500,51.784409046173096,False,122240.0,107513.0,0.07
611,wuf20-0649.mwcnf,20,91,500,50.99784302711487,False,118465.0,72074.0,0.05
612,wuf20-065.mwcnf,20,91,500,51.128761291503906,False,106042.0,92786.0,0.060000000000000005
613,wuf20-0650.mwcnf,20,91,11,1.1884303092956543,True,101715.0,101715.0,0.02
614,wuf20-0651.mwcnf,20,91,8,0.8687210083007812,True,129238.0,129238.0,0.060000000000000005
615,wuf20-0652.mwcnf,20,91,10,1.0393621921539307,True,165688.0,165688.0,0.07
616,wuf20-0653.mwcnf,20,91,6,0.6289849281311035,True,88858.0,88858.0,0.03
617,wuf20-0654.mwcnf,20,91,9,0.9479494094848633,True,122352.0,122352.0,0.04
618,wuf20-0655.mwcnf,20,91,28,2.7866251468658447,True,101363.0,101363.0,0.03
619,wuf20-0656.mwcnf,20,91,8,0.778921365737915,True,112668.0,112668.0,0.04
620,wuf20-0657.mwcnf,20,91,10,0.9926369190216064,True,114324.0,114324.0,0.05
621,wuf20-0658.mwcnf,20,91,22,2.299982786178589,True,124975.0,124975.0,0.09
622,wuf20-0659.mwcnf,20,91,7,0.7176744937896729,True,142774.0,142774.0,0.060000000000000005
623,wuf20-066.mwcnf,20,91,10,1.0199766159057617,True,162375.0,162375.0,0.07
624,wuf20-0660.mwcnf,20,91,7,0.7026991844177246,True,152433.0,152433.0,0.04
625,wuf20-0661.mwcnf,20,91,9,0.9343440532684326,True,135864.0,135864.0,0.09
626,wuf20-0662.mwcnf,20,91,7,0.7667825222015381,True,120315.0,120315.0,0.02
627,wuf20-0663.mwcnf,20,91,7,0.6899697780609131,True,103832.0,103832.0,0.04
628,wuf20-0664.mwcnf,20,91,35,3.627946138381958,True,159060.0,159060.0,0.3000000000000001
629,wuf20-0665.mwcnf,20,91,500,50.66674065589905,False,105520.0,102400.0,0.060000000000000005
630,wuf20-0666.mwcnf,20,91,98,10.234565019607544,True,106041.0,106041.0,0.3000000000000001
631,wuf20-0667.mwcnf,20,91,137,14.538920640945435,True,112674.0,112674.0,0.3000000000000001
632,wuf20-0668.mwcnf,20,91,10,1.0186877250671387,True,121946.0,121946.0,0.08
633,wuf20-0669.mwcnf,20,91,8,0.7816593647003174,True,139178.0,139178.0,0.060000000000000005
634,wuf20-067.mwcnf,20,91,5,0.541121244430542,True,123495.0,123495.0,0.02
635,wuf20-0670.mwcnf,20,91,14,1.4370324611663818,True,99413.0,99413.0,0.07
636,wuf20-0671.mwcnf,20,91,15,1.4684827327728271,True,90691.0,90691.0,0.03
637,wuf20-0672.mwcnf,20,91,16,1.6995148658752441,True,123714.0,123714.0,0.09999999999999999
638,wuf20-0673.mwcnf,20,91,25,2.6389036178588867,True,54347.0,54347.0,0.04
639,wuf20-0674.mwcnf,20,91,11,1.0340049266815186,True,92785.0,92785.0,0.09999999999999999
640,wuf20-0675.mwcnf,20,91,6,0.6704452037811279,True,165688.0,165688.0,0.05
641,wuf20-0676.mwcnf,20,91,500,50.63436508178711,False,89471.0,71245.0,0.060000000000000005
642,wuf20-0677.mwcnf,20,91,500,50.846843242645264,False,111722.0,96572.0,0.07
643,wuf20-0678.mwcnf,20,91,13,1.369633674621582,True,132550.0,132550.0,0.11999999999999998
644,wuf20-0679.mwcnf,20,91,6,0.6438186168670654,True,202610.0,202610.0,0.05
645,wuf20-068.mwcnf,20,91,12,1.2125325202941895,True,77327.0,77327.0,0.04
646,wuf20-0680.mwcnf,20,91,38,3.9479947090148926,True,165688.0,165688.0,0.3000000000000001
647,wuf20-0681.mwcnf,20,91,8,0.8448443412780762,True,162595.0,162595.0,0.05
648,wuf20-0682.mwcnf,20,91,8,0.8910782337188721,True,111718.0,111718.0,0.05
649,wuf20-0683.mwcnf,20,91,98,11.355212926864624,True,159060.0,159060.0,0.3000000000000001
650,wuf20-0684.mwcnf,20,91,9,0.9635288715362549,True,119295.0,119295.0,0.08
651,wuf20-0685.mwcnf,20,91,16,1.70060396194458,True,141829.0,141829.0,0.09999999999999999
652,wuf20-0686.mwcnf,20,91,11,1.138685703277588,True,113614.0,113614.0,0.03
653,wuf20-0687.mwcnf,20,91,98,10.232377767562866,True,78572.0,78572.0,0.3000000000000001
654,wuf20-0688.mwcnf,20,91,500,51.02870154380798,False,46774.0,28064.0,0.3000000000000001
655,wuf20-0689.mwcnf,20,91,11,1.079092264175415,True,82706.0,82706.0,0.05
656,wuf20-069.mwcnf,20,91,7,0.6738364696502686,True,71089.0,71089.0,0.060000000000000005
657,wuf20-0690.mwcnf,20,91,8,0.848231315612793,True,68793.0,68793.0,0.060000000000000005
658,wuf20-0691.mwcnf,20,91,105,10.776217699050903,True,89796.0,89796.0,0.3000000000000001
659,wuf20-0692.mwcnf,20,91,99,10.264789581298828,True,82314.0,82314.0,0.3000000000000001
660,wuf20-0693.mwcnf,20,91,9,0.9254772663116455,True,86055.0,86055.0,0.04
661,wuf20-0694.mwcnf,20,91,69,7.217650651931763,True,93538.0,93538.0,0.3000000000000001
662,wuf20-0695.mwcnf,20,91,8,0.821296215057373,True,115987.0,115987.0,0.05
663,wuf20-0696.mwcnf,20,91,39,3.9958648681640625,True,76077.0,76077.0,0.3000000000000001
664,wuf20-0697.mwcnf,20,91,9,0.9283802509307861,True,78884.0,78884.0,0.04
665,wuf20-0698.mwcnf,20,91,9,0.880551815032959,True,104762.0,104762.0,0.08
666,wuf20-0699.mwcnf,20,91,8,0.848595142364502,True,54252.0,54252.0,0.04
667,wuf20-07.mwcnf,20,91,9,0.9217641353607178,True,74502.0,74502.0,0.03
668,wuf20-070.mwcnf,20,91,500,51.77874708175659,False,67130.0,66275.0,0.060000000000000005
669,wuf20-0700.mwcnf,20,91,71,7.627364873886108,True,82313.0,82313.0,0.3000000000000001
670,wuf20-0701.mwcnf,20,91,41,4.219310760498047,True,67347.0,67347.0,0.3000000000000001
671,wuf20-0702.mwcnf,20,91,500,50.90790152549744,False,78988.0,78987.0,0.060000000000000005
672,wuf20-0703.mwcnf,20,91,50,4.964836597442627,True,67535.0,67535.0,0.05
673,wuf20-0704.mwcnf,20,91,500,50.39394760131836,False,44901.0,32431.0,0.17
674,wuf20-0705.mwcnf,20,91,11,1.091449499130249,True,86055.0,86055.0,0.09
675,wuf20-0706.mwcnf,20,91,7,0.7362644672393799,True,66559.0,66559.0,0.04
676,wuf20-0707.mwcnf,20,91,19,1.9714114665985107,True,59864.0,59864.0,0.13999999999999999
677,wuf20-0708.mwcnf,20,91,23,2.3947038650512695,True,82313.0,82313.0,0.22000000000000006
678,wuf20-0709.mwcnf,20,91,500,50.36292481422424,False,82311.0,79319.0,0.060000000000000005
679,wuf20-071.mwcnf,20,91,12,1.2456085681915283,True,54874.0,54874.0,0.05
680,wuf20-0710.mwcnf,20,91,29,2.859020233154297,True,48641.0,48641.0,0.09999999999999999
681,wuf20-0711.mwcnf,20,91,35,3.6408920288085938,True,65477.0,65477.0,0.23000000000000007
682,wuf20-0712.mwcnf,20,91,9,0.9130074977874756,True,82313.0,82313.0,0.07
683,wuf20-0713.mwcnf,20,91,9,0.8794007301330566,True,71088.0,71088.0,0.05
684,wuf20-0714.mwcnf,20,91,500,50.89971876144409,False,88673.0,85305.0,0.07
685,wuf20-0715.mwcnf,20,91,10,0.9430506229400635,True,74830.0,74830.0,0.09
686,wuf20-0716.mwcnf,20,91,22,2.272205114364624,True,74830.0,74830.0,0.21000000000000005
687,wuf20-0717.mwcnf,20,91,149,15.664495706558228,True,86055.0,86055.0,0.3000000000000001
688,wuf20-0718.mwcnf,20,91,500,50.98407530784607,False,42405.0,41158.0,0.060000000000000005
689,wuf20-0719.mwcnf,20,91,5,0.5058238506317139,True,59864.0,59864.0,0.03
690,wuf20-072.mwcnf,20,91,9,0.944054126739502,True,48641.0,48641.0,0.04
691,wuf20-0720.mwcnf,20,91,12,1.2742862701416016,True,62002.0,62002.0,0.02
692,wuf20-0721.mwcnf,20,91,9,0.9052131175994873,True,79819.0,79819.0,0.05
693,wuf20-0722.mwcnf,20,91,8,0.7870328426361084,True,82312.0,82312.0,0.05
694,wuf20-0723.mwcnf,20,91,6,0.6068098545074463,True,82314.0,82314.0,0.05
695,wuf20-0724.mwcnf,20,91,8,0.8093979358673096,True,99805.0,99805.0,0.02
696,wuf20-0725.mwcnf,20,91,41,4.317680835723877,True,59864.0,59864.0,0.3000000000000001
697,wuf20-0726.mwcnf,20,91,41,4.20951509475708,True,71088.0,71088.0,0.3000000000000001
698,wuf20-0727.mwcnf,20,91,14,1.382195234298706,True,70749.0,70749.0,0.060000000000000005
699,wuf20-0728.mwcnf,20,91,14,1.3793060779571533,True,52382.0,52382.0,0.07
700,wuf20-0729.mwcnf,20,91,9,0.8772292137145996,True,67347.0,67347.0,0.08
701,wuf20-073.mwcnf,20,91,6,0.5903446674346924,True,93538.0,93538.0,0.05
702,wuf20-0730.mwcnf,20,91,10,1.0197534561157227,True,80583.0,80583.0,0.03
703,wuf20-0731.mwcnf,20,91,11,1.1210217475891113,True,82314.0,82314.0,0.08
704,wuf20-0732.mwcnf,20,91,5,0.4809379577636719,True,65851.0,65851.0,0.04
705,wuf20-0733.mwcnf,20,91,10,0.9845638275146484,True,104762.0,104762.0,0.09
706,wuf20-0734.mwcnf,20,91,11,1.1877148151397705,True,86342.0,86342.0,0.03
707,wuf20-0735.mwcnf,20,91,8,0.7557694911956787,True,44898.0,44898.0,0.07
708,wuf20-0736.mwcnf,20,91,82,8.5172438621521,True,71089.0,71089.0,0.3000000000000001
709,wuf20-0737.mwcnf,20,91,43,4.4638237953186035,True,63608.0,63608.0,0.3000000000000001
710,wuf20-0738.mwcnf,20,91,500,51.22719764709473,False,59864.0,43027.0,0.07
711,wuf20-0739.mwcnf,20,91,9,0.8856782913208008,True,69842.0,69842.0,0.060000000000000005
712,wuf20-074.mwcnf,20,91,97,10.003811120986938,True,59864.0,59864.0,0.3000000000000001
713,wuf20-0740.mwcnf,20,91,7,0.770348310470581,True,71089.0,71089.0,0.060000000000000005
714,wuf20-0741.mwcnf,20,91,20,2.0450167655944824,True,51758.0,51758.0,0.08
715,wuf20-0742.mwcnf,20,91,346,35.24679398536682,True,81802.0,81802.0,0.05
716,wuf20-0743.mwcnf,20,91,15,1.6122958660125732,True,59865.0,59865.0,0.13999999999999999
717,wuf20-0744.mwcnf,20,91,11,1.1622250080108643,True,86803.0,86803.0,0.09
718,wuf20-0745.mwcnf,20,91,11,1.1009230613708496,True,66595.0,66595.0,0.07
719,wuf20-0746.mwcnf,20,91,5,0.4830050468444824,True,88727.0,88727.0,0.04
720,wuf20-0747.mwcnf,20,91,10,0.962078332901001,True,67348.0,67348.0,0.060000000000000005
721,wuf20-0748.mwcnf,20,91,16,1.617034673690796,True,56389.0,56389.0,0.060000000000000005
722,wuf20-0749.mwcnf,20,91,9,0.8931229114532471,True,89796.0,89796.0,0.07
723,wuf20-075.mwcnf,20,91,7,0.6943693161010742,True,70153.0,70153.0,0.04
724,wuf20-0750.mwcnf,20,91,10,0.9955081939697266,True,101021.0,101021.0,0.09999999999999999
725,wuf20-0751.mwcnf,20,91,9,0.8920397758483887,True,74830.0,74830.0,0.060000000000000005
726,wuf20-0752.mwcnf,20,91,10,1.0209574699401855,True,72959.0,72959.0,0.05
727,wuf20-0753.mwcnf,20,91,500,51.069544076919556,False,58368.0,41904.0,0.3000000000000001
728,wuf20-0754.mwcnf,20,91,64,6.694079399108887,True,82886.0,82886.0,0.3000000000000001
729,wuf20-0755.mwcnf,20,91,49,5.200563430786133,True,82313.0,82313.0,0.3000000000000001
730,wuf20-0756.mwcnf,20,91,10,0.9844400882720947,True,71090.0,71090.0,0.05
731,wuf20-0757.mwcnf,20,91,9,0.9239013195037842,True,65850.0,65850.0,0.07
732,wuf20-0758.mwcnf,20,91,8,0.7682647705078125,True,68972.0,68972.0,0.060000000000000005
733,wuf20-0759.mwcnf,20,91,9,0.9031274318695068,True,67347.0,67347.0,0.08
734,wuf20-076.mwcnf,20,91,68,6.803151607513428,True,67347.0,67347.0,0.3000000000000001
735,wuf20-0760.mwcnf,20,91,500,51.335750341415405,False,64230.0,56125.0,0.3000000000000001
736,wuf20-0761.mwcnf,20,91,9,0.8760488033294678,True,69651.0,69651.0,0.04
737,wuf20-0762.mwcnf,20,91,285,30.101283073425293,True,74831.0,74831.0,0.3000000000000001
738,wuf20-0763.mwcnf,20,91,57,5.821024417877197,True,59864.0,59864.0,0.3000000000000001
739,wuf20-0764.mwcnf,20,91,39,4.113251447677612,True,82313.0,82313.0,0.3000000000000001
740,wuf20-0765.mwcnf,20,91,75,7.790381669998169,True,63608.0,63608.0,0.3000000000000001
741,wuf20-0766.mwcnf,20,91,10,0.9621601104736328,True,77072.0,77072.0,0.07
742,wuf20-0767.mwcnf,20,91,500,50.66857695579529,False,76965.0,76049.0,0.07
743,wuf20-0768.mwcnf,20,91,9,1.0238585472106934,True,59469.0,59469.0,0.05
744,wuf20-0769.mwcnf,20,91,28,2.872072696685791,True,82314.0,82314.0,0.09999999999999999
745,wuf20-077.mwcnf,20,91,43,4.525913238525391,True,63604.0,63604.0,0.3000000000000001
746,wuf20-0770.mwcnf,20,91,500,50.6765992641449,False,66102.0,61112.0,0.3000000000000001
747,wuf20-0771.mwcnf,20,91,246,24.856162071228027,True,86055.0,86055.0,0.3000000000000001
748,wuf20-0772.mwcnf,20,91,14,1.2928147315979004,True,63237.0,63237.0,0.03
749,wuf20-0773.mwcnf,20,91,500,50.677881479263306,False,64853.0,59864.0,0.060000000000000005
750,wuf20-0774.mwcnf,20,91,500,51.269829511642456,False,69386.0,60543.0,0.060000000000000005
751,wuf20-0775.mwcnf,20,91,80,8.235044002532959,True,59864.0,59864.0,0.3000000000000001
752,wuf20-0776.mwcnf,20,91,9,0.8903772830963135,True,46599.0,46599.0,0.05
753,wuf20-0777.mwcnf,20,91,247,26.040915727615356,True,78572.0,78572.0,0.3000000000000001
754,wuf20-0778.mwcnf,20,91,24,2.4944987297058105,True,82313.0,82313.0,0.10999999999999999
755,wuf20-0779.mwcnf,20,91,13,1.206667423248291,True,72959.0,72959.0,0.08
756,wuf20-078.mwcnf,20,91,16,1.5919978618621826,True,78574.0,78574.0,0.05
757,wuf20-0780.mwcnf,20,91,10,1.0192468166351318,True,59865.0,59865.0,0.08
758,wuf20-0781.mwcnf,20,91,9,0.9087989330291748,True,63606.0,63606.0,0.07
759,wuf20-0782.mwcnf,20,91,11,1.071448564529419,True,67347.0,67347.0,0.09999999999999999
760,wuf20-0783.mwcnf,20,91,78,8.220852136611938,True,93538.0,93538.0,0.3000000000000001
761,wuf20-0784.mwcnf,20,91,10,1.054971694946289,True,75660.0,75660.0,0.05
762,wuf20-0785.mwcnf,20,91,8,0.784210205078125,True,58461.0,58461.0,0.03
763,wuf20-0786.mwcnf,20,91,80,8.185455083847046,True,75661.0,75661.0,0.19000000000000003
764,wuf20-0787.mwcnf,20,91,10,0.9697871208190918,True,44149.0,44149.0,0.05
765,wuf20-0788.mwcnf,20,91,10,0.9243619441986084,True,80815.0,80815.0,0.05
766,wuf20-0789.mwcnf,20,91,10,1.0032203197479248,True,99774.0,99774.0,0.07
767,wuf20-079.mwcnf,20,91,9,0.9353845119476318,True,66742.0,66742.0,0.03
768,wuf20-0790.mwcnf,20,91,9,0.9259576797485352,True,80443.0,80443.0,0.05
769,wuf20-0791.mwcnf,20,91,500,52.55842852592468,False,67347.0,0.0,0.3000000000000001
770,wuf20-0792.mwcnf,20,91,5,0.5232625007629395,True,54546.0,54546.0,0.03
771,wuf20-0793.mwcnf,20,91,12,1.2349019050598145,True,70554.0,70554.0,0.08
772,wuf20-0794.mwcnf,20,91,7,0.7491188049316406,True,86055.0,86055.0,0.060000000000000005
773,wuf20-0795.mwcnf,20,91,500,50.41267800331116,False,75296.0,48642.0,0.09999999999999999
774,wuf20-0796.mwcnf,20,91,7,0.7090272903442383,True,67347.0,67347.0,0.060000000000000005
775,wuf20-0797.mwcnf,20,91,21,1.9860594272613525,True,67883.0,67883.0,0.09999999999999999
776,wuf20-0798.mwcnf,20,91,9,0.8837192058563232,True,101021.0,101021.0,0.08
777,wuf20-0799.mwcnf,20,91,21,2.1861891746520996,True,59867.0,59867.0,0.18000000000000002
778,wuf20-08.mwcnf,20,91,23,2.3824462890625,True,30223.0,30223.0,0.08
779,wuf20-080.mwcnf,20,91,7,0.7133193016052246,True,81652.0,81652.0,0.04
780,wuf20-0800.mwcnf,20,91,15,1.5917854309082031,True,93539.0,93539.0,0.11999999999999998
781,wuf20-0801.mwcnf,20,91,92,9.66773247718811,True,78574.0,78574.0,0.3000000000000001
782,wuf20-0802.mwcnf,20,91,289,29.467390298843384,True,84184.0,84184.0,0.11999999999999998
783,wuf20-0803.mwcnf,20,91,4,0.4416053295135498,True,82312.0,82312.0,0.04
784,wuf20-0804.mwcnf,20,91,15,1.5781023502349854,True,69134.0,69134.0,0.04
785,wuf20-0805.mwcnf,20,91,35,3.602996587753296,True,92292.0,92292.0,0.08
786,wuf20-0806.mwcnf,20,91,68,7.016356945037842,True,86055.0,86055.0,0.3000000000000001
787,wuf20-0807.mwcnf,20,91,500,51.0318169593811,False,90728.0,58929.0,0.19000000000000003
788,wuf20-0808.mwcnf,20,91,15,1.5148868560791016,True,59864.0,59864.0,0.13999999999999999
789,wuf20-0809.mwcnf,20,91,500,51.10982632637024,False,56287.0,49129.0,0.060000000000000005
790,wuf20-081.mwcnf,20,91,7,0.6739046573638916,True,71089.0,71089.0,0.05
791,wuf20-0810.mwcnf,20,91,7,0.7018358707427979,True,54374.0,54374.0,0.04
792,wuf20-0811.mwcnf,20,91,500,51.438409090042114,False,59867.0,39413.0,0.060000000000000005
793,wuf20-0812.mwcnf,20,91,12,1.3358945846557617,True,89796.0,89796.0,0.10999999999999999
794,wuf20-0813.mwcnf,20,91,500,51.490878105163574,False,57369.0,57177.0,0.05
795,wuf20-0814.mwcnf,20,91,9,0.9914076328277588,True,65585.0,65585.0,0.05
796,wuf20-0815.mwcnf,20,91,194,20.588663339614868,True,74830.0,74830.0,0.3000000000000001
797,wuf20-0816.mwcnf,20,91,38,3.815091609954834,True,64140.0,64140.0,0.3000000000000001
798,wuf20-0817.mwcnf,20,91,500,51.63081502914429,False,54045.0,53212.0,0.05
799,wuf20-0818.mwcnf,20,91,70,7.22753643989563,True,59865.0,59865.0,0.3000000000000001
800,wuf20-0819.mwcnf,20,91,7,0.6692705154418945,True,72335.0,72335.0,0.04
801,wuf20-082.mwcnf,20,91,7,0.7123467922210693,True,59866.0,59866.0,0.04
802,wuf20-0820.mwcnf,20,91,9,0.9720840454101562,True,76124.0,76124.0,0.04
803,wuf20-0821.mwcnf,20,91,7,0.6762306690216064,True,40999.0,40999.0,0.04
804,wuf20-0822.mwcnf,20,91,28,2.806745767593384,True,36816.0,36816.0,0.07
805,wuf20-0823.mwcnf,20,91,105,11.183223485946655,True,54950.0,54950.0,0.3000000000000001
806,wuf20-0824.mwcnf,20,91,7,0.730816125869751,True,48998.0,48998.0,0.060000000000000005
807,wuf20-0825.mwcnf,20,91,8,0.8043417930603027,True,43960.0,43960.0,0.07
808,wuf20-0826.mwcnf,20,91,8,0.8707623481750488,True,60445.0,60445.0,0.060000000000000005
809,wuf20-0827.mwcnf,20,91,39,4.051501274108887,True,54950.0,54950.0,0.3000000000000001
810,wuf20-0828.mwcnf,20,91,500,51.19558238983154,False,60837.0,28261.0,0.060000000000000005
811,wuf20-0829.mwcnf,20,91,8,0.8967607021331787,True,49456.0,49456.0,0.04
812,wuf20-083.mwcnf,20,91,7,0.729011058807373,True,45790.0,45790.0,0.060000000000000005
813,wuf20-0830.mwcnf,20,91,10,0.962303638458252,True,46708.0,46708.0,0.08
814,wuf20-0831.mwcnf,20,91,65,6.645126104354858,True,57700.0,57700.0,0.3000000000000001
815,wuf20-0832.mwcnf,20,91,12,1.1969404220581055,True,38922.0,38922.0,0.07
816,wuf20-0833.mwcnf,20,91,39,4.1061882972717285,True,41762.0,41762.0,0.3000000000000001
817,wuf20-0834.mwcnf,20,91,7,0.7080948352813721,True,35717.0,35717.0,0.060000000000000005
818,wuf20-0835.mwcnf,20,91,8,0.8687467575073242,True,52871.0,52871.0,0.03
819,wuf20-0836.mwcnf,20,91,9,0.8829798698425293,True,54950.0,54950.0,0.08
820,wuf20-0837.mwcnf,20,91,15,1.553687334060669,True,65940.0,65940.0,0.13999999999999999
821,wuf20-0838.mwcnf,20,91,500,50.69714546203613,False,43786.0,43271.0,0.060000000000000005
822,wuf20-0839.mwcnf,20,91,13,1.4678690433502197,True,50830.0,50830.0,0.11999999999999998
823,wuf20-084.mwcnf,20,91,38,3.853816032409668,True,63194.0,63194.0,0.2900000000000001
824,wuf20-0840.mwcnf,20,91,47,4.773625612258911,True,60445.0,60445.0,0.3000000000000001
825,wuf20-0841.mwcnf,20,91,8,0.7339823246002197,True,78761.0,78761.0,0.07
826,wuf20-0842.mwcnf,20,91,39,4.036037921905518,True,54950.0,54950.0,0.3000000000000001
827,wuf20-0843.mwcnf,20,91,9,0.8868894577026367,True,46273.0,46273.0,0.03
828,wuf20-0844.mwcnf,20,91,7,0.7056708335876465,True,54337.0,54337.0,0.060000000000000005
829,wuf20-0845.mwcnf,20,91,500,50.944727182388306,False,41213.0,30223.0,0.3000000000000001
830,wuf20-0846.mwcnf,20,91,16,1.503507375717163,True,70106.0,70106.0,0.04
831,wuf20-0847.mwcnf,20,91,34,3.5776264667510986,True,45792.0,45792.0,0.18000000000000002
832,wuf20-0848.mwcnf,20,91,36,3.603917121887207,True,46708.0,46708.0,0.3000000000000001
833,wuf20-0849.mwcnf,20,91,5,0.4615755081176758,True,49455.0,49455.0,0.04
834,wuf20-085.mwcnf,20,91,9,0.988821268081665,True,74183.0,74183.0,0.07
835,wuf20-0850.mwcnf,20,91,26,2.8107528686523438,True,46707.0,46707.0,0.08
836,wuf20-0851.mwcnf,20,91,41,4.1822545528411865,True,38465.0,38465.0,0.3000000000000001
837,wuf20-0852.mwcnf,20,91,4,0.4017167091369629,True,37916.0,37916.0,0.02
838,wuf20-0853.mwcnf,20,91,191,20.016778469085693,True,68688.0,68688.0,0.3000000000000001
839,wuf20-0854.mwcnf,20,91,16,1.6511270999908447,True,40296.0,40296.0,0.12999999999999998
840,wuf20-0855.mwcnf,20,91,7,0.7600612640380859,True,57698.0,57698.0,0.060000000000000005
841,wuf20-0856.mwcnf,20,91,500,51.26094031333923,False,37366.0,36816.0,0.060000000000000005
842,wuf20-0857.mwcnf,20,91,10,1.028123378753662,True,35720.0,35720.0,0.08
843,wuf20-0858.mwcnf,20,91,37,3.7344887256622314,True,65940.0,65940.0,0.3000000000000001
844,wuf20-0859.mwcnf,20,91,18,1.7719049453735352,True,58612.0,58612.0,0.09999999999999999
845,wuf20-086.mwcnf,20,91,6,0.6091821193695068,True,36634.0,36634.0,0.05
846,wuf20-0860.mwcnf,20,91,11,1.183178186416626,True,37400.0,37400.0,0.03
847,wuf20-0861.mwcnf,20,91,500,50.9949996471405,False,35168.0,27846.0,0.07
848,wuf20-0862.mwcnf,20,91,500,50.585572481155396,False,47099.0,39641.0,0.060000000000000005
849,wuf20-0863.mwcnf,20,91,9,0.9097697734832764,True,37091.0,37091.0,0.05
850,wuf20-0864.mwcnf,20,91,6,0.6667146682739258,True,60444.0,60444.0,0.060000000000000005
851,wuf20-0865.mwcnf,20,91,72,7.489719390869141,True,41213.0,41213.0,0.3000000000000001
852,wuf20-0866.mwcnf,20,91,13,1.3074851036071777,True,50188.0,50188.0,0.09
853,wuf20-0867.mwcnf,20,91,113,11.964897394180298,True,54950.0,54950.0,0.3000000000000001
854,wuf20-0868.mwcnf,20,91,7,0.7468621730804443,True,49213.0,49213.0,0.03
855,wuf20-0869.mwcnf,20,91,67,7.239894151687622,True,35719.0,35719.0,0.3000000000000001
856,wuf20-087.mwcnf,20,91,10,1.0321218967437744,True,59073.0,59073.0,0.08
857,wuf20-0870.mwcnf,20,91,7,0.7017621994018555,True,70823.0,70823.0,0.05
858,wuf20-0871.mwcnf,20,91,13,1.3557403087615967,True,63192.0,63192.0,0.11999999999999998
859,wuf20-0872.mwcnf,20,91,13,1.3487205505371094,True,40936.0,40936.0,0.060000000000000005
860,wuf20-0873.mwcnf,20,91,9,0.8531932830810547,True,87920.0,87920.0,0.08
861,wuf20-0874.mwcnf,20,91,21,2.094257354736328,True,72319.0,72319.0,0.060000000000000005
862,wuf20-0875.mwcnf,20,91,12,1.235830545425415,True,47257.0,47257.0,0.07
863,wuf20-0876.mwcnf,20,91,10,1.0253326892852783,True,51103.0,51103.0,0.05
864,wuf20-0877.mwcnf,20,91,16,1.749983549118042,True,57698.0,57698.0,0.15
865,wuf20-0878.mwcnf,20,91,11,1.165034294128418,True,37052.0,37052.0,0.05
866,wuf20-0879.mwcnf,20,91,6,0.6152770519256592,True,54950.0,54950.0,0.05
867,wuf20-088.mwcnf,20,91,500,51.26905918121338,False,41847.0,33816.0,0.2700000000000001
868,wuf20-0880.mwcnf,20,91,15,1.5322771072387695,True,53302.0,53302.0,0.07
869,wuf20-0881.mwcnf,20,91,19,1.963979959487915,True,87920.0,87920.0,0.18000000000000002
870,wuf20-0882.mwcnf,20,91,8,0.8428514003753662,True,47624.0,47624.0,0.060000000000000005
871,wuf20-0883.mwcnf,20,91,133,14.224666118621826,True,54950.0,54950.0,0.3000000000000001
872,wuf20-0884.mwcnf,20,91,26,2.62398362159729,True,49455.0,49455.0,0.25000000000000006
873,wuf20-0885.mwcnf,20,91,11,1.0990409851074219,True,57305.0,57305.0,0.060000000000000005
874,wuf20-0886.mwcnf,20,91,8,0.8251464366912842,True,60445.0,60445.0,0.060000000000000005
875,wuf20-0887.mwcnf,20,91,166,17.565999031066895,True,49455.0,49455.0,0.3000000000000001
876,wuf20-0888.mwcnf,20,91,37,3.7268521785736084,True,50371.0,50371.0,0.3000000000000001
877,wuf20-0889.mwcnf,20,91,23,2.3152763843536377,True,58613.0,58613.0,0.05
878,wuf20-089.mwcnf,20,91,10,0.9853432178497314,True,37288.0,37288.0,0.060000000000000005
879,wuf20-0890.mwcnf,20,91,42,4.30359411239624,True,37094.0,37094.0,0.3000000000000001
880,wuf20-0891.mwcnf,20,91,500,50.8897819519043,False,49456.0,43960.0,0.13999999999999999
881,wuf20-0892.mwcnf,20,91,8,0.8703837394714355,True,44877.0,44877.0,0.060000000000000005
882,wuf20-0893.mwcnf,20,91,75,7.605319976806641,True,38465.0,38465.0,0.3000000000000001
883,wuf20-0894.mwcnf,20,91,9,0.9183528423309326,True,60445.0,60445.0,0.04
884,wuf20-0895.mwcnf,20,91,14,1.4045844078063965,True,33755.0,33755.0,0.07
885,wuf20-0896.mwcnf,20,91,11,1.0817146301269531,True,27475.0,27475.0,0.09999999999999999
886,wuf20-0897.mwcnf,20,91,17,1.7761054039001465,True,61820.0,61820.0,0.060000000000000005
887,wuf20-0898.mwcnf,20,91,14,1.4699921607971191,True,39074.0,39074.0,0.060000000000000005
888,wuf20-0899.mwcnf,20,91,8,0.840355396270752,True,67039.0,67039.0,0.060000000000000005
889,wuf20-09.mwcnf,20,91,371,39.05179166793823,True,92466.0,92466.0,0.3000000000000001
890,wuf20-090.mwcnf,20,91,9,0.9658079147338867,True,40035.0,40035.0,0.08
891,wuf20-0900.mwcnf,20,91,24,2.402240514755249,True,56628.0,56628.0,0.07
892,wuf20-0901.mwcnf,20,91,31,3.1118717193603516,True,74183.0,74183.0,0.10999999999999999
893,wuf20-0902.mwcnf,20,91,37,3.775540828704834,True,47013.0,47013.0,0.3000000000000001
894,wuf20-0903.mwcnf,20,91,12,1.1404058933258057,True,54951.0,54951.0,0.07
895,wuf20-0904.mwcnf,20,91,10,0.9515032768249512,True,59346.0,59346.0,0.060000000000000005
896,wuf20-0905.mwcnf,20,91,9,0.9830279350280762,True,46867.0,46867.0,0.05
897,wuf20-0906.mwcnf,20,91,9,0.9901208877563477,True,34347.0,34347.0,0.07
898,wuf20-0907.mwcnf,20,91,9,0.9295599460601807,True,41900.0,41900.0,0.05
899,wuf20-0908.mwcnf,20,91,39,3.940009117126465,True,30223.0,30223.0,0.3000000000000001
900,wuf20-0909.mwcnf,20,91,70,7.41070032119751,True,52752.0,52752.0,0.3000000000000001
901,wuf20-091.mwcnf,20,91,316,32.97781777381897,True,38465.0,38465.0,0.3000000000000001
902,wuf20-0910.mwcnf,20,91,10,1.0517418384552002,True,49873.0,49873.0,0.08
903,wuf20-0911.mwcnf,20,91,8,0.8362288475036621,True,52276.0,52276.0,0.04
904,wuf20-0912.mwcnf,20,91,6,0.6111865043640137,True,54950.0,54950.0,0.05
905,wuf20-0913.mwcnf,20,91,12,1.2517647743225098,True,57856.0,57856.0,0.05
906,wuf20-0914.mwcnf,20,91,10,1.0361742973327637,True,63193.0,63193.0,0.09999999999999999
907,wuf20-0915.mwcnf,20,91,14,1.3801770210266113,True,50675.0,50675.0,0.08
908,wuf20-0916.mwcnf,20,91,7,0.7366409301757812,True,68688.0,68688.0,0.04
909,wuf20-0917.mwcnf,20,91,39,4.114878177642822,True,42311.0,42311.0,0.3000000000000001
910,wuf20-0918.mwcnf,20,91,9,0.8967654705047607,True,45792.0,45792.0,0.08
911,wuf20-0919.mwcnf,20,91,10,1.0711960792541504,True,46710.0,46710.0,0.09
912,wuf20-092.mwcnf,20,91,37,3.9118518829345703,True,65941.0,65941.0,0.3000000000000001
913,wuf20-0920.mwcnf,20,91,10,0.9720950126647949,True,67039.0,67039.0,0.08
914,wuf20-0921.mwcnf,20,91,500,50.57321834564209,False,57305.0,51810.0,0.060000000000000005
915,wuf20-0922.mwcnf,20,91,10,1.0951447486877441,True,71436.0,71436.0,0.05
916,wuf20-0923.mwcnf,20,91,61,6.184785842895508,True,61099.0,61099.0,0.04
917,wuf20-0924.mwcnf,20,91,166,17.56710386276245,True,71435.0,71435.0,0.3000000000000001
918,wuf20-0925.mwcnf,20,91,500,50.51308846473694,False,43959.0,40002.0,0.060000000000000005
919,wuf20-0926.mwcnf,20,91,500,50.81217885017395,False,49456.0,49455.0,0.09
920,wuf20-0927.mwcnf,20,91,19,1.8929526805877686,True,57698.0,57698.0,0.05
921,wuf20-0928.mwcnf,20,91,36,3.7384979724884033,True,46708.0,46708.0,0.3000000000000001
922,wuf20-0929.mwcnf,20,91,14,1.4280123710632324,True,49456.0,49456.0,0.08
923,wuf20-093.mwcnf,20,91,500,51.048545598983765,False,34803.0,32969.0,0.3000000000000001
924,wuf20-0930.mwcnf,20,91,34,3.640444755554199,True,46708.0,46708.0,0.3000000000000001
925,wuf20-0931.mwcnf,20,91,10,1.0385236740112305,True,67315.0,67315.0,0.05
926,wuf20-0932.mwcnf,20,91,6,0.5473580360412598,True,46157.0,46157.0,0.03
927,wuf20-0933.mwcnf,20,91,15,1.5290758609771729,True,45335.0,45335.0,0.05
928,wuf20-0934.mwcnf,20,91,8,0.6887407302856445,True,61665.0,61665.0,0.07
929,wuf20-0935.mwcnf,20,91,9,0.9843785762786865,True,76377.0,76377.0,0.07
930,wuf20-0936.mwcnf,20,91,7,0.6461942195892334,True,60445.0,60445.0,0.060000000000000005
931,wuf20-0937.mwcnf,20,91,10,0.9036996364593506,True,49455.0,49455.0,0.09
932,wuf20-0938.mwcnf,20,91,68,7.287435054779053,True,76930.0,76930.0,0.3000000000000001
933,wuf20-0939.mwcnf,20,91,500,51.39437484741211,False,54035.0,50371.0,0.05
934,wuf20-094.mwcnf,20,91,18,1.704197645187378,True,57698.0,57698.0,0.17
935,wuf20-0940.mwcnf,20,91,64,6.46036696434021,True,55949.0,55949.0,0.04
936,wuf20-0941.mwcnf,20,91,7,0.6735072135925293,True,43313.0,43313.0,0.05
937,wuf20-0942.mwcnf,20,91,23,2.429757833480835,True,53298.0,53298.0,0.07
938,wuf20-0943.mwcnf,20,91,42,4.432432413101196,True,43960.0,43960.0,0.3000000000000001
939,wuf20-0944.mwcnf,20,91,74,7.871325731277466,True,38466.0,38466.0,0.3000000000000001
940,wuf20-0945.mwcnf,20,91,101,10.422659397125244,True,46708.0,46708.0,0.3000000000000001
941,wuf20-0946.mwcnf,20,91,12,1.2363498210906982,True,61621.0,61621.0,0.07
942,wuf20-0947.mwcnf,20,91,500,51.399498462677,False,38464.0,38072.0,0.060000000000000005
943,wuf20-0948.mwcnf,20,91,9,0.9614129066467285,True,68688.0,68688.0,0.08
944,wuf20-0949.mwcnf,20,91,5,0.47582507133483887,True,41605.0,41605.0,0.04
945,wuf20-095.mwcnf,20,91,118,12.107027530670166,True,117684.0,117684.0,0.3000000000000001
946,wuf20-0950.mwcnf,20,91,9,0.9558815956115723,True,60445.0,60445.0,0.09
947,wuf20-0951.mwcnf,20,91,500,50.61141037940979,False,41809.0,36792.0,0.060000000000000005
948,wuf20-0952.mwcnf,20,91,9,0.8949012756347656,True,45059.0,45059.0,0.060000000000000005
949,wuf20-0953.mwcnf,20,91,41,4.274197578430176,True,49167.0,49167.0,0.05
950,wuf20-0954.mwcnf,20,91,41,4.1201934814453125,True,60445.0,60445.0,0.3000000000000001
951,wuf20-0955.mwcnf,20,91,12,1.2458608150482178,True,46157.0,46157.0,0.05
952,wuf20-0956.mwcnf,20,91,246,25.85847306251526,True,56782.0,56782.0,0.3000000000000001
953,wuf20-0957.mwcnf,20,91,10,0.9556534290313721,True,77055.0,77055.0,0.08
954,wuf20-0958.mwcnf,20,91,68,7.08219838142395,True,58843.0,58843.0,0.3000000000000001
955,wuf20-0959.mwcnf,20,91,69,7.171687602996826,True,73549.0,73549.0,0.3000000000000001
956,wuf20-096.mwcnf,20,91,135,13.97489857673645,True,67248.0,67248.0,0.3000000000000001
957,wuf20-0960.mwcnf,20,91,7,0.708728551864624,True,84060.0,84060.0,0.07
958,wuf20-0961.mwcnf,20,91,9,0.9908688068389893,True,65566.0,65566.0,0.04
959,wuf20-0962.mwcnf,20,91,41,4.334672212600708,True,67248.0,67248.0,0.3000000000000001
960,wuf20-0963.mwcnf,20,91,18,1.7064144611358643,True,75655.0,75655.0,0.05
961,wuf20-0964.mwcnf,20,91,14,1.3891057968139648,True,57103.0,57103.0,0.02
962,wuf20-0965.mwcnf,20,91,11,1.0411105155944824,True,74339.0,74339.0,0.03
963,wuf20-0966.mwcnf,20,91,17,1.7372684478759766,True,74603.0,74603.0,0.060000000000000005
964,wuf20-0967.mwcnf,20,91,7,0.7078578472137451,True,112080.0,112080.0,0.060000000000000005
965,wuf20-0968.mwcnf,20,91,38,4.342859745025635,True,60942.0,60942.0,0.3000000000000001
966,wuf20-0969.mwcnf,20,91,14,1.4865102767944336,True,75655.0,75655.0,0.12999999999999998
967,wuf20-097.mwcnf,20,91,78,8.180517673492432,True,60944.0,60944.0,0.3000000000000001
968,wuf20-0970.mwcnf,20,91,8,0.8024358749389648,True,73552.0,73552.0,0.05
969,wuf20-0971.mwcnf,20,91,10,0.9427578449249268,True,109278.0,109278.0,0.09
970,wuf20-0972.mwcnf,20,91,164,16.991856336593628,True,67248.0,67248.0,0.3000000000000001
971,wuf20-0973.mwcnf,20,91,14,1.4670374393463135,True,88263.0,88263.0,0.10999999999999999
972,wuf20-0974.mwcnf,20,91,7,0.7395105361938477,True,67248.0,67248.0,0.05
973,wuf20-0975.mwcnf,20,91,10,0.966989278793335,True,92933.0,92933.0,0.060000000000000005
974,wuf20-0976.mwcnf,20,91,14,1.4363088607788086,True,63045.0,63045.0,0.10999999999999999
975,wuf20-0977.mwcnf,20,91,304,31.592410564422607,True,79857.0,79857.0,0.3000000000000001
976,wuf20-0978.mwcnf,20,91,11,1.171980619430542,True,92466.0,92466.0,0.09999999999999999
977,wuf20-0979.mwcnf,20,91,37,3.8605704307556152,True,100872.0,100872.0,0.3000000000000001
978,wuf20-098.mwcnf,20,91,6,0.6621658802032471,True,80699.0,80699.0,0.03
979,wuf20-0980.mwcnf,20,91,39,4.078391790390015,True,58842.0,58842.0,0.3000000000000001
980,wuf20-0981.mwcnf,20,91,34,3.55397891998291,True,82380.0,82380.0,0.25000000000000006
981,wuf20-0982.mwcnf,20,91,500,50.54541254043579,False,71451.0,63045.0,0.09
982,wuf20-0983.mwcnf,20,91,15,1.4921979904174805,True,54640.0,54640.0,0.13999999999999999
983,wuf20-0984.mwcnf,20,91,12,1.2987959384918213,True,75654.0,75654.0,0.11999999999999998
984,wuf20-0985.mwcnf,20,91,16,1.5619702339172363,True,88263.0,88263.0,0.15
985,wuf20-0986.mwcnf,20,91,500,51.2343909740448,False,56040.0,46233.0,0.060000000000000005
986,wuf20-0987.mwcnf,20,91,500,51.300044536590576,False,71449.0,61843.0,0.10999999999999999
987,wuf20-0988.mwcnf,20,91,7,0.6859710216522217,True,104853.0,104853.0,0.03
988,wuf20-0989.mwcnf,20,91,14,1.469095230102539,True,67250.0,67250.0,0.03
989,wuf20-099.mwcnf,20,91,87,8.272985219955444,True,59889.0,59889.0,0.3000000000000001
990,wuf20-0990.mwcnf,20,91,72,6.86369252204895,True,107877.0,107877.0,0.3000000000000001
991,wuf20-0991.mwcnf,20,91,7,0.7086362838745117,True,59985.0,59985.0,0.02
992,wuf20-0992.mwcnf,20,91,6,0.576392650604248,True,58842.0,58842.0,0.05
993,wuf20-0993.mwcnf,20,91,13,1.2492702007293701,True,88263.0,88263.0,0.08
994,wuf20-0994.mwcnf,20,91,12,1.1674680709838867,True,73850.0,73850.0,0.08
995,wuf20-0995.mwcnf,20,91,9,0.8908426761627197,True,92466.0,92466.0,0.04
996,wuf20-0996.mwcnf,20,91,109,10.42499327659607,True,65568.0,65568.0,0.3000000000000001
997,wuf20-0997.mwcnf,20,91,500,47.12363409996033,False,62668.0,62663.0,0.3000000000000001
998,wuf20-0998.mwcnf,20,91,89,8.55802059173584,True,98469.0,98469.0,0.3000000000000001
999,wuf20-0999.mwcnf,20,91,11,1.0298759937286377,True,81500.0,81500.0,0.03
