,Task,numVariables,numClauses,endGeneration,Duration,isSolutionFound,optWeight,bestWeight,maxMutation
0,wuf20-01.mwcnf,20,71,11,1.6592893600463867,True,10690.0,10690.0,0.02
1,wuf20-010.mwcnf,20,71,8,1.0733747482299805,True,9133.0,9133.0,0.02
2,wuf20-0100.mwcnf,20,71,8,1.0527777671813965,True,9604.0,9604.0,0.02
3,wuf20-01000.mwcnf,20,71,38,4.610895872116089,True,9345.0,9345.0,0.05
4,wuf20-0101.mwcnf,20,71,190,20.760379791259766,True,10308.0,10308.0,0.07
5,wuf20-0102.mwcnf,20,71,500,60.54183030128479,False,10578.0,9833.0,0.060000000000000005
6,wuf20-0103.mwcnf,20,71,12,1.4739441871643066,True,9338.0,9338.0,0.02
7,wuf20-0104.mwcnf,20,71,500,64.58931612968445,False,9574.0,9044.0,0.060000000000000005
8,wuf20-0105.mwcnf,20,71,500,59.7983033657074,False,11436.0,9060.0,0.07
9,wuf20-0106.mwcnf,20,71,8,1.0005924701690674,True,10266.0,10266.0,0.02
10,wuf20-0107.mwcnf,20,71,14,1.6009514331817627,True,9801.0,9801.0,0.02
11,wuf20-0108.mwcnf,20,71,9,1.1276757717132568,True,8219.0,8219.0,0.02
12,wuf20-0109.mwcnf,20,71,500,57.52827453613281,False,11541.0,9299.0,0.060000000000000005
13,wuf20-011.mwcnf,20,71,7,0.8930785655975342,True,8635.0,8635.0,0.02
14,wuf20-0110.mwcnf,20,71,8,0.7607769966125488,True,10333.0,10333.0,0.02
15,wuf20-0111.mwcnf,20,71,10,1.132011890411377,True,8869.0,8869.0,0.02
16,wuf20-0112.mwcnf,20,71,8,0.7071154117584229,True,9846.0,9846.0,0.02
17,wuf20-0113.mwcnf,20,71,13,1.2749254703521729,True,9691.0,9691.0,0.02
18,wuf20-0114.mwcnf,20,71,500,61.36838412284851,False,9151.0,8838.0,0.09999999999999999
19,wuf20-0115.mwcnf,20,71,9,0.8206741809844971,True,9671.0,9671.0,0.02
20,wuf20-0116.mwcnf,20,71,500,59.71595644950867,False,10432.0,8200.0,0.060000000000000005
21,wuf20-0117.mwcnf,20,71,9,1.1513495445251465,True,9302.0,9302.0,0.02
22,wuf20-0118.mwcnf,20,71,9,1.0375497341156006,True,9126.0,9126.0,0.02
23,wuf20-0119.mwcnf,20,71,8,0.8465473651885986,True,9462.0,9462.0,0.02
24,wuf20-012.mwcnf,20,71,500,62.22421336174011,False,10278.0,9642.0,0.060000000000000005
25,wuf20-0120.mwcnf,20,71,500,63.673046588897705,False,9807.0,8776.0,0.060000000000000005
26,wuf20-0121.mwcnf,20,71,500,57.37341260910034,False,8989.0,8642.0,0.07
27,wuf20-0122.mwcnf,20,71,464,56.39657688140869,True,9997.0,9997.0,0.07
28,wuf20-0123.mwcnf,20,71,13,1.9636573791503906,True,9350.0,9350.0,0.04
29,wuf20-0124.mwcnf,20,71,11,1.203150987625122,True,8942.0,8942.0,0.02
30,wuf20-0125.mwcnf,20,71,10,1.2769255638122559,True,9502.0,9502.0,0.02
31,wuf20-0126.mwcnf,20,71,14,1.5541861057281494,True,9541.0,9541.0,0.02
32,wuf20-0127.mwcnf,20,71,15,1.9090042114257812,True,10189.0,10189.0,0.05
33,wuf20-0128.mwcnf,20,71,11,1.2641634941101074,True,8628.0,8628.0,0.03
34,wuf20-0129.mwcnf,20,71,14,1.6917023658752441,True,11584.0,11584.0,0.03
35,wuf20-013.mwcnf,20,71,500,61.49203824996948,False,12828.0,10609.0,0.07
36,wuf20-0130.mwcnf,20,71,500,57.98240041732788,False,9386.0,9269.0,0.060000000000000005
37,wuf20-0131.mwcnf,20,71,9,0.9855186939239502,True,9123.0,9123.0,0.02
38,wuf20-0132.mwcnf,20,71,500,59.45552396774292,False,10176.0,9719.0,0.08
39,wuf20-0133.mwcnf,20,71,8,1.225480556488037,True,7748.0,7748.0,0.02
40,wuf20-0134.mwcnf,20,71,500,57.782588481903076,False,9787.0,9474.0,0.08
41,wuf20-0135.mwcnf,20,71,25,2.6651604175567627,True,9668.0,9668.0,0.04
42,wuf20-0136.mwcnf,20,71,11,1.22119140625,True,10058.0,10058.0,0.02
43,wuf20-0137.mwcnf,20,71,500,58.60988163948059,False,11231.0,11076.0,0.07
44,wuf20-0138.mwcnf,20,71,8,0.9231221675872803,True,8672.0,8672.0,0.02
45,wuf20-0139.mwcnf,20,71,500,57.28214621543884,False,10896.0,10618.0,0.09
46,wuf20-014.mwcnf,20,71,500,58.28978395462036,False,10748.0,9911.0,0.060000000000000005
47,wuf20-0140.mwcnf,20,71,11,1.5154986381530762,True,9252.0,9252.0,0.02
48,wuf20-0141.mwcnf,20,71,35,3.982555389404297,True,10415.0,10415.0,0.07
49,wuf20-0142.mwcnf,20,71,9,1.0842161178588867,True,8911.0,8911.0,0.02
50,wuf20-0143.mwcnf,20,71,9,1.2685837745666504,True,11535.0,11535.0,0.03
51,wuf20-0144.mwcnf,20,71,500,56.23884105682373,False,10898.0,9264.0,0.060000000000000005
52,wuf20-0145.mwcnf,20,71,50,5.569195747375488,True,10186.0,10186.0,0.05
53,wuf20-0146.mwcnf,20,71,17,2.3569605350494385,True,10057.0,10057.0,0.03
54,wuf20-0147.mwcnf,20,71,500,56.90104079246521,False,10179.0,9687.0,0.060000000000000005
55,wuf20-0148.mwcnf,20,71,500,56.66981029510498,False,8012.0,7785.0,0.07
56,wuf20-0149.mwcnf,20,71,19,2.621058702468872,True,10420.0,10420.0,0.05
57,wuf20-015.mwcnf,20,71,11,1.8334872722625732,True,10652.0,10652.0,0.02
58,wuf20-0150.mwcnf,20,71,153,19.89715313911438,True,12087.0,12087.0,0.07
59,wuf20-0151.mwcnf,20,71,10,1.5667781829833984,True,10346.0,10346.0,0.02
60,wuf20-0152.mwcnf,20,71,49,5.950790882110596,True,10541.0,10541.0,0.08
61,wuf20-0153.mwcnf,20,71,500,57.616395235061646,False,10797.0,9680.0,0.07
62,wuf20-0154.mwcnf,20,71,500,62.0090057849884,False,8967.0,8455.0,0.08
63,wuf20-0155.mwcnf,20,71,11,1.9249794483184814,True,8858.0,8858.0,0.02
64,wuf20-0156.mwcnf,20,71,500,55.06343364715576,False,10150.0,9089.0,0.060000000000000005
65,wuf20-0157.mwcnf,20,71,500,60.9197313785553,False,10764.0,9321.0,0.07
66,wuf20-0158.mwcnf,20,71,26,2.8892886638641357,True,11292.0,11292.0,0.05
67,wuf20-0159.mwcnf,20,71,11,1.1625003814697266,True,9880.0,9880.0,0.02
68,wuf20-016.mwcnf,20,71,9,1.221208095550537,True,10075.0,10075.0,0.02
69,wuf20-0160.mwcnf,20,71,8,1.1896429061889648,True,10500.0,10500.0,0.02
70,wuf20-0161.mwcnf,20,71,500,54.12259531021118,False,11237.0,10226.0,0.060000000000000005
71,wuf20-0162.mwcnf,20,71,500,58.74342393875122,False,10503.0,8870.0,0.08
72,wuf20-0163.mwcnf,20,71,30,3.4807074069976807,True,11244.0,11244.0,0.04
73,wuf20-0164.mwcnf,20,71,10,1.2557756900787354,True,10505.0,10505.0,0.03
74,wuf20-0165.mwcnf,20,71,500,56.2375922203064,False,8952.0,8463.0,0.08
75,wuf20-0166.mwcnf,20,71,13,1.348860502243042,True,9932.0,9932.0,0.02
76,wuf20-0167.mwcnf,20,71,500,57.04861807823181,False,9940.0,9849.0,0.07
77,wuf20-0168.mwcnf,20,71,500,56.90577268600464,False,8964.0,8066.0,0.060000000000000005
78,wuf20-0169.mwcnf,20,71,500,60.14878869056702,False,10499.0,10392.0,0.060000000000000005
79,wuf20-017.mwcnf,20,71,8,0.7626864910125732,True,9420.0,9420.0,0.02
80,wuf20-0170.mwcnf,20,71,8,0.7562539577484131,True,9440.0,9440.0,0.02
81,wuf20-0171.mwcnf,20,71,35,4.13663911819458,True,11153.0,11153.0,0.07
82,wuf20-0172.mwcnf,20,71,9,1.0533642768859863,True,9424.0,9424.0,0.02
83,wuf20-0173.mwcnf,20,71,500,56.361732959747314,False,9160.0,8577.0,0.07
84,wuf20-0174.mwcnf,20,71,44,4.800395250320435,True,8851.0,8851.0,0.05
85,wuf20-0175.mwcnf,20,71,12,1.2356977462768555,True,9391.0,9391.0,0.02
86,wuf20-0176.mwcnf,20,71,500,62.09331655502319,False,10388.0,7850.0,0.060000000000000005
87,wuf20-0177.mwcnf,20,71,9,1.2936339378356934,True,9215.0,9215.0,0.02
88,wuf20-0178.mwcnf,20,71,500,55.73403882980347,False,9882.0,9099.0,0.07
89,wuf20-0179.mwcnf,20,71,500,57.76946210861206,False,9607.0,9168.0,0.09
90,wuf20-018.mwcnf,20,71,500,58.41439366340637,False,9232.0,9117.0,0.060000000000000005
91,wuf20-0180.mwcnf,20,71,37,4.2176268100738525,True,9078.0,9078.0,0.04
92,wuf20-0181.mwcnf,20,71,9,1.0790927410125732,True,10143.0,10143.0,0.02
93,wuf20-0182.mwcnf,20,71,13,1.4702587127685547,True,11879.0,11879.0,0.02
94,wuf20-0183.mwcnf,20,71,7,0.732210636138916,True,10849.0,10849.0,0.02
95,wuf20-0184.mwcnf,20,71,500,60.7857346534729,False,8934.0,8471.0,0.07
96,wuf20-0185.mwcnf,20,71,500,57.50255012512207,False,9581.0,9491.0,0.060000000000000005
97,wuf20-0186.mwcnf,20,71,500,58.76573657989502,False,10448.0,9911.0,0.09
98,wuf20-0187.mwcnf,20,71,10,1.1391839981079102,True,10485.0,10485.0,0.02
99,wuf20-0188.mwcnf,20,71,500,61.989181995391846,False,10942.0,10322.0,0.060000000000000005
100,wuf20-0189.mwcnf,20,71,8,0.8629674911499023,True,8316.0,8316.0,0.02
101,wuf20-019.mwcnf,20,71,500,68.42296600341797,False,9283.0,8864.0,0.09
102,wuf20-0190.mwcnf,20,71,12,1.2923388481140137,True,9957.0,9957.0,0.02
103,wuf20-0191.mwcnf,20,71,10,1.2523396015167236,True,9911.0,9911.0,0.03
104,wuf20-0192.mwcnf,20,71,500,61.4223735332489,False,10100.0,9807.0,0.060000000000000005
105,wuf20-0193.mwcnf,20,71,17,2.0346603393554688,True,10231.0,10231.0,0.04
106,wuf20-0194.mwcnf,20,71,500,57.18783617019653,False,8897.0,8663.0,0.060000000000000005
107,wuf20-0195.mwcnf,20,71,41,4.61508584022522,True,10587.0,10587.0,0.05
108,wuf20-0196.mwcnf,20,71,12,1.374413013458252,True,10853.0,10853.0,0.02
109,wuf20-0197.mwcnf,20,71,10,1.0884182453155518,True,9654.0,9654.0,0.03
110,wuf20-0198.mwcnf,20,71,9,1.2458546161651611,True,9581.0,9581.0,0.02
111,wuf20-0199.mwcnf,20,71,8,1.490553855895996,True,8995.0,8995.0,0.02
112,wuf20-02.mwcnf,20,71,18,1.9257478713989258,True,4071.0,4071.0,0.04
113,wuf20-020.mwcnf,20,71,11,1.4547367095947266,True,9666.0,9666.0,0.02
114,wuf20-0200.mwcnf,20,71,500,55.485445976257324,False,10633.0,9271.0,0.07
115,wuf20-0201.mwcnf,20,71,47,6.174665689468384,True,11028.0,11028.0,0.05
116,wuf20-0202.mwcnf,20,71,46,6.0582640171051025,True,11236.0,11236.0,0.04
117,wuf20-0203.mwcnf,20,71,9,1.1887259483337402,True,9659.0,9659.0,0.02
118,wuf20-0204.mwcnf,20,71,10,1.0972108840942383,True,9640.0,9640.0,0.02
119,wuf20-0205.mwcnf,20,71,500,58.62824988365173,False,10188.0,9140.0,0.060000000000000005
120,wuf20-0206.mwcnf,20,71,8,0.9497203826904297,True,9095.0,9095.0,0.02
121,wuf20-0207.mwcnf,20,71,467,57.13084673881531,True,10773.0,10773.0,0.07
122,wuf20-0208.mwcnf,20,71,21,2.3089499473571777,True,9632.0,9632.0,0.05
123,wuf20-0209.mwcnf,20,71,8,1.1153528690338135,True,8949.0,8949.0,0.02
124,wuf20-021.mwcnf,20,71,8,0.8606207370758057,True,9513.0,9513.0,0.02
125,wuf20-0210.mwcnf,20,71,20,2.5673599243164062,True,11651.0,11651.0,0.04
126,wuf20-0211.mwcnf,20,71,12,1.3308522701263428,True,9651.0,9651.0,0.02
127,wuf20-0212.mwcnf,20,71,18,1.8250274658203125,True,9763.0,9763.0,0.04
128,wuf20-0213.mwcnf,20,71,15,1.7118189334869385,True,10388.0,10388.0,0.03
129,wuf20-0214.mwcnf,20,71,13,1.4868168830871582,True,10356.0,10356.0,0.02
130,wuf20-0215.mwcnf,20,71,500,57.96709489822388,False,11050.0,10453.0,0.08
131,wuf20-0216.mwcnf,20,71,500,60.85505247116089,False,12301.0,9678.0,0.060000000000000005
132,wuf20-0217.mwcnf,20,71,8,1.1258273124694824,True,10325.0,10325.0,0.02
133,wuf20-0218.mwcnf,20,71,17,1.7026879787445068,True,10830.0,10830.0,0.03
134,wuf20-0219.mwcnf,20,71,500,65.17186713218689,False,11867.0,10595.0,0.07
135,wuf20-022.mwcnf,20,71,25,2.8201117515563965,True,10510.0,10510.0,0.04
136,wuf20-0220.mwcnf,20,71,490,67.02827572822571,True,11879.0,11879.0,0.07
137,wuf20-0221.mwcnf,20,71,10,2.1878926753997803,True,9711.0,9711.0,0.02
138,wuf20-0222.mwcnf,20,71,10,2.107741355895996,True,8683.0,8683.0,0.02
139,wuf20-0223.mwcnf,20,71,27,4.023147821426392,True,8992.0,8992.0,0.04
140,wuf20-0224.mwcnf,20,71,500,41.895647048950195,False,9726.0,9229.0,0.060000000000000005
141,wuf20-0225.mwcnf,20,71,19,1.5243284702301025,True,9893.0,9893.0,0.04
142,wuf20-0226.mwcnf,20,71,500,36.933032274246216,False,10656.0,9787.0,0.060000000000000005
143,wuf20-0227.mwcnf,20,71,9,0.6733012199401855,True,10349.0,10349.0,0.02
144,wuf20-0228.mwcnf,20,71,353,24.937257528305054,True,12271.0,12271.0,0.07
145,wuf20-0229.mwcnf,20,71,16,1.0801267623901367,True,10252.0,10252.0,0.060000000000000005
146,wuf20-023.mwcnf,20,71,158,11.325353384017944,True,4268.0,4268.0,0.07
147,wuf20-0230.mwcnf,20,71,500,35.42048931121826,False,12264.0,11253.0,0.07
148,wuf20-0231.mwcnf,20,71,21,1.4170825481414795,True,11807.0,11807.0,0.060000000000000005
149,wuf20-0232.mwcnf,20,71,6,0.4211151599884033,True,3518.0,3518.0,0.02
150,wuf20-0233.mwcnf,20,71,10,0.6719231605529785,True,3118.0,3118.0,0.02
151,wuf20-0234.mwcnf,20,71,9,0.5995161533355713,True,3400.0,3400.0,0.02
152,wuf20-0235.mwcnf,20,71,19,1.2995338439941406,True,3883.0,3883.0,0.05
153,wuf20-0236.mwcnf,20,71,500,34.84172201156616,False,3553.0,2889.0,0.060000000000000005
154,wuf20-0237.mwcnf,20,71,500,36.31177091598511,False,3329.0,3154.0,0.060000000000000005
155,wuf20-0238.mwcnf,20,71,6,0.40800929069519043,True,3571.0,3571.0,0.02
156,wuf20-0239.mwcnf,20,71,29,1.9474709033966064,True,3708.0,3708.0,0.04
157,wuf20-024.mwcnf,20,71,49,3.364816665649414,True,3746.0,3746.0,0.04
158,wuf20-0240.mwcnf,20,71,46,3.1918673515319824,True,3847.0,3847.0,0.05
159,wuf20-0241.mwcnf,20,71,500,36.75934386253357,False,3750.0,3702.0,0.07
160,wuf20-0242.mwcnf,20,71,11,0.7328684329986572,True,3355.0,3355.0,0.03
161,wuf20-0243.mwcnf,20,71,500,36.7364296913147,False,4531.0,3906.0,0.07
162,wuf20-0244.mwcnf,20,71,23,1.5641839504241943,True,3903.0,3903.0,0.03
163,wuf20-0245.mwcnf,20,71,500,36.42913484573364,False,3342.0,3281.0,0.07
164,wuf20-0246.mwcnf,20,71,41,3.099184274673462,True,3798.0,3798.0,0.04
165,wuf20-0247.mwcnf,20,71,500,35.37071466445923,False,3772.0,3068.0,0.07
166,wuf20-0248.mwcnf,20,71,37,2.5506997108459473,True,3598.0,3598.0,0.04
167,wuf20-0249.mwcnf,20,71,30,2.049513339996338,True,3939.0,3939.0,0.04
168,wuf20-025.mwcnf,20,71,500,35.82868409156799,False,3762.0,3466.0,0.08
169,wuf20-0250.mwcnf,20,71,9,0.6106491088867188,True,3358.0,3358.0,0.02
170,wuf20-0251.mwcnf,20,71,500,36.28122115135193,False,3488.0,3416.0,0.10999999999999999
171,wuf20-0252.mwcnf,20,71,15,1.079772710800171,True,3590.0,3590.0,0.03
172,wuf20-0253.mwcnf,20,71,500,35.47124099731445,False,3586.0,3264.0,0.08
173,wuf20-0254.mwcnf,20,71,6,0.40653491020202637,True,3255.0,3255.0,0.02
174,wuf20-0255.mwcnf,20,71,8,0.5473446846008301,True,3092.0,3092.0,0.02
175,wuf20-0256.mwcnf,20,71,20,1.3939380645751953,True,3649.0,3649.0,0.060000000000000005
176,wuf20-0257.mwcnf,20,71,11,0.7626721858978271,True,3431.0,3431.0,0.03
177,wuf20-0258.mwcnf,20,71,8,0.5319852828979492,True,3598.0,3598.0,0.02
178,wuf20-0259.mwcnf,20,71,13,0.9011240005493164,True,3231.0,3231.0,0.02
179,wuf20-026.mwcnf,20,71,258,18.742351770401,True,3200.0,3200.0,0.07
180,wuf20-0260.mwcnf,20,71,23,1.5566825866699219,True,3190.0,3190.0,0.060000000000000005
181,wuf20-0261.mwcnf,20,71,10,0.689899206161499,True,3363.0,3363.0,0.02
182,wuf20-0262.mwcnf,20,71,46,3.157428503036499,True,3853.0,3853.0,0.05
183,wuf20-0263.mwcnf,20,71,7,0.4657008647918701,True,3621.0,3621.0,0.02
184,wuf20-0264.mwcnf,20,71,500,37.717994689941406,False,3772.0,3630.0,0.060000000000000005
185,wuf20-0265.mwcnf,20,71,6,0.6422014236450195,True,3489.0,3489.0,0.02
186,wuf20-0266.mwcnf,20,71,8,1.0324645042419434,True,3151.0,3151.0,0.02
187,wuf20-0267.mwcnf,20,71,9,0.7819514274597168,True,3490.0,3490.0,0.02
188,wuf20-0268.mwcnf,20,71,17,1.3698546886444092,True,3771.0,3771.0,0.04
189,wuf20-0269.mwcnf,20,71,500,36.67405605316162,False,3974.0,3407.0,0.060000000000000005
190,wuf20-027.mwcnf,20,71,14,1.111356258392334,True,3499.0,3499.0,0.03
191,wuf20-0270.mwcnf,20,71,8,0.5327050685882568,True,3253.0,3253.0,0.02
192,wuf20-0271.mwcnf,20,71,13,0.8563566207885742,True,3986.0,3986.0,0.02
193,wuf20-0272.mwcnf,20,71,500,34.57888841629028,False,4237.0,3474.0,0.07
194,wuf20-0273.mwcnf,20,71,500,42.919185161590576,False,3735.0,3590.0,0.07
195,wuf20-0274.mwcnf,20,71,500,36.34633255004883,False,3373.0,3351.0,0.07
196,wuf20-0275.mwcnf,20,71,500,35.4660964012146,False,4407.0,3918.0,0.08
197,wuf20-0276.mwcnf,20,71,9,0.6879587173461914,True,3214.0,3214.0,0.02
198,wuf20-0277.mwcnf,20,71,500,35.735260009765625,False,3380.0,3155.0,0.060000000000000005
199,wuf20-0278.mwcnf,20,71,10,0.7344937324523926,True,3484.0,3484.0,0.02
200,wuf20-0279.mwcnf,20,71,9,0.6260890960693359,True,3339.0,3339.0,0.02
201,wuf20-028.mwcnf,20,71,8,0.5313642024993896,True,3498.0,3498.0,0.02
202,wuf20-0280.mwcnf,20,71,500,35.74980664253235,False,3827.0,3482.0,0.07
203,wuf20-0281.mwcnf,20,71,9,0.6404411792755127,True,3995.0,3995.0,0.02
204,wuf20-0282.mwcnf,20,71,500,35.21503829956055,False,4091.0,3761.0,0.07
205,wuf20-0283.mwcnf,20,71,18,1.2517411708831787,True,4083.0,4083.0,0.03
206,wuf20-0284.mwcnf,20,71,500,36.89404487609863,False,3804.0,3522.0,0.060000000000000005
207,wuf20-0285.mwcnf,20,71,11,0.797630786895752,True,3369.0,3369.0,0.02
208,wuf20-0286.mwcnf,20,71,500,37.98163318634033,False,3881.0,3139.0,0.07
209,wuf20-0287.mwcnf,20,71,6,0.43876004219055176,True,3382.0,3382.0,0.02
210,wuf20-0288.mwcnf,20,71,6,0.4240734577178955,True,3472.0,3472.0,0.02
211,wuf20-0289.mwcnf,20,71,500,37.07456922531128,False,3643.0,3198.0,0.060000000000000005
212,wuf20-029.mwcnf,20,71,45,3.2394607067108154,True,3356.0,3356.0,0.060000000000000005
213,wuf20-0290.mwcnf,20,71,10,0.6935234069824219,True,3304.0,3304.0,0.02
214,wuf20-0291.mwcnf,20,71,10,0.7011966705322266,True,3052.0,3052.0,0.02
215,wuf20-0292.mwcnf,20,71,500,36.62547969818115,False,3364.0,3359.0,0.08
216,wuf20-0293.mwcnf,20,71,13,0.9073460102081299,True,3295.0,3295.0,0.03
217,wuf20-0294.mwcnf,20,71,12,0.8308656215667725,True,3088.0,3088.0,0.02
218,wuf20-0295.mwcnf,20,71,500,35.20812487602234,False,3630.0,3358.0,0.08
219,wuf20-0296.mwcnf,20,71,36,2.408921480178833,True,3427.0,3427.0,0.060000000000000005
220,wuf20-0297.mwcnf,20,71,8,0.5796360969543457,True,3514.0,3514.0,0.02
221,wuf20-0298.mwcnf,20,71,9,0.5789620876312256,True,3351.0,3351.0,0.03
222,wuf20-0299.mwcnf,20,71,14,1.00126314163208,True,3885.0,3885.0,0.02
223,wuf20-03.mwcnf,20,71,500,34.13393950462341,False,4077.0,3851.0,0.09
224,wuf20-030.mwcnf,20,71,500,35.83746266365051,False,3231.0,3117.0,0.08
225,wuf20-0300.mwcnf,20,71,9,0.5947103500366211,True,3716.0,3716.0,0.02
226,wuf20-0301.mwcnf,20,71,275,18.60219717025757,True,3473.0,3473.0,0.08
227,wuf20-0302.mwcnf,20,71,7,0.4507784843444824,True,3482.0,3482.0,0.02
228,wuf20-0303.mwcnf,20,71,500,37.09183382987976,False,3483.0,3232.0,0.060000000000000005
229,wuf20-0304.mwcnf,20,71,500,34.307537317276,False,4015.0,3429.0,0.08
230,wuf20-0305.mwcnf,20,71,9,0.610825777053833,True,3467.0,3467.0,0.02
231,wuf20-0306.mwcnf,20,71,500,48.19935703277588,False,3627.0,3446.0,0.07
232,wuf20-0307.mwcnf,20,71,500,42.888298988342285,False,3710.0,3491.0,0.08
233,wuf20-0308.mwcnf,20,71,500,39.05450248718262,False,3402.0,3010.0,0.07
234,wuf20-0309.mwcnf,20,71,500,34.570143699645996,False,3682.0,3399.0,0.08
235,wuf20-031.mwcnf,20,71,500,35.16590332984924,False,3869.0,3835.0,0.08
236,wuf20-0310.mwcnf,20,71,500,33.422728061676025,False,3460.0,3166.0,0.060000000000000005
237,wuf20-0311.mwcnf,20,71,19,1.2828941345214844,True,3676.0,3676.0,0.03
238,wuf20-0312.mwcnf,20,71,47,3.126002788543701,True,3031.0,3031.0,0.05
239,wuf20-0313.mwcnf,20,71,500,34.05230665206909,False,3484.0,3152.0,0.07
240,wuf20-0314.mwcnf,20,71,10,0.7016794681549072,True,3324.0,3324.0,0.02
241,wuf20-0315.mwcnf,20,71,13,0.8615176677703857,True,3458.0,3458.0,0.02
242,wuf20-0316.mwcnf,20,71,500,33.89744281768799,False,3371.0,3110.0,0.060000000000000005
243,wuf20-0317.mwcnf,20,71,500,34.65652108192444,False,3395.0,3220.0,0.09
244,wuf20-0318.mwcnf,20,71,9,0.626434326171875,True,3223.0,3223.0,0.02
245,wuf20-0319.mwcnf,20,71,129,8.479174852371216,True,3680.0,3680.0,0.07
246,wuf20-032.mwcnf,20,71,11,0.7348177433013916,True,3408.0,3408.0,0.02
247,wuf20-0320.mwcnf,20,71,20,1.3306961059570312,True,3364.0,3364.0,0.03
248,wuf20-0321.mwcnf,20,71,42,2.789468288421631,True,4028.0,4028.0,0.04
249,wuf20-0322.mwcnf,20,71,9,0.5880329608917236,True,3353.0,3353.0,0.02
250,wuf20-0323.mwcnf,20,71,500,34.412867307662964,False,5387.0,4682.0,0.07
251,wuf20-0324.mwcnf,20,71,23,1.5656933784484863,True,3635.0,3635.0,0.04
252,wuf20-0325.mwcnf,20,71,9,0.6264975070953369,True,3370.0,3370.0,0.02
253,wuf20-0326.mwcnf,20,71,500,34.335689544677734,False,3396.0,2956.0,0.08
254,wuf20-0327.mwcnf,20,71,10,0.6727519035339355,True,3981.0,3981.0,0.03
255,wuf20-0328.mwcnf,20,71,500,34.766310691833496,False,3759.0,3275.0,0.07
256,wuf20-0329.mwcnf,20,71,500,33.245952129364014,False,3696.0,3478.0,0.08
257,wuf20-033.mwcnf,20,71,500,35.51335573196411,False,3554.0,3549.0,0.07
258,wuf20-0330.mwcnf,20,71,500,34.733248710632324,False,3876.0,3709.0,0.060000000000000005
259,wuf20-0331.mwcnf,20,71,29,1.9542365074157715,True,3442.0,3442.0,0.060000000000000005
260,wuf20-0332.mwcnf,20,71,25,1.6581895351409912,True,3953.0,3953.0,0.05
261,wuf20-0333.mwcnf,20,71,13,0.8605237007141113,True,3694.0,3694.0,0.02
262,wuf20-0334.mwcnf,20,71,15,1.0172333717346191,True,3580.0,3580.0,0.04
263,wuf20-0335.mwcnf,20,71,500,34.355098485946655,False,3264.0,3050.0,0.08
264,wuf20-0336.mwcnf,20,71,500,35.73318123817444,False,4636.0,3519.0,0.060000000000000005
265,wuf20-0337.mwcnf,20,71,11,0.7210030555725098,True,4166.0,4166.0,0.02
266,wuf20-0338.mwcnf,20,71,500,33.67992639541626,False,3883.0,3797.0,0.060000000000000005
267,wuf20-0339.mwcnf,20,71,7,0.48336100578308105,True,3411.0,3411.0,0.02
268,wuf20-034.mwcnf,20,71,9,0.5954434871673584,True,3358.0,3358.0,0.02
269,wuf20-0340.mwcnf,20,71,251,17.569444179534912,True,3602.0,3602.0,0.09999999999999999
270,wuf20-0341.mwcnf,20,71,9,0.5945525169372559,True,3835.0,3835.0,0.02
271,wuf20-0342.mwcnf,20,71,500,33.75949168205261,False,3706.0,3628.0,0.060000000000000005
272,wuf20-0343.mwcnf,20,71,500,35.14922308921814,False,3364.0,3165.0,0.08
273,wuf20-0344.mwcnf,20,71,500,34.24115967750549,False,3351.0,2992.0,0.07
274,wuf20-0345.mwcnf,20,71,38,2.5846035480499268,True,3367.0,3367.0,0.05
275,wuf20-0346.mwcnf,20,71,8,0.5329127311706543,True,3390.0,3390.0,0.02
276,wuf20-0347.mwcnf,20,71,500,33.74079251289368,False,3635.0,3343.0,0.07
277,wuf20-0348.mwcnf,20,71,10,0.6563856601715088,True,3359.0,3359.0,0.02
278,wuf20-0349.mwcnf,20,71,500,33.98666048049927,False,3603.0,3515.0,0.07
279,wuf20-035.mwcnf,20,71,11,0.7517595291137695,True,2544.0,2544.0,0.02
280,wuf20-0350.mwcnf,20,71,83,5.507602691650391,True,4003.0,4003.0,0.060000000000000005
281,wuf20-0351.mwcnf,20,71,18,1.1895909309387207,True,3407.0,3407.0,0.03
282,wuf20-0352.mwcnf,20,71,11,0.718966007232666,True,3425.0,3425.0,0.02
283,wuf20-0353.mwcnf,20,71,9,0.6110508441925049,True,3513.0,3513.0,0.02
284,wuf20-0354.mwcnf,20,71,500,34.3538384437561,False,4606.0,3418.0,0.060000000000000005
285,wuf20-0355.mwcnf,20,71,10,0.7121257781982422,True,3519.0,3519.0,0.02
286,wuf20-0356.mwcnf,20,71,9,0.5817735195159912,True,3157.0,3157.0,0.02
287,wuf20-0357.mwcnf,20,71,500,33.65453219413757,False,3500.0,2958.0,0.060000000000000005
288,wuf20-0358.mwcnf,20,71,9,0.5888006687164307,True,3603.0,3603.0,0.02
289,wuf20-0359.mwcnf,20,71,13,0.8953261375427246,True,3359.0,3359.0,0.02
290,wuf20-036.mwcnf,20,71,17,1.135413646697998,True,3688.0,3688.0,0.02
291,wuf20-0360.mwcnf,20,71,500,33.04344606399536,False,3539.0,3500.0,0.07
292,wuf20-0361.mwcnf,20,71,11,0.704758882522583,True,3728.0,3728.0,0.02
293,wuf20-0362.mwcnf,20,71,178,12.436574697494507,True,3350.0,3350.0,0.060000000000000005
294,wuf20-0363.mwcnf,20,71,10,0.6731781959533691,True,3123.0,3123.0,0.02
295,wuf20-0364.mwcnf,20,71,108,7.493508815765381,True,3443.0,3443.0,0.08
296,wuf20-0365.mwcnf,20,71,13,0.9137918949127197,True,3811.0,3811.0,0.02
297,wuf20-0366.mwcnf,20,71,7,0.4635028839111328,True,3165.0,3165.0,0.02
298,wuf20-0367.mwcnf,20,71,500,33.95213556289673,False,3644.0,3615.0,0.07
299,wuf20-0368.mwcnf,20,71,15,0.9861862659454346,True,3674.0,3674.0,0.05
300,wuf20-0369.mwcnf,20,71,500,39.19836711883545,False,3606.0,3528.0,0.08
301,wuf20-037.mwcnf,20,71,500,40.93838143348694,False,3173.0,3161.0,0.08
302,wuf20-0370.mwcnf,20,71,500,44.45124578475952,False,4146.0,4060.0,0.060000000000000005
303,wuf20-0371.mwcnf,20,71,500,53.65360927581787,False,3872.0,3196.0,0.060000000000000005
304,wuf20-0372.mwcnf,20,71,12,1.3120062351226807,True,4233.0,4233.0,0.03
305,wuf20-0373.mwcnf,20,71,320,35.10763144493103,True,4612.0,4612.0,0.060000000000000005
306,wuf20-0374.mwcnf,20,71,500,53.606226205825806,False,3354.0,3320.0,0.060000000000000005
307,wuf20-0375.mwcnf,20,71,500,53.55445957183838,False,3901.0,3754.0,0.07
308,wuf20-0376.mwcnf,20,71,28,3.5644493103027344,True,3546.0,3546.0,0.060000000000000005
309,wuf20-0377.mwcnf,20,71,8,0.8140335083007812,True,3571.0,3571.0,0.02
310,wuf20-0378.mwcnf,20,71,500,51.89913272857666,False,3465.0,3193.0,0.08
311,wuf20-0379.mwcnf,20,71,11,0.9399592876434326,True,3420.0,3420.0,0.02
312,wuf20-038.mwcnf,20,71,14,1.4249987602233887,True,3713.0,3713.0,0.02
313,wuf20-0380.mwcnf,20,71,15,1.688039779663086,True,4133.0,4133.0,0.04
314,wuf20-0381.mwcnf,20,71,500,52.80949258804321,False,3805.0,3604.0,0.07
315,wuf20-0382.mwcnf,20,71,500,52.11278438568115,False,3780.0,3590.0,0.07
316,wuf20-0383.mwcnf,20,71,500,53.331435441970825,False,3721.0,3533.0,0.07
317,wuf20-0384.mwcnf,20,71,13,1.346102237701416,True,4173.0,4173.0,0.03
318,wuf20-0385.mwcnf,20,71,10,1.071793794631958,True,3786.0,3786.0,0.02
319,wuf20-0386.mwcnf,20,71,8,0.9454495906829834,True,3466.0,3466.0,0.02
320,wuf20-0387.mwcnf,20,71,500,56.36107873916626,False,5222.0,4094.0,0.060000000000000005
321,wuf20-0388.mwcnf,20,71,10,1.3273851871490479,True,3367.0,3367.0,0.02
322,wuf20-0389.mwcnf,20,71,8,0.9801568984985352,True,3796.0,3796.0,0.02
323,wuf20-039.mwcnf,20,71,500,52.22788691520691,False,3612.0,3596.0,0.060000000000000005
324,wuf20-0390.mwcnf,20,71,44,4.0833258628845215,True,3790.0,3790.0,0.05
325,wuf20-0391.mwcnf,20,71,500,59.16422462463379,False,3447.0,3364.0,0.060000000000000005
326,wuf20-0392.mwcnf,20,71,9,0.9540135860443115,True,3869.0,3869.0,0.02
327,wuf20-0393.mwcnf,20,71,10,1.1107120513916016,True,3454.0,3454.0,0.02
328,wuf20-0394.mwcnf,20,71,500,55.93139719963074,False,3521.0,3491.0,0.07
329,wuf20-0395.mwcnf,20,71,8,0.7153065204620361,True,3821.0,3821.0,0.02
330,wuf20-0396.mwcnf,20,71,23,2.613837957382202,True,3963.0,3963.0,0.03
331,wuf20-0397.mwcnf,20,71,11,1.2839770317077637,True,4053.0,4053.0,0.02
332,wuf20-0398.mwcnf,20,71,10,1.5794150829315186,True,3622.0,3622.0,0.02
333,wuf20-0399.mwcnf,20,71,8,1.0171468257904053,True,3591.0,3591.0,0.02
334,wuf20-04.mwcnf,20,71,500,50.69135093688965,False,3988.0,3663.0,0.07
335,wuf20-040.mwcnf,20,71,500,52.13975977897644,False,3633.0,3453.0,0.060000000000000005
336,wuf20-0400.mwcnf,20,71,129,13.220592737197876,True,3676.0,3676.0,0.05
337,wuf20-0401.mwcnf,20,71,6,0.5788772106170654,True,3582.0,3582.0,0.02
338,wuf20-0402.mwcnf,20,71,500,54.78829789161682,False,3671.0,3382.0,0.060000000000000005
339,wuf20-0403.mwcnf,20,71,7,0.6263210773468018,True,3405.0,3405.0,0.02
340,wuf20-0404.mwcnf,20,71,22,2.409773588180542,True,4391.0,4391.0,0.05
341,wuf20-0405.mwcnf,20,71,500,53.4814178943634,False,5257.0,3536.0,0.060000000000000005
342,wuf20-0406.mwcnf,20,71,500,56.65621781349182,False,4274.0,3579.0,0.08
343,wuf20-0407.mwcnf,20,71,500,53.76982569694519,False,4405.0,3753.0,0.09
344,wuf20-0408.mwcnf,20,71,7,0.5775938034057617,True,3539.0,3539.0,0.02
345,wuf20-0409.mwcnf,20,71,500,52.1099419593811,False,3346.0,3330.0,0.060000000000000005
346,wuf20-041.mwcnf,20,71,9,0.891758918762207,True,3641.0,3641.0,0.02
347,wuf20-0410.mwcnf,20,71,7,0.6886653900146484,True,3395.0,3395.0,0.02
348,wuf20-0411.mwcnf,20,71,201,22.692072868347168,True,3437.0,3437.0,0.09
349,wuf20-0412.mwcnf,20,71,9,1.0492808818817139,True,3792.0,3792.0,0.03
350,wuf20-0413.mwcnf,20,71,37,4.883564472198486,True,3559.0,3559.0,0.05
351,wuf20-0414.mwcnf,20,71,500,54.99751424789429,False,3147.0,3123.0,0.07
352,wuf20-0415.mwcnf,20,71,22,3.348170280456543,True,3944.0,3944.0,0.04
353,wuf20-0416.mwcnf,20,71,10,1.5346107482910156,True,3515.0,3515.0,0.02
354,wuf20-0417.mwcnf,20,71,16,1.7513787746429443,True,3857.0,3857.0,0.03
355,wuf20-0418.mwcnf,20,71,8,0.9397296905517578,True,3608.0,3608.0,0.02
356,wuf20-0419.mwcnf,20,71,500,60.189722776412964,False,3622.0,3410.0,0.07
357,wuf20-042.mwcnf,20,71,12,1.439213514328003,True,3733.0,3733.0,0.02
358,wuf20-0420.mwcnf,20,71,8,0.8574299812316895,True,3986.0,3986.0,0.02
359,wuf20-0421.mwcnf,20,71,8,1.1578545570373535,True,4267.0,4267.0,0.02
360,wuf20-0422.mwcnf,20,71,8,1.1128833293914795,True,3030.0,3030.0,0.02
361,wuf20-0423.mwcnf,20,71,8,1.2192144393920898,True,3679.0,3679.0,0.02
362,wuf20-0424.mwcnf,20,71,16,2.4710421562194824,True,3475.0,3475.0,0.03
363,wuf20-0425.mwcnf,20,71,9,1.1948368549346924,True,4307.0,4307.0,0.02
364,wuf20-0426.mwcnf,20,71,11,1.5166895389556885,True,3820.0,3820.0,0.03
365,wuf20-0427.mwcnf,20,71,14,1.7218577861785889,True,4071.0,4071.0,0.03
366,wuf20-0428.mwcnf,20,71,22,2.5684430599212646,True,3909.0,3909.0,0.05
367,wuf20-0429.mwcnf,20,71,7,0.8923308849334717,True,3492.0,3492.0,0.02
368,wuf20-043.mwcnf,20,71,500,60.21816539764404,False,4503.0,3350.0,0.060000000000000005
369,wuf20-0430.mwcnf,20,71,24,2.51798415184021,True,5652.0,5652.0,0.04
370,wuf20-0431.mwcnf,20,71,14,1.5794041156768799,True,3991.0,3991.0,0.03
371,wuf20-0432.mwcnf,20,71,500,52.84625029563904,False,3334.0,3250.0,0.07
372,wuf20-0433.mwcnf,20,71,500,51.45107984542847,False,3680.0,3252.0,0.09
373,wuf20-0434.mwcnf,20,71,500,54.07911491394043,False,3562.0,3399.0,0.060000000000000005
374,wuf20-0435.mwcnf,20,71,500,54.00859189033508,False,3819.0,3707.0,0.060000000000000005
375,wuf20-0436.mwcnf,20,71,55,5.392930507659912,True,3903.0,3903.0,0.05
376,wuf20-0437.mwcnf,20,71,107,12.500855684280396,True,4339.0,4339.0,0.060000000000000005
377,wuf20-0438.mwcnf,20,71,500,53.87386870384216,False,3929.0,3849.0,0.060000000000000005
378,wuf20-0439.mwcnf,20,71,11,1.1272039413452148,True,3889.0,3889.0,0.03
379,wuf20-044.mwcnf,20,71,500,51.88230586051941,False,3545.0,3424.0,0.07
380,wuf20-0440.mwcnf,20,71,500,52.83351230621338,False,3777.0,3488.0,0.07
381,wuf20-0441.mwcnf,20,71,500,51.707441568374634,False,3867.0,3787.0,0.07
382,wuf20-0442.mwcnf,20,71,20,2.0422797203063965,True,4153.0,4153.0,0.03
383,wuf20-0443.mwcnf,20,71,500,59.71551465988159,False,3942.0,3696.0,0.05
384,wuf20-0444.mwcnf,20,71,10,1.1425399780273438,True,4198.0,4198.0,0.02
385,wuf20-0445.mwcnf,20,71,9,1.0330121517181396,True,3802.0,3802.0,0.02
386,wuf20-0446.mwcnf,20,71,12,1.3602542877197266,True,3943.0,3943.0,0.03
387,wuf20-0447.mwcnf,20,71,95,11.066182613372803,True,3659.0,3659.0,0.060000000000000005
388,wuf20-0448.mwcnf,20,71,8,1.0171573162078857,True,3037.0,3037.0,0.02
389,wuf20-0449.mwcnf,20,71,11,1.1562612056732178,True,3321.0,3321.0,0.03
390,wuf20-045.mwcnf,20,71,21,2.7538537979125977,True,3890.0,3890.0,0.03
391,wuf20-0450.mwcnf,20,71,500,53.970056772232056,False,4265.0,4075.0,0.05
392,wuf20-0451.mwcnf,20,71,9,0.893653392791748,True,3889.0,3889.0,0.02
393,wuf20-0452.mwcnf,20,71,500,52.717825174331665,False,3670.0,3430.0,0.060000000000000005
394,wuf20-0453.mwcnf,20,71,500,52.142154693603516,False,4132.0,4066.0,0.060000000000000005
395,wuf20-0454.mwcnf,20,71,500,57.34728264808655,False,4018.0,4014.0,0.07
396,wuf20-0455.mwcnf,20,71,500,53.32560682296753,False,3681.0,3510.0,0.05
397,wuf20-0456.mwcnf,20,71,8,0.673621654510498,True,3469.0,3469.0,0.02
398,wuf20-0457.mwcnf,20,71,11,1.1575849056243896,True,4186.0,4186.0,0.02
399,wuf20-0458.mwcnf,20,71,23,2.3309459686279297,True,3844.0,3844.0,0.04
400,wuf20-0459.mwcnf,20,71,80,8.465142965316772,True,3951.0,3951.0,0.05
401,wuf20-046.mwcnf,20,71,7,0.641303539276123,True,3925.0,3925.0,0.02
402,wuf20-0460.mwcnf,20,71,12,1.253035068511963,True,3628.0,3628.0,0.02
403,wuf20-0461.mwcnf,20,71,500,52.56743288040161,False,3208.0,3112.0,0.05
404,wuf20-0462.mwcnf,20,71,8,1.2221887111663818,True,3244.0,3244.0,0.02
405,wuf20-0463.mwcnf,20,71,500,54.710302114486694,False,4056.0,3993.0,0.09
406,wuf20-0464.mwcnf,20,71,500,52.57042479515076,False,3157.0,3024.0,0.07
407,wuf20-0465.mwcnf,20,71,500,52.5974235534668,False,3688.0,3267.0,0.060000000000000005
408,wuf20-0466.mwcnf,20,71,500,56.865821838378906,False,3997.0,3678.0,0.060000000000000005
409,wuf20-0467.mwcnf,20,71,27,2.7535557746887207,True,4173.0,4173.0,0.04
410,wuf20-0468.mwcnf,20,71,10,0.935171365737915,True,3667.0,3667.0,0.03
411,wuf20-0469.mwcnf,20,71,12,1.659062385559082,True,3389.0,3389.0,0.02
412,wuf20-047.mwcnf,20,71,500,56.74184727668762,False,3236.0,3063.0,0.060000000000000005
413,wuf20-0470.mwcnf,20,71,500,52.72825622558594,False,3962.0,3896.0,0.08
414,wuf20-0471.mwcnf,20,71,500,50.48592519760132,False,4056.0,3418.0,0.07
415,wuf20-0472.mwcnf,20,71,500,53.765586853027344,False,3654.0,3612.0,0.08
416,wuf20-0473.mwcnf,20,71,500,54.612247467041016,False,3584.0,3418.0,0.10999999999999999
417,wuf20-0474.mwcnf,20,71,500,51.357786417007446,False,3301.0,3284.0,0.08
418,wuf20-0475.mwcnf,20,71,80,8.07420539855957,True,3974.0,3974.0,0.060000000000000005
419,wuf20-0476.mwcnf,20,71,500,53.42857813835144,False,3849.0,3533.0,0.07
420,wuf20-0477.mwcnf,20,71,5,0.46115732192993164,True,3099.0,3099.0,0.02
421,wuf20-0478.mwcnf,20,71,8,0.9031517505645752,True,3355.0,3355.0,0.02
422,wuf20-0479.mwcnf,20,71,500,52.46403956413269,False,3605.0,3492.0,0.08
423,wuf20-048.mwcnf,20,71,500,52.01683855056763,False,3377.0,3358.0,0.07
424,wuf20-0480.mwcnf,20,71,11,1.1090750694274902,True,3790.0,3790.0,0.03
425,wuf20-0481.mwcnf,20,71,500,52.520451068878174,False,3151.0,3073.0,0.07
426,wuf20-0482.mwcnf,20,71,500,53.90084934234619,False,3568.0,3467.0,0.060000000000000005
427,wuf20-0483.mwcnf,20,71,27,2.9237613677978516,True,3675.0,3675.0,0.060000000000000005
428,wuf20-0484.mwcnf,20,71,39,3.6463735103607178,True,3901.0,3901.0,0.060000000000000005
429,wuf20-0485.mwcnf,20,71,48,5.273239850997925,True,4628.0,4628.0,0.060000000000000005
430,wuf20-0486.mwcnf,20,71,18,1.8455591201782227,True,4721.0,4721.0,0.04
431,wuf20-0487.mwcnf,20,71,10,0.9207100868225098,True,3491.0,3491.0,0.02
432,wuf20-0488.mwcnf,20,71,13,1.2532052993774414,True,4005.0,4005.0,0.02
433,wuf20-0489.mwcnf,20,71,9,0.8918492794036865,True,3483.0,3483.0,0.02
434,wuf20-049.mwcnf,20,71,500,52.860512256622314,False,3557.0,3326.0,0.08
435,wuf20-0490.mwcnf,20,71,9,0.9235732555389404,True,3294.0,3294.0,0.02
436,wuf20-0491.mwcnf,20,71,500,54.40178084373474,False,3832.0,3607.0,0.08
437,wuf20-0492.mwcnf,20,71,9,0.8589773178100586,True,3477.0,3477.0,0.02
438,wuf20-0493.mwcnf,20,71,11,1.0495805740356445,True,3713.0,3713.0,0.02
439,wuf20-0494.mwcnf,20,71,15,1.564810037612915,True,3820.0,3820.0,0.03
440,wuf20-0495.mwcnf,20,71,22,2.36202335357666,True,3809.0,3809.0,0.04
441,wuf20-0496.mwcnf,20,71,9,0.9235374927520752,True,3317.0,3317.0,0.02
442,wuf20-0497.mwcnf,20,71,500,52.14027404785156,False,3571.0,3485.0,0.07
443,wuf20-0498.mwcnf,20,71,17,1.767559289932251,True,3554.0,3554.0,0.04
444,wuf20-0499.mwcnf,20,71,11,1.1897969245910645,True,4205.0,4205.0,0.02
445,wuf20-05.mwcnf,20,71,12,1.1104347705841064,True,2194.0,2194.0,0.02
446,wuf20-050.mwcnf,20,71,11,1.1720211505889893,True,2433.0,2433.0,0.03
447,wuf20-0500.mwcnf,20,71,500,53.32378578186035,False,3898.0,3787.0,0.07
448,wuf20-0501.mwcnf,20,71,500,52.937419414520264,False,3443.0,3151.0,0.060000000000000005
449,wuf20-0502.mwcnf,20,71,9,0.9461407661437988,True,4188.0,4188.0,0.02
450,wuf20-0503.mwcnf,20,71,57,5.9304444789886475,True,2859.0,2859.0,0.060000000000000005
451,wuf20-0504.mwcnf,20,71,6,0.544137716293335,True,2753.0,2753.0,0.02
452,wuf20-0505.mwcnf,20,71,10,1.2363228797912598,True,2200.0,2200.0,0.02
453,wuf20-0506.mwcnf,20,71,9,1.0575618743896484,True,2433.0,2433.0,0.02
454,wuf20-0507.mwcnf,20,71,500,52.490684032440186,False,2489.0,2350.0,0.07
455,wuf20-0508.mwcnf,20,71,500,53.172544956207275,False,2508.0,2259.0,0.07
456,wuf20-0509.mwcnf,20,71,9,0.8218498229980469,True,2875.0,2875.0,0.02
457,wuf20-051.mwcnf,20,71,500,52.19273352622986,False,2636.0,2519.0,0.07
458,wuf20-0510.mwcnf,20,71,9,0.767702579498291,True,2857.0,2857.0,0.02
459,wuf20-0511.mwcnf,20,71,500,75.1099374294281,False,2914.0,2687.0,0.07
460,wuf20-0512.mwcnf,20,71,13,1.782073974609375,True,2606.0,2606.0,0.02
461,wuf20-0513.mwcnf,20,71,500,61.950783491134644,False,2547.0,2293.0,0.060000000000000005
462,wuf20-0514.mwcnf,20,71,10,1.174098253250122,True,2326.0,2326.0,0.02
463,wuf20-0515.mwcnf,20,71,9,1.2840361595153809,True,2469.0,2469.0,0.02
464,wuf20-0516.mwcnf,20,71,12,1.7494001388549805,True,2750.0,2750.0,0.02
465,wuf20-0517.mwcnf,20,71,10,1.533581256866455,True,2482.0,2482.0,0.02
466,wuf20-0518.mwcnf,20,71,15,1.9160773754119873,True,2706.0,2706.0,0.03
467,wuf20-0519.mwcnf,20,71,500,67.26626205444336,False,2264.0,2151.0,0.08
468,wuf20-052.mwcnf,20,71,9,1.1581530570983887,True,2166.0,2166.0,0.02
469,wuf20-0520.mwcnf,20,71,11,1.4239225387573242,True,2754.0,2754.0,0.02
470,wuf20-0521.mwcnf,20,71,500,53.924418687820435,False,2731.0,2311.0,0.07
471,wuf20-0522.mwcnf,20,71,16,1.9242029190063477,True,2891.0,2891.0,0.03
472,wuf20-0523.mwcnf,20,71,500,51.654057264328,False,2347.0,2277.0,0.07
473,wuf20-0524.mwcnf,20,71,12,1.2196261882781982,True,2272.0,2272.0,0.02
474,wuf20-0525.mwcnf,20,71,500,52.400365114212036,False,2747.0,2664.0,0.07
475,wuf20-0526.mwcnf,20,71,15,1.749556303024292,True,2497.0,2497.0,0.04
476,wuf20-0527.mwcnf,20,71,21,2.375107526779175,True,2695.0,2695.0,0.05
477,wuf20-0528.mwcnf,20,71,500,51.93557667732239,False,2749.0,2551.0,0.07
478,wuf20-0529.mwcnf,20,71,10,1.0353748798370361,True,2540.0,2540.0,0.02
479,wuf20-053.mwcnf,20,71,9,0.9235782623291016,True,2399.0,2399.0,0.02
480,wuf20-0530.mwcnf,20,71,500,51.60990929603577,False,2594.0,2422.0,0.08
481,wuf20-0531.mwcnf,20,71,12,1.282834768295288,True,2555.0,2555.0,0.02
482,wuf20-0532.mwcnf,20,71,500,54.013752937316895,False,2465.0,2371.0,0.060000000000000005
483,wuf20-0533.mwcnf,20,71,500,57.4932119846344,False,2700.0,2461.0,0.09
484,wuf20-0534.mwcnf,20,71,16,2.461097478866577,True,2523.0,2523.0,0.03
485,wuf20-0535.mwcnf,20,71,500,60.98032212257385,False,2652.0,2561.0,0.060000000000000005
486,wuf20-0536.mwcnf,20,71,500,56.99442100524902,False,2679.0,2530.0,0.07
487,wuf20-0537.mwcnf,20,71,30,3.4737887382507324,True,2640.0,2640.0,0.05
488,wuf20-0538.mwcnf,20,71,15,2.0137875080108643,True,2632.0,2632.0,0.02
489,wuf20-0539.mwcnf,20,71,10,1.3951292037963867,True,2291.0,2291.0,0.02
490,wuf20-054.mwcnf,20,71,31,4.439120769500732,True,2694.0,2694.0,0.04
491,wuf20-0540.mwcnf,20,71,500,68.91196155548096,False,2699.0,2272.0,0.060000000000000005
492,wuf20-0541.mwcnf,20,71,500,58.722774267196655,False,2543.0,2340.0,0.060000000000000005
493,wuf20-0542.mwcnf,20,71,500,64.51372027397156,False,2292.0,2199.0,0.09
494,wuf20-0543.mwcnf,20,71,500,57.47951793670654,False,2746.0,2555.0,0.07
495,wuf20-0544.mwcnf,20,71,10,1.211294412612915,True,2576.0,2576.0,0.02
496,wuf20-0545.mwcnf,20,71,10,1.7417187690734863,True,2173.0,2173.0,0.02
497,wuf20-0546.mwcnf,20,71,10,1.2524456977844238,True,2745.0,2745.0,0.02
498,wuf20-0547.mwcnf,20,71,16,1.830646276473999,True,3041.0,3041.0,0.02
499,wuf20-0548.mwcnf,20,71,26,2.896195650100708,True,2935.0,2935.0,0.03
500,wuf20-0549.mwcnf,20,71,500,59.718953132629395,False,2675.0,2516.0,0.060000000000000005
501,wuf20-055.mwcnf,20,71,500,58.83292484283447,False,2896.0,2702.0,0.09
502,wuf20-0550.mwcnf,20,71,500,55.43743634223938,False,2444.0,2420.0,0.07
503,wuf20-0551.mwcnf,20,71,12,1.194751501083374,True,2518.0,2518.0,0.03
504,wuf20-0552.mwcnf,20,71,17,2.387956380844116,True,2817.0,2817.0,0.04
505,wuf20-0553.mwcnf,20,71,17,2.1698460578918457,True,2662.0,2662.0,0.04
506,wuf20-0554.mwcnf,20,71,6,0.5945792198181152,True,2629.0,2629.0,0.02
507,wuf20-0555.mwcnf,20,71,500,56.221394300460815,False,2454.0,2443.0,0.07
508,wuf20-0556.mwcnf,20,71,10,1.190887689590454,True,2676.0,2676.0,0.02
509,wuf20-0557.mwcnf,20,71,500,62.45310568809509,False,2750.0,2673.0,0.060000000000000005
510,wuf20-0558.mwcnf,20,71,10,1.1574621200561523,True,2780.0,2780.0,0.02
511,wuf20-0559.mwcnf,20,71,19,2.1915323734283447,True,2652.0,2652.0,0.03
512,wuf20-056.mwcnf,20,71,500,63.97081518173218,False,2455.0,2242.0,0.08
513,wuf20-0560.mwcnf,20,71,500,63.982234477996826,False,2398.0,2319.0,0.08
514,wuf20-0561.mwcnf,20,71,10,1.4224894046783447,True,2414.0,2414.0,0.02
515,wuf20-0562.mwcnf,20,71,32,3.945016384124756,True,2671.0,2671.0,0.05
516,wuf20-0563.mwcnf,20,71,10,1.5006482601165771,True,2514.0,2514.0,0.02
517,wuf20-0564.mwcnf,20,71,500,58.55315065383911,False,2633.0,2583.0,0.07
518,wuf20-0565.mwcnf,20,71,7,0.7533941268920898,True,2564.0,2564.0,0.02
519,wuf20-0566.mwcnf,20,71,12,1.4606075286865234,True,2509.0,2509.0,0.02
520,wuf20-0567.mwcnf,20,71,500,56.01256084442139,False,2715.0,2654.0,0.07
521,wuf20-0568.mwcnf,20,71,500,58.056626319885254,False,2297.0,2244.0,0.07
522,wuf20-0569.mwcnf,20,71,500,64.36116814613342,False,2662.0,2402.0,0.060000000000000005
523,wuf20-057.mwcnf,20,71,7,0.8746683597564697,True,2519.0,2519.0,0.02
524,wuf20-0570.mwcnf,20,71,273,33.997087717056274,True,2960.0,2960.0,0.07
525,wuf20-0571.mwcnf,20,71,12,1.2523798942565918,True,2334.0,2334.0,0.03
526,wuf20-0572.mwcnf,20,71,500,56.36934852600098,False,2269.0,2248.0,0.07
527,wuf20-0573.mwcnf,20,71,280,31.497756481170654,True,2942.0,2942.0,0.060000000000000005
528,wuf20-0574.mwcnf,20,71,12,1.6428439617156982,True,2197.0,2197.0,0.02
529,wuf20-0575.mwcnf,20,71,9,0.9068784713745117,True,2422.0,2422.0,0.02
530,wuf20-0576.mwcnf,20,71,11,1.1255576610565186,True,2457.0,2457.0,0.02
531,wuf20-0577.mwcnf,20,71,500,58.381308794021606,False,2241.0,2161.0,0.08
532,wuf20-0578.mwcnf,20,71,13,1.6894299983978271,True,2684.0,2684.0,0.02
533,wuf20-0579.mwcnf,20,71,27,3.222564935684204,True,2548.0,2548.0,0.05
534,wuf20-058.mwcnf,20,71,500,58.62798595428467,False,2620.0,2603.0,0.060000000000000005
535,wuf20-0580.mwcnf,20,71,500,65.15240478515625,False,2720.0,2304.0,0.060000000000000005
536,wuf20-0581.mwcnf,20,71,500,61.10519552230835,False,2324.0,2320.0,0.07
537,wuf20-0582.mwcnf,20,71,500,57.046690464019775,False,2378.0,2228.0,0.07
538,wuf20-0583.mwcnf,20,71,500,57.99103021621704,False,2283.0,2267.0,0.07
539,wuf20-0584.mwcnf,20,71,13,1.4934794902801514,True,2454.0,2454.0,0.03
540,wuf20-0585.mwcnf,20,71,8,0.9999098777770996,True,2461.0,2461.0,0.02
541,wuf20-0586.mwcnf,20,71,27,3.254483938217163,True,2703.0,2703.0,0.05
542,wuf20-0587.mwcnf,20,71,9,1.0158476829528809,True,2158.0,2158.0,0.02
543,wuf20-0588.mwcnf,20,71,500,59.19853949546814,False,2962.0,2835.0,0.07
544,wuf20-0589.mwcnf,20,71,36,4.317244052886963,True,2496.0,2496.0,0.04
545,wuf20-059.mwcnf,20,71,500,54.89870548248291,False,2225.0,1910.0,0.08
546,wuf20-0590.mwcnf,20,71,500,66.22938919067383,False,2806.0,2574.0,0.060000000000000005
547,wuf20-0591.mwcnf,20,71,500,58.173734188079834,False,2922.0,2278.0,0.07
548,wuf20-0592.mwcnf,20,71,500,58.98913526535034,False,2573.0,2328.0,0.05
549,wuf20-0593.mwcnf,20,71,500,58.90442085266113,False,2617.0,2454.0,0.060000000000000005
550,wuf20-0594.mwcnf,20,71,500,60.58294463157654,False,2344.0,2306.0,0.07
551,wuf20-0595.mwcnf,20,71,8,0.7976303100585938,True,2566.0,2566.0,0.02
552,wuf20-0596.mwcnf,20,71,500,57.861706018447876,False,2523.0,2477.0,0.08
553,wuf20-0597.mwcnf,20,71,31,4.021065711975098,True,2797.0,2797.0,0.05
554,wuf20-0598.mwcnf,20,71,500,55.85180306434631,False,2442.0,2393.0,0.060000000000000005
555,wuf20-0599.mwcnf,20,71,500,56.080023527145386,False,2568.0,2381.0,0.060000000000000005
556,wuf20-06.mwcnf,20,71,11,1.344120740890503,True,8483.0,8483.0,0.02
557,wuf20-060.mwcnf,20,71,7,0.8393793106079102,True,2239.0,2239.0,0.02
558,wuf20-0600.mwcnf,20,71,500,58.325329542160034,False,2495.0,2347.0,0.08
559,wuf20-0601.mwcnf,20,71,32,3.5155045986175537,True,2710.0,2710.0,0.05
560,wuf20-0602.mwcnf,20,71,54,6.308934450149536,True,2215.0,2215.0,0.08
561,wuf20-0603.mwcnf,20,71,500,59.089035511016846,False,2375.0,2240.0,0.08
562,wuf20-0604.mwcnf,20,71,7,0.9161546230316162,True,2463.0,2463.0,0.02
563,wuf20-0605.mwcnf,20,71,500,62.4730589389801,False,2989.0,2719.0,0.060000000000000005
564,wuf20-0606.mwcnf,20,71,500,54.88699769973755,False,2407.0,2081.0,0.07
565,wuf20-0607.mwcnf,20,71,20,2.975984573364258,True,2677.0,2677.0,0.04
566,wuf20-0608.mwcnf,20,71,500,54.35820388793945,False,2943.0,2528.0,0.08
567,wuf20-0609.mwcnf,20,71,500,55.670883655548096,False,2513.0,2163.0,0.07
568,wuf20-061.mwcnf,20,71,500,55.88949751853943,False,2489.0,2374.0,0.07
569,wuf20-0610.mwcnf,20,71,12,1.438849925994873,True,2294.0,2294.0,0.02
570,wuf20-0611.mwcnf,20,71,500,55.60884737968445,False,2735.0,2665.0,0.07
571,wuf20-0612.mwcnf,20,71,500,55.23758006095886,False,2671.0,2645.0,0.060000000000000005
572,wuf20-0613.mwcnf,20,71,500,56.921985149383545,False,2601.0,2311.0,0.060000000000000005
573,wuf20-0614.mwcnf,20,71,8,0.9706015586853027,True,2365.0,2365.0,0.02
574,wuf20-0615.mwcnf,20,71,500,56.99731159210205,False,2571.0,2190.0,0.08
575,wuf20-0616.mwcnf,20,71,500,58.14761924743652,False,2902.0,2045.0,0.060000000000000005
576,wuf20-0617.mwcnf,20,71,15,1.6030747890472412,True,2736.0,2736.0,0.02
577,wuf20-0618.mwcnf,20,71,25,2.6348462104797363,True,2379.0,2379.0,0.060000000000000005
578,wuf20-0619.mwcnf,20,71,10,1.1342227458953857,True,2741.0,2741.0,0.02
579,wuf20-062.mwcnf,20,71,500,54.78812313079834,False,2768.0,2279.0,0.060000000000000005
580,wuf20-0620.mwcnf,20,71,8,0.9644153118133545,True,2744.0,2744.0,0.02
581,wuf20-0621.mwcnf,20,71,9,1.0290982723236084,True,2502.0,2502.0,0.02
582,wuf20-0622.mwcnf,20,71,500,55.92508888244629,False,3407.0,2655.0,0.060000000000000005
583,wuf20-0623.mwcnf,20,71,9,1.1268491744995117,True,2509.0,2509.0,0.02
584,wuf20-0624.mwcnf,20,71,500,58.48648691177368,False,2742.0,2224.0,0.07
585,wuf20-0625.mwcnf,20,71,500,54.117098331451416,False,2414.0,2330.0,0.07
586,wuf20-0626.mwcnf,20,71,14,1.4184792041778564,True,2382.0,2382.0,0.03
587,wuf20-0627.mwcnf,20,71,305,34.751336097717285,True,2725.0,2725.0,0.08
588,wuf20-0628.mwcnf,20,71,10,1.173743724822998,True,2365.0,2365.0,0.02
589,wuf20-0629.mwcnf,20,71,500,58.26120638847351,False,2551.0,2386.0,0.07
590,wuf20-063.mwcnf,20,71,500,55.39192986488342,False,10785.0,9115.0,0.07
591,wuf20-0630.mwcnf,20,71,500,59.158777475357056,False,2414.0,2392.0,0.07
592,wuf20-0631.mwcnf,20,71,25,3.144470453262329,True,2570.0,2570.0,0.04
593,wuf20-0632.mwcnf,20,71,9,0.9199061393737793,True,2493.0,2493.0,0.02
594,wuf20-0633.mwcnf,20,71,12,1.438962459564209,True,2496.0,2496.0,0.03
595,wuf20-0634.mwcnf,20,71,500,56.64918065071106,False,2850.0,2811.0,0.07
596,wuf20-0635.mwcnf,20,71,59,6.896641492843628,True,2678.0,2678.0,0.08
597,wuf20-0636.mwcnf,20,71,9,0.9135775566101074,True,2772.0,2772.0,0.03
598,wuf20-0637.mwcnf,20,71,500,57.15261626243591,False,2689.0,2344.0,0.060000000000000005
599,wuf20-0638.mwcnf,20,71,9,0.9376482963562012,True,2627.0,2627.0,0.02
600,wuf20-0639.mwcnf,20,71,9,1.00506591796875,True,8997.0,8997.0,0.02
601,wuf20-064.mwcnf,20,71,13,1.2967948913574219,True,9580.0,9580.0,0.02
602,wuf20-0640.mwcnf,20,71,500,59.137089014053345,False,9514.0,7692.0,0.060000000000000005
603,wuf20-0641.mwcnf,20,71,7,1.1252965927124023,True,8301.0,8301.0,0.02
604,wuf20-0642.mwcnf,20,71,500,72.41858792304993,False,9464.0,8712.0,0.07
605,wuf20-0643.mwcnf,20,71,60,9.088250398635864,True,9348.0,9348.0,0.060000000000000005
606,wuf20-0644.mwcnf,20,71,137,18.083338975906372,True,8265.0,8265.0,0.09
607,wuf20-0645.mwcnf,20,71,500,73.79785799980164,False,10725.0,10699.0,0.08
608,wuf20-0646.mwcnf,20,71,500,77.04837107658386,False,10243.0,9724.0,0.060000000000000005
609,wuf20-0647.mwcnf,20,71,24,4.990765571594238,True,9193.0,9193.0,0.05
610,wuf20-0648.mwcnf,20,71,9,2.285618305206299,True,10835.0,10835.0,0.02
611,wuf20-0649.mwcnf,20,71,500,79.25581765174866,False,9931.0,8352.0,0.07
612,wuf20-065.mwcnf,20,71,9,1.4228105545043945,True,9504.0,9504.0,0.02
613,wuf20-0650.mwcnf,20,71,500,72.94857835769653,False,10301.0,8367.0,0.060000000000000005
614,wuf20-0651.mwcnf,20,71,12,1.7602591514587402,True,9038.0,9038.0,0.02
615,wuf20-0652.mwcnf,20,71,182,25.951104879379272,True,8815.0,8815.0,0.07
616,wuf20-0653.mwcnf,20,71,18,2.5477254390716553,True,10131.0,10131.0,0.03
617,wuf20-0654.mwcnf,20,71,500,69.65543961524963,False,10708.0,9972.0,0.07
618,wuf20-0655.mwcnf,20,71,13,1.939208745956421,True,9573.0,9573.0,0.03
619,wuf20-0656.mwcnf,20,71,500,71.32338905334473,False,9384.0,8531.0,0.07
620,wuf20-0657.mwcnf,20,71,9,1.5039710998535156,True,8407.0,8407.0,0.02
621,wuf20-0658.mwcnf,20,71,12,1.9701948165893555,True,9451.0,9451.0,0.02
622,wuf20-0659.mwcnf,20,71,57,9.35508131980896,True,9990.0,9990.0,0.04
623,wuf20-066.mwcnf,20,71,15,1.9725062847137451,True,8010.0,8010.0,0.03
624,wuf20-0660.mwcnf,20,71,500,71.10040307044983,False,9040.0,8627.0,0.07
625,wuf20-0661.mwcnf,20,71,8,2.232917070388794,True,7908.0,7908.0,0.02
626,wuf20-0662.mwcnf,20,71,13,2.7569375038146973,True,9242.0,9242.0,0.03
627,wuf20-0663.mwcnf,20,71,500,60.752328395843506,False,9371.0,8412.0,0.060000000000000005
628,wuf20-0664.mwcnf,20,71,500,53.00465369224548,False,8430.0,8306.0,0.08
629,wuf20-0665.mwcnf,20,71,299,32.51751446723938,True,9782.0,9782.0,0.08
630,wuf20-0666.mwcnf,20,71,500,59.42084217071533,False,9040.0,8570.0,0.07
631,wuf20-0667.mwcnf,20,71,8,0.90738844871521,True,9946.0,9946.0,0.02
632,wuf20-0668.mwcnf,20,71,500,58.7919979095459,False,8879.0,8291.0,0.09999999999999999
633,wuf20-0669.mwcnf,20,71,500,52.780396938323975,False,8842.0,8555.0,0.07
634,wuf20-067.mwcnf,20,71,500,53.50285816192627,False,11705.0,9077.0,0.060000000000000005
635,wuf20-0670.mwcnf,20,71,500,52.58556532859802,False,9902.0,8916.0,0.07
636,wuf20-0671.mwcnf,20,71,7,0.7181370258331299,True,10092.0,10092.0,0.02
637,wuf20-0672.mwcnf,20,71,500,52.29765057563782,False,10137.0,9602.0,0.060000000000000005
638,wuf20-0673.mwcnf,20,71,500,55.379069328308105,False,10473.0,8095.0,0.07
639,wuf20-0674.mwcnf,20,71,25,2.7186992168426514,True,8367.0,8367.0,0.05
640,wuf20-0675.mwcnf,20,71,500,54.45903992652893,False,9813.0,9085.0,0.09
641,wuf20-0676.mwcnf,20,71,13,1.2512612342834473,True,9198.0,9198.0,0.060000000000000005
642,wuf20-0677.mwcnf,20,71,10,1.3280353546142578,True,9414.0,9414.0,0.02
643,wuf20-0678.mwcnf,20,71,500,52.07197284698486,False,9275.0,9067.0,0.07
644,wuf20-0679.mwcnf,20,71,500,54.09873080253601,False,7857.0,7807.0,0.09999999999999999
645,wuf20-068.mwcnf,20,71,54,6.6604413986206055,True,9295.0,9295.0,0.07
646,wuf20-0680.mwcnf,20,71,500,56.53676438331604,False,9333.0,9318.0,0.09999999999999999
647,wuf20-0681.mwcnf,20,71,500,57.154090881347656,False,9092.0,8638.0,0.07
648,wuf20-0682.mwcnf,20,71,500,52.58432054519653,False,8863.0,8002.0,0.07
649,wuf20-0683.mwcnf,20,71,500,51.382914781570435,False,11517.0,7968.0,0.060000000000000005
650,wuf20-0684.mwcnf,20,71,500,52.967278480529785,False,8792.0,8755.0,0.07
651,wuf20-0685.mwcnf,20,71,500,51.59466338157654,False,9243.0,8093.0,0.07
652,wuf20-0686.mwcnf,20,71,500,52.88263297080994,False,8552.0,7213.0,0.08
653,wuf20-0687.mwcnf,20,71,500,52.539241790771484,False,11369.0,10372.0,0.08
654,wuf20-0688.mwcnf,20,71,500,51.6091673374176,False,9878.0,9693.0,0.07
655,wuf20-0689.mwcnf,20,71,500,51.18078422546387,False,9951.0,9290.0,0.08
656,wuf20-069.mwcnf,20,71,9,1.1765179634094238,True,9198.0,9198.0,0.02
657,wuf20-0690.mwcnf,20,71,9,1.3169951438903809,True,9280.0,9280.0,0.02
658,wuf20-0691.mwcnf,20,71,500,51.62603497505188,False,8022.0,8014.0,0.07
659,wuf20-0692.mwcnf,20,71,9,0.9720332622528076,True,8972.0,8972.0,0.02
660,wuf20-0693.mwcnf,20,71,500,55.62158441543579,False,8787.0,8262.0,0.07
661,wuf20-0694.mwcnf,20,71,500,56.91250205039978,False,10274.0,9208.0,0.060000000000000005
662,wuf20-0695.mwcnf,20,71,9,0.8306591510772705,True,9162.0,9162.0,0.02
663,wuf20-0696.mwcnf,20,71,310,35.55864596366882,True,8784.0,8784.0,0.060000000000000005
664,wuf20-0697.mwcnf,20,71,158,17.757486820220947,True,9431.0,9431.0,0.060000000000000005
665,wuf20-0698.mwcnf,20,71,500,52.810633420944214,False,9141.0,8340.0,0.09999999999999999
666,wuf20-0699.mwcnf,20,71,21,1.9893739223480225,True,9438.0,9438.0,0.03
667,wuf20-07.mwcnf,20,71,500,51.81820845603943,False,6526.0,6001.0,0.060000000000000005
668,wuf20-070.mwcnf,20,71,9,0.7994265556335449,True,8469.0,8469.0,0.02
669,wuf20-0700.mwcnf,20,71,17,1.5994153022766113,True,10018.0,10018.0,0.02
670,wuf20-0701.mwcnf,20,71,500,53.184895515441895,False,8778.0,8304.0,0.060000000000000005
671,wuf20-0702.mwcnf,20,71,19,2.1119203567504883,True,9295.0,9295.0,0.04
672,wuf20-0703.mwcnf,20,71,13,1.1760234832763672,True,9714.0,9714.0,0.02
673,wuf20-0704.mwcnf,20,71,500,52.7940034866333,False,10289.0,9653.0,0.08
674,wuf20-0705.mwcnf,20,71,48,5.014728784561157,True,7914.0,7914.0,0.060000000000000005
675,wuf20-0706.mwcnf,20,71,500,49.65909504890442,False,9315.0,9170.0,0.08
676,wuf20-0707.mwcnf,20,71,7,0.7364988327026367,True,8286.0,8286.0,0.02
677,wuf20-0708.mwcnf,20,71,9,0.8472018241882324,True,10002.0,10002.0,0.02
678,wuf20-0709.mwcnf,20,71,9,1.0658502578735352,True,8319.0,8319.0,0.02
679,wuf20-071.mwcnf,20,71,78,7.46650242805481,True,9276.0,9276.0,0.05
680,wuf20-0710.mwcnf,20,71,12,1.3018641471862793,True,10217.0,10217.0,0.03
681,wuf20-0711.mwcnf,20,71,500,53.30945611000061,False,10382.0,9781.0,0.060000000000000005
682,wuf20-0712.mwcnf,20,71,500,50.92809772491455,False,9726.0,8218.0,0.07
683,wuf20-0713.mwcnf,20,71,10,1.2002477645874023,True,9180.0,9180.0,0.02
684,wuf20-0714.mwcnf,20,71,8,1.0786595344543457,True,10228.0,10228.0,0.02
685,wuf20-0715.mwcnf,20,71,500,52.18657183647156,False,9991.0,8380.0,0.07
686,wuf20-0716.mwcnf,20,71,500,50.937493562698364,False,7567.0,7414.0,0.07
687,wuf20-0717.mwcnf,20,71,500,52.77909064292908,False,10028.0,8423.0,0.08
688,wuf20-0718.mwcnf,20,71,10,1.2021839618682861,True,9203.0,9203.0,0.02
689,wuf20-0719.mwcnf,20,71,500,52.20019006729126,False,8880.0,8699.0,0.07
690,wuf20-072.mwcnf,20,71,12,1.0501606464385986,True,9611.0,9611.0,0.04
691,wuf20-0720.mwcnf,20,71,7,0.8452243804931641,True,9689.0,9689.0,0.02
692,wuf20-0721.mwcnf,20,71,500,52.21959567070007,False,8252.0,7916.0,0.08
693,wuf20-0722.mwcnf,20,71,44,4.555136203765869,True,10162.0,10162.0,0.05
694,wuf20-0723.mwcnf,20,71,8,0.6901645660400391,True,8111.0,8111.0,0.02
695,wuf20-0724.mwcnf,20,71,8,0.79939866065979,True,8691.0,8691.0,0.02
696,wuf20-0725.mwcnf,20,71,6,0.6186807155609131,True,8453.0,8453.0,0.02
697,wuf20-0726.mwcnf,20,71,500,52.28590369224548,False,8527.0,8076.0,0.07
698,wuf20-0727.mwcnf,20,71,7,0.7057809829711914,True,9050.0,9050.0,0.02
699,wuf20-0728.mwcnf,20,71,7,0.768690824508667,True,10618.0,10618.0,0.02
700,wuf20-0729.mwcnf,20,71,500,60.058255195617676,False,8661.0,8418.0,0.060000000000000005
701,wuf20-073.mwcnf,20,71,11,1.3482449054718018,True,9160.0,9160.0,0.02
702,wuf20-0730.mwcnf,20,71,11,1.312398910522461,True,7527.0,7527.0,0.02
703,wuf20-0731.mwcnf,20,71,500,53.655011892318726,False,9546.0,8582.0,0.08
704,wuf20-0732.mwcnf,20,71,24,2.1481173038482666,True,9437.0,9437.0,0.05
705,wuf20-0733.mwcnf,20,71,500,55.73191261291504,False,9857.0,9103.0,0.07
706,wuf20-0734.mwcnf,20,71,10,0.9404308795928955,True,8380.0,8380.0,0.02
707,wuf20-0735.mwcnf,20,71,8,0.8200874328613281,True,7886.0,7886.0,0.02
708,wuf20-0736.mwcnf,20,71,500,52.29099774360657,False,9088.0,8834.0,0.07
709,wuf20-0737.mwcnf,20,71,500,53.565762758255005,False,9180.0,8144.0,0.060000000000000005
710,wuf20-0738.mwcnf,20,71,500,53.929100036621094,False,10951.0,9750.0,0.05
711,wuf20-0739.mwcnf,20,71,31,3.1834282875061035,True,8253.0,8253.0,0.05
712,wuf20-074.mwcnf,20,71,500,53.15878176689148,False,8749.0,8557.0,0.07
713,wuf20-0740.mwcnf,20,71,500,52.35915160179138,False,8835.0,8630.0,0.09999999999999999
714,wuf20-0741.mwcnf,20,71,500,55.137306451797485,False,9190.0,8955.0,0.060000000000000005
715,wuf20-0742.mwcnf,20,71,6,0.8311758041381836,True,9042.0,9042.0,0.02
716,wuf20-0743.mwcnf,20,71,8,1.254533290863037,True,9732.0,9732.0,0.02
717,wuf20-0744.mwcnf,20,71,500,52.66166281700134,False,9818.0,8443.0,0.09999999999999999
718,wuf20-0745.mwcnf,20,71,500,51.15477538108826,False,9020.0,8199.0,0.07
719,wuf20-0746.mwcnf,20,71,16,1.8772215843200684,True,9624.0,9624.0,0.04
720,wuf20-0747.mwcnf,20,71,9,0.8971867561340332,True,9259.0,9259.0,0.02
721,wuf20-0748.mwcnf,20,71,500,57.309292793273926,False,10307.0,8467.0,0.07
722,wuf20-0749.mwcnf,20,71,500,55.01190805435181,False,7482.0,7480.0,0.09999999999999999
723,wuf20-075.mwcnf,20,71,500,54.01970148086548,False,8541.0,8227.0,0.07
724,wuf20-0750.mwcnf,20,71,31,3.72301983833313,True,7985.0,7985.0,0.04
725,wuf20-0751.mwcnf,20,71,500,70.57372260093689,False,10078.0,9463.0,0.07
726,wuf20-0752.mwcnf,20,71,500,61.64161992073059,False,9538.0,8247.0,0.07
727,wuf20-0753.mwcnf,20,71,500,57.469531297683716,False,9982.0,9343.0,0.07
728,wuf20-0754.mwcnf,20,71,500,65.73070096969604,False,9119.0,9051.0,0.07
729,wuf20-0755.mwcnf,20,71,11,1.270677089691162,True,9715.0,9715.0,0.02
730,wuf20-0756.mwcnf,20,71,500,58.16628432273865,False,9082.0,8354.0,0.07
731,wuf20-0757.mwcnf,20,71,8,0.8133740425109863,True,9027.0,9027.0,0.02
732,wuf20-0758.mwcnf,20,71,35,3.8961641788482666,True,8776.0,8776.0,0.060000000000000005
733,wuf20-0759.mwcnf,20,71,84,10.690943002700806,True,8182.0,8182.0,0.060000000000000005
734,wuf20-076.mwcnf,20,71,92,9.885917901992798,True,10077.0,10077.0,0.09
735,wuf20-0760.mwcnf,20,71,500,56.517982721328735,False,10047.0,7723.0,0.07
736,wuf20-0761.mwcnf,20,71,7,0.7807848453521729,True,9033.0,9033.0,0.02
737,wuf20-0762.mwcnf,20,71,9,1.0156667232513428,True,8051.0,8051.0,0.02
738,wuf20-0763.mwcnf,20,71,8,0.7658076286315918,True,8615.0,8615.0,0.02
739,wuf20-0764.mwcnf,20,71,500,59.765875816345215,False,8271.0,7871.0,0.09
740,wuf20-0765.mwcnf,20,71,9,1.036414623260498,True,8168.0,8168.0,0.02
741,wuf20-0766.mwcnf,20,71,500,56.981821060180664,False,10340.0,10317.0,0.060000000000000005
742,wuf20-0767.mwcnf,20,71,500,57.362548828125,False,9756.0,8669.0,0.08
743,wuf20-0768.mwcnf,20,71,500,56.743388175964355,False,8601.0,8409.0,0.060000000000000005
744,wuf20-0769.mwcnf,20,71,500,58.75346040725708,False,9455.0,8317.0,0.060000000000000005
745,wuf20-077.mwcnf,20,71,11,1.251868486404419,True,7677.0,7677.0,0.02
746,wuf20-0770.mwcnf,20,71,14,1.626577615737915,True,10689.0,10689.0,0.03
747,wuf20-0771.mwcnf,20,71,9,1.03629469871521,True,8945.0,8945.0,0.02
748,wuf20-0772.mwcnf,20,71,8,0.9024848937988281,True,8892.0,8892.0,0.02
749,wuf20-0773.mwcnf,20,71,500,62.22466850280762,False,9533.0,8824.0,0.060000000000000005
750,wuf20-0774.mwcnf,20,71,8,1.017183542251587,True,5688.0,5688.0,0.02
751,wuf20-0775.mwcnf,20,71,500,63.26011538505554,False,7031.0,5284.0,0.060000000000000005
752,wuf20-0776.mwcnf,20,71,500,62.486398696899414,False,7205.0,6839.0,0.08
753,wuf20-0777.mwcnf,20,71,9,1.2491850852966309,True,6153.0,6153.0,0.02
754,wuf20-0778.mwcnf,20,71,500,61.937445402145386,False,7556.0,5755.0,0.060000000000000005
755,wuf20-0779.mwcnf,20,71,500,58.19285035133362,False,6973.0,5755.0,0.08
756,wuf20-078.mwcnf,20,71,9,1.1345691680908203,True,6439.0,6439.0,0.03
757,wuf20-0780.mwcnf,20,71,8,0.88028883934021,True,5784.0,5784.0,0.02
758,wuf20-0781.mwcnf,20,71,500,57.13946843147278,False,5753.0,5737.0,0.10999999999999999
759,wuf20-0782.mwcnf,20,71,16,1.5485634803771973,True,5787.0,5787.0,0.05
760,wuf20-0783.mwcnf,20,71,10,0.9397745132446289,True,7227.0,7227.0,0.02
761,wuf20-0784.mwcnf,20,71,500,56.56199622154236,False,7238.0,6844.0,0.060000000000000005
762,wuf20-0785.mwcnf,20,71,500,56.052727460861206,False,6095.0,5529.0,0.060000000000000005
763,wuf20-0786.mwcnf,20,71,10,1.400057315826416,True,6224.0,6224.0,0.02
764,wuf20-0787.mwcnf,20,71,7,0.9542582035064697,True,6183.0,6183.0,0.02
765,wuf20-0788.mwcnf,20,71,12,1.5613932609558105,True,6719.0,6719.0,0.02
766,wuf20-0789.mwcnf,20,71,500,58.66200828552246,False,5146.0,4976.0,0.08
767,wuf20-079.mwcnf,20,71,500,59.143235206604004,False,7963.0,6118.0,0.07
768,wuf20-0790.mwcnf,20,71,5,0.8172147274017334,True,6239.0,6239.0,0.02
769,wuf20-0791.mwcnf,20,71,500,63.30957865715027,False,6182.0,5060.0,0.07
770,wuf20-0792.mwcnf,20,71,500,57.169631004333496,False,6607.0,6290.0,0.07
771,wuf20-0793.mwcnf,20,71,108,13.40322470664978,True,6843.0,6843.0,0.07
772,wuf20-0794.mwcnf,20,71,8,0.8304901123046875,True,5432.0,5432.0,0.02
773,wuf20-0795.mwcnf,20,71,500,67.69090270996094,False,6084.0,6083.0,0.09
774,wuf20-0796.mwcnf,20,71,8,0.7530908584594727,True,5405.0,5405.0,0.02
775,wuf20-0797.mwcnf,20,71,15,1.6652326583862305,True,7229.0,7229.0,0.02
776,wuf20-0798.mwcnf,20,71,9,1.3644161224365234,True,4943.0,4943.0,0.02
777,wuf20-0799.mwcnf,20,71,60,7.100484371185303,True,7031.0,7031.0,0.060000000000000005
778,wuf20-08.mwcnf,20,71,500,54.93152928352356,False,5638.0,5581.0,0.08
779,wuf20-080.mwcnf,20,71,500,53.53884172439575,False,6895.0,6574.0,0.09999999999999999
780,wuf20-0800.mwcnf,20,71,447,50.49633026123047,True,5946.0,5946.0,0.07
781,wuf20-0801.mwcnf,20,71,6,0.5804235935211182,True,6008.0,6008.0,0.02
782,wuf20-0802.mwcnf,20,71,500,54.68742513656616,False,7410.0,7376.0,0.08
783,wuf20-0803.mwcnf,20,71,500,68.51654362678528,False,6043.0,5920.0,0.08
784,wuf20-0804.mwcnf,20,71,500,74.25337195396423,False,6800.0,6780.0,0.08
785,wuf20-0805.mwcnf,20,71,8,1.3493266105651855,True,6228.0,6228.0,0.02
786,wuf20-0806.mwcnf,20,71,9,1.240647315979004,True,5288.0,5288.0,0.02
787,wuf20-0807.mwcnf,20,71,9,1.2858505249023438,True,7714.0,7714.0,0.02
788,wuf20-0808.mwcnf,20,71,500,71.55069041252136,False,7870.0,5965.0,0.060000000000000005
789,wuf20-0809.mwcnf,20,71,10,1.4590284824371338,True,6790.0,6790.0,0.02
790,wuf20-081.mwcnf,20,71,11,1.5365352630615234,True,6270.0,6270.0,0.02
791,wuf20-0810.mwcnf,20,71,500,74.5438060760498,False,7975.0,5265.0,0.08
792,wuf20-0811.mwcnf,20,71,8,1.5525379180908203,True,6078.0,6078.0,0.02
793,wuf20-0812.mwcnf,20,71,63,12.434604167938232,True,6328.0,6328.0,0.05
794,wuf20-0813.mwcnf,20,71,8,1.1750032901763916,True,6489.0,6489.0,0.02
795,wuf20-0814.mwcnf,20,71,500,73.4294011592865,False,6569.0,6304.0,0.07
796,wuf20-0815.mwcnf,20,71,7,0.9717240333557129,True,6303.0,6303.0,0.02
797,wuf20-0816.mwcnf,20,71,4,0.5644533634185791,True,6248.0,6248.0,0.02
798,wuf20-0817.mwcnf,20,71,500,69.8006603717804,False,6689.0,6173.0,0.060000000000000005
799,wuf20-0818.mwcnf,20,71,500,69.74576473236084,False,6299.0,6117.0,0.060000000000000005
800,wuf20-0819.mwcnf,20,71,13,1.677941083908081,True,6279.0,6279.0,0.03
801,wuf20-082.mwcnf,20,71,500,72.4874894618988,False,7567.0,5356.0,0.09999999999999999
802,wuf20-0820.mwcnf,20,71,14,1.9603850841522217,True,6972.0,6972.0,0.03
803,wuf20-0821.mwcnf,20,71,500,71.97816371917725,False,5746.0,5578.0,0.060000000000000005
804,wuf20-0822.mwcnf,20,71,15,2.0544610023498535,True,7650.0,7650.0,0.02
805,wuf20-0823.mwcnf,20,71,100,13.510382175445557,True,6782.0,6782.0,0.05
806,wuf20-0824.mwcnf,20,71,500,70.07351779937744,False,6677.0,6301.0,0.07
807,wuf20-0825.mwcnf,20,71,20,2.7611122131347656,True,6664.0,6664.0,0.04
808,wuf20-0826.mwcnf,20,71,12,1.6775400638580322,True,6106.0,6106.0,0.02
809,wuf20-0827.mwcnf,20,71,9,1.453000783920288,True,6214.0,6214.0,0.02
810,wuf20-0828.mwcnf,20,71,500,70.70763897895813,False,6908.0,5779.0,0.07
811,wuf20-0829.mwcnf,20,71,17,1.991697072982788,True,7329.0,7329.0,0.03
812,wuf20-083.mwcnf,20,71,9,1.2542312145233154,True,5478.0,5478.0,0.02
813,wuf20-0830.mwcnf,20,71,8,1.1135516166687012,True,6491.0,6491.0,0.02
814,wuf20-0831.mwcnf,20,71,11,1.5725302696228027,True,6599.0,6599.0,0.03
815,wuf20-0832.mwcnf,20,71,10,1.405522346496582,True,5785.0,5785.0,0.02
816,wuf20-0833.mwcnf,20,71,500,76.23722529411316,False,6624.0,6500.0,0.060000000000000005
817,wuf20-0834.mwcnf,20,71,500,73.46435284614563,False,5890.0,5805.0,0.060000000000000005
818,wuf20-0835.mwcnf,20,71,9,1.3608202934265137,True,6241.0,6241.0,0.02
819,wuf20-0836.mwcnf,20,71,500,68.2849326133728,False,5754.0,5138.0,0.08
820,wuf20-0837.mwcnf,20,71,500,71.06284475326538,False,6571.0,6250.0,0.060000000000000005
821,wuf20-0838.mwcnf,20,71,14,1.803302526473999,True,7930.0,7930.0,0.02
822,wuf20-0839.mwcnf,20,71,500,69.82719540596008,False,7696.0,5046.0,0.060000000000000005
823,wuf20-084.mwcnf,20,71,500,71.63338112831116,False,6153.0,5807.0,0.09
824,wuf20-0840.mwcnf,20,71,500,67.74798798561096,False,5808.0,5698.0,0.07
825,wuf20-0841.mwcnf,20,71,500,72.7686779499054,False,6851.0,6412.0,0.07
826,wuf20-0842.mwcnf,20,71,7,0.8624448776245117,True,6331.0,6331.0,0.02
827,wuf20-0843.mwcnf,20,71,7,0.9560742378234863,True,6440.0,6440.0,0.02
828,wuf20-0844.mwcnf,20,71,7,0.9661352634429932,True,6355.0,6355.0,0.02
829,wuf20-0845.mwcnf,20,71,11,1.442906141281128,True,6593.0,6593.0,0.02
830,wuf20-0846.mwcnf,20,71,8,1.1131041049957275,True,6389.0,6389.0,0.02
831,wuf20-0847.mwcnf,20,71,500,70.29393768310547,False,5649.0,5496.0,0.07
832,wuf20-0848.mwcnf,20,71,6,0.9632072448730469,True,5574.0,5574.0,0.02
833,wuf20-0849.mwcnf,20,71,9,1.4111878871917725,True,5919.0,5919.0,0.02
834,wuf20-085.mwcnf,20,71,34,4.738514184951782,True,5901.0,5901.0,0.060000000000000005
835,wuf20-0850.mwcnf,20,71,9,1.0977795124053955,True,5875.0,5875.0,0.02
836,wuf20-0851.mwcnf,20,71,500,71.16598653793335,False,7072.0,6515.0,0.07
837,wuf20-0852.mwcnf,20,71,18,2.746143341064453,True,6700.0,6700.0,0.04
838,wuf20-0853.mwcnf,20,71,9,1.54709792137146,True,7072.0,7072.0,0.02
839,wuf20-0854.mwcnf,20,71,500,71.43428301811218,False,6451.0,5869.0,0.060000000000000005
840,wuf20-0855.mwcnf,20,71,10,1.1995182037353516,True,5919.0,5919.0,0.02
841,wuf20-0856.mwcnf,20,71,500,75.79781460762024,False,7263.0,6864.0,0.060000000000000005
842,wuf20-0857.mwcnf,20,71,500,69.78715252876282,False,6697.0,5264.0,0.060000000000000005
843,wuf20-0858.mwcnf,20,71,500,50.80106472969055,False,6182.0,6060.0,0.060000000000000005
844,wuf20-0859.mwcnf,20,71,10,0.9097113609313965,True,6285.0,6285.0,0.02
845,wuf20-086.mwcnf,20,71,4,0.39164090156555176,True,6723.0,6723.0,0.02
846,wuf20-0860.mwcnf,20,71,500,50.885791301727295,False,6040.0,5744.0,0.060000000000000005
847,wuf20-0861.mwcnf,20,71,500,50.63728046417236,False,7283.0,5857.0,0.060000000000000005
848,wuf20-0862.mwcnf,20,71,20,2.4311106204986572,True,7861.0,7861.0,0.04
849,wuf20-0863.mwcnf,20,71,19,1.8657810688018799,True,7667.0,7667.0,0.03
850,wuf20-0864.mwcnf,20,71,10,0.8159713745117188,True,6276.0,6276.0,0.02
851,wuf20-0865.mwcnf,20,71,500,55.73970031738281,False,6278.0,5989.0,0.060000000000000005
852,wuf20-0866.mwcnf,20,71,500,50.83540439605713,False,6959.0,6090.0,0.07
853,wuf20-0867.mwcnf,20,71,500,60.693793296813965,False,5178.0,5155.0,0.08
854,wuf20-0868.mwcnf,20,71,500,56.28438758850098,False,7288.0,7163.0,0.09
855,wuf20-0869.mwcnf,20,71,500,51.34088206291199,False,5841.0,5576.0,0.07
856,wuf20-087.mwcnf,20,71,500,50.73820352554321,False,6500.0,5883.0,0.07
857,wuf20-0870.mwcnf,20,71,13,1.4895684719085693,True,5850.0,5850.0,0.02
858,wuf20-0871.mwcnf,20,71,500,52.04830265045166,False,6297.0,5781.0,0.08
859,wuf20-0872.mwcnf,20,71,500,52.97315454483032,False,6898.0,6319.0,0.07
860,wuf20-0873.mwcnf,20,71,500,51.925636768341064,False,6115.0,5481.0,0.10999999999999999
861,wuf20-0874.mwcnf,20,71,500,49.46115231513977,False,6100.0,5972.0,0.09
862,wuf20-0875.mwcnf,20,71,500,50.28219556808472,False,7013.0,5965.0,0.07
863,wuf20-0876.mwcnf,20,71,17,1.6646711826324463,True,7415.0,7415.0,0.03
864,wuf20-0877.mwcnf,20,71,500,55.26025152206421,False,6238.0,6019.0,0.060000000000000005
865,wuf20-0878.mwcnf,20,71,500,56.05535531044006,False,6555.0,5654.0,0.07
866,wuf20-0879.mwcnf,20,71,500,57.55906963348389,False,5338.0,5196.0,0.07
867,wuf20-088.mwcnf,20,71,500,56.68030595779419,False,6474.0,5862.0,0.08
868,wuf20-0880.mwcnf,20,71,500,56.449010610580444,False,6842.0,6229.0,0.060000000000000005
869,wuf20-0881.mwcnf,20,71,423,45.03592324256897,True,7273.0,7273.0,0.060000000000000005
870,wuf20-0882.mwcnf,20,71,9,0.9254271984100342,True,5445.0,5445.0,0.02
871,wuf20-0883.mwcnf,20,71,25,2.491909980773926,True,7433.0,7433.0,0.05
872,wuf20-0884.mwcnf,20,71,10,0.8936893939971924,True,6395.0,6395.0,0.02
873,wuf20-0885.mwcnf,20,71,22,2.4148950576782227,True,7099.0,7099.0,0.04
874,wuf20-0886.mwcnf,20,71,10,1.01893949508667,True,5204.0,5204.0,0.02
875,wuf20-0887.mwcnf,20,71,500,54.09574770927429,False,5778.0,5610.0,0.060000000000000005
876,wuf20-0888.mwcnf,20,71,11,1.0195424556732178,True,6612.0,6612.0,0.02
877,wuf20-0889.mwcnf,20,71,11,1.2072172164916992,True,5341.0,5341.0,0.02
878,wuf20-089.mwcnf,20,71,22,2.33683705329895,True,6994.0,6994.0,0.04
879,wuf20-0890.mwcnf,20,71,500,50.41000747680664,False,5959.0,5256.0,0.060000000000000005
880,wuf20-0891.mwcnf,20,71,22,2.5091731548309326,True,6727.0,6727.0,0.04
881,wuf20-0892.mwcnf,20,71,8,0.8205552101135254,True,5971.0,5971.0,0.02
882,wuf20-0893.mwcnf,20,71,18,1.8032832145690918,True,6530.0,6530.0,0.03
883,wuf20-0894.mwcnf,20,71,10,1.1916742324829102,True,6074.0,6074.0,0.02
884,wuf20-0895.mwcnf,20,71,121,12.361722230911255,True,6060.0,6060.0,0.060000000000000005
885,wuf20-0896.mwcnf,20,71,500,55.84816265106201,False,6424.0,6067.0,0.060000000000000005
886,wuf20-0897.mwcnf,20,71,13,1.348228931427002,True,6604.0,6604.0,0.02
887,wuf20-0898.mwcnf,20,71,500,53.57309341430664,False,6366.0,6119.0,0.060000000000000005
888,wuf20-0899.mwcnf,20,71,500,53.959068775177,False,5893.0,5522.0,0.08
889,wuf20-09.mwcnf,20,71,11,1.1759393215179443,True,9018.0,9018.0,0.02
890,wuf20-090.mwcnf,20,71,8,0.8940632343292236,True,9876.0,9876.0,0.02
891,wuf20-0900.mwcnf,20,71,500,54.64081692695618,False,6336.0,5529.0,0.08
892,wuf20-0901.mwcnf,20,71,8,0.9767227172851562,True,5831.0,5831.0,0.02
893,wuf20-0902.mwcnf,20,71,22,2.4029030799865723,True,6784.0,6784.0,0.03
894,wuf20-0903.mwcnf,20,71,500,57.52937173843384,False,5877.0,5856.0,0.060000000000000005
895,wuf20-0904.mwcnf,20,71,8,0.8791599273681641,True,6500.0,6500.0,0.02
896,wuf20-0905.mwcnf,20,71,500,58.03492045402527,False,7382.0,6020.0,0.09
897,wuf20-0906.mwcnf,20,71,500,55.32930612564087,False,7627.0,7260.0,0.07
898,wuf20-0907.mwcnf,20,71,500,54.96674966812134,False,6262.0,6206.0,0.07
899,wuf20-0908.mwcnf,20,71,500,54.65536308288574,False,8790.0,8281.0,0.08
900,wuf20-0909.mwcnf,20,71,500,55.05079007148743,False,9282.0,8222.0,0.08
901,wuf20-091.mwcnf,20,71,500,53.20242261886597,False,8886.0,8313.0,0.060000000000000005
902,wuf20-0910.mwcnf,20,71,500,52.86674785614014,False,9128.0,8755.0,0.060000000000000005
903,wuf20-0911.mwcnf,20,71,9,0.8156144618988037,True,11409.0,11409.0,0.02
904,wuf20-0912.mwcnf,20,71,27,4.280447483062744,True,10433.0,10433.0,0.04
905,wuf20-0913.mwcnf,20,71,500,56.89856743812561,False,8876.0,8855.0,0.08
906,wuf20-0914.mwcnf,20,71,500,54.047993183135986,False,9915.0,8895.0,0.07
907,wuf20-0915.mwcnf,20,71,11,1.081899881362915,True,9203.0,9203.0,0.02
908,wuf20-0916.mwcnf,20,71,9,0.9252777099609375,True,8675.0,8675.0,0.02
909,wuf20-0917.mwcnf,20,71,500,54.18315529823303,False,9619.0,9128.0,0.060000000000000005
910,wuf20-0918.mwcnf,20,71,500,55.277753829956055,False,7686.0,7649.0,0.07
911,wuf20-0919.mwcnf,20,71,500,55.34295582771301,False,8351.0,8077.0,0.07
912,wuf20-092.mwcnf,20,71,9,1.0349831581115723,True,8377.0,8377.0,0.02
913,wuf20-0920.mwcnf,20,71,8,0.8468077182769775,True,8652.0,8652.0,0.02
914,wuf20-0921.mwcnf,20,71,10,1.0974266529083252,True,8605.0,8605.0,0.02
915,wuf20-0922.mwcnf,20,71,8,0.7845399379730225,True,8682.0,8682.0,0.02
916,wuf20-0923.mwcnf,20,71,7,0.9720823764801025,True,8151.0,8151.0,0.02
917,wuf20-0924.mwcnf,20,71,500,55.00586748123169,False,7890.0,7441.0,0.08
918,wuf20-0925.mwcnf,20,71,13,1.3642408847808838,True,10474.0,10474.0,0.02
919,wuf20-0926.mwcnf,20,71,10,1.0657711029052734,True,8622.0,8622.0,0.02
920,wuf20-0927.mwcnf,20,71,410,43.75914716720581,True,8910.0,8910.0,0.060000000000000005
921,wuf20-0928.mwcnf,20,71,10,0.9248075485229492,True,9511.0,9511.0,0.02
922,wuf20-0929.mwcnf,20,71,32,3.5800511837005615,True,8745.0,8745.0,0.05
923,wuf20-093.mwcnf,20,71,500,52.498098373413086,False,8782.0,8267.0,0.07
924,wuf20-0930.mwcnf,20,71,11,1.0668399333953857,True,8898.0,8898.0,0.02
925,wuf20-0931.mwcnf,20,71,500,54.016881465911865,False,8755.0,7972.0,0.07
926,wuf20-0932.mwcnf,20,71,65,7.009073495864868,True,9920.0,9920.0,0.060000000000000005
927,wuf20-0933.mwcnf,20,71,500,54.21326470375061,False,7936.0,7491.0,0.07
928,wuf20-0934.mwcnf,20,71,5,0.4411656856536865,True,7725.0,7725.0,0.02
929,wuf20-0935.mwcnf,20,71,8,0.9409482479095459,True,9873.0,9873.0,0.02
930,wuf20-0936.mwcnf,20,71,500,53.489691495895386,False,10234.0,8832.0,0.08
931,wuf20-0937.mwcnf,20,71,500,52.781365633010864,False,9060.0,8383.0,0.060000000000000005
932,wuf20-0938.mwcnf,20,71,500,54.34698963165283,False,10382.0,9410.0,0.07
933,wuf20-0939.mwcnf,20,71,500,53.128052711486816,False,10489.0,8895.0,0.07
934,wuf20-094.mwcnf,20,71,500,54.6488516330719,False,8794.0,8439.0,0.060000000000000005
935,wuf20-0940.mwcnf,20,71,11,1.2072410583496094,True,9411.0,9411.0,0.02
936,wuf20-0941.mwcnf,20,71,8,1.0205073356628418,True,9429.0,9429.0,0.02
937,wuf20-0942.mwcnf,20,71,8,0.830690860748291,True,10564.0,10564.0,0.02
938,wuf20-0943.mwcnf,20,71,500,53.99557971954346,False,9761.0,8947.0,0.07
939,wuf20-0944.mwcnf,20,71,7,0.767763614654541,True,9453.0,9453.0,0.02
940,wuf20-0945.mwcnf,20,71,500,54.35413384437561,False,9513.0,8477.0,0.060000000000000005
941,wuf20-0946.mwcnf,20,71,23,2.3688852787017822,True,8878.0,8878.0,0.03
942,wuf20-0947.mwcnf,20,71,13,1.5208806991577148,True,10443.0,10443.0,0.02
943,wuf20-0948.mwcnf,20,71,9,0.8780455589294434,True,8438.0,8438.0,0.02
944,wuf20-0949.mwcnf,20,71,500,52.52893280982971,False,8670.0,8355.0,0.060000000000000005
945,wuf20-095.mwcnf,20,71,6,0.6870701313018799,True,8379.0,8379.0,0.02
946,wuf20-0950.mwcnf,20,71,7,0.8940913677215576,True,8537.0,8537.0,0.02
947,wuf20-0951.mwcnf,20,71,11,1.2387514114379883,True,8648.0,8648.0,0.02
948,wuf20-0952.mwcnf,20,71,500,56.6837739944458,False,10277.0,8835.0,0.08
949,wuf20-0953.mwcnf,20,71,57,5.870196580886841,True,11257.0,11257.0,0.07
950,wuf20-0954.mwcnf,20,71,500,50.375603675842285,False,8304.0,7403.0,0.08
951,wuf20-0955.mwcnf,20,71,21,2.2422783374786377,True,9976.0,9976.0,0.07
952,wuf20-0956.mwcnf,20,71,500,53.2576630115509,False,8806.0,7508.0,0.07
953,wuf20-0957.mwcnf,20,71,12,1.207266092300415,True,9540.0,9540.0,0.02
954,wuf20-0958.mwcnf,20,71,500,52.17483162879944,False,8550.0,8534.0,0.060000000000000005
955,wuf20-0959.mwcnf,20,71,500,53.11621928215027,False,8653.0,8052.0,0.07
956,wuf20-096.mwcnf,20,71,16,1.8632280826568604,True,9927.0,9927.0,0.03
957,wuf20-0960.mwcnf,20,71,500,45.977540254592896,False,8082.0,7627.0,0.060000000000000005
958,wuf20-0961.mwcnf,20,71,500,44.282835483551025,False,8206.0,8086.0,0.07
959,wuf20-0962.mwcnf,20,71,500,44.2356071472168,False,10009.0,8506.0,0.060000000000000005
960,wuf20-0963.mwcnf,20,71,12,1.0508060455322266,True,9492.0,9492.0,0.02
961,wuf20-0964.mwcnf,20,71,131,11.441048622131348,True,8683.0,8683.0,0.07
962,wuf20-0965.mwcnf,20,71,8,0.7058780193328857,True,10927.0,10927.0,0.02
963,wuf20-0966.mwcnf,20,71,9,0.7365128993988037,True,8707.0,8707.0,0.02
964,wuf20-0967.mwcnf,20,71,500,44.52631902694702,False,8122.0,7471.0,0.07
965,wuf20-0968.mwcnf,20,71,500,44.66054153442383,False,8024.0,7221.0,0.07
966,wuf20-0969.mwcnf,20,71,10,1.4111626148223877,True,8395.0,8395.0,0.02
967,wuf20-097.mwcnf,20,71,500,44.1802818775177,False,8571.0,8010.0,0.07
968,wuf20-0970.mwcnf,20,71,500,43.00113391876221,False,7773.0,7664.0,0.060000000000000005
969,wuf20-0971.mwcnf,20,71,500,45.08332324028015,False,10579.0,8060.0,0.07
970,wuf20-0972.mwcnf,20,71,12,1.1026136875152588,True,8652.0,8652.0,0.03
971,wuf20-0973.mwcnf,20,71,76,6.9960527420043945,True,8378.0,8378.0,0.07
972,wuf20-0974.mwcnf,20,71,500,42.82628011703491,False,9118.0,6926.0,0.07
973,wuf20-0975.mwcnf,20,71,11,1.0033559799194336,True,8827.0,8827.0,0.02
974,wuf20-0976.mwcnf,20,71,18,1.4588282108306885,True,8560.0,8560.0,0.05
975,wuf20-0977.mwcnf,20,71,8,0.6745429039001465,True,9166.0,9166.0,0.02
976,wuf20-0978.mwcnf,20,71,97,8.264905452728271,True,8657.0,8657.0,0.08
977,wuf20-0979.mwcnf,20,71,12,0.9721591472625732,True,9272.0,9272.0,0.03
978,wuf20-098.mwcnf,20,71,500,45.0639865398407,False,9496.0,9294.0,0.060000000000000005
979,wuf20-0980.mwcnf,20,71,32,2.7325103282928467,True,9356.0,9356.0,0.03
980,wuf20-0981.mwcnf,20,71,500,44.75322461128235,False,8604.0,8167.0,0.07
981,wuf20-0982.mwcnf,20,71,500,43.947521686553955,False,9354.0,8601.0,0.060000000000000005
982,wuf20-0983.mwcnf,20,71,500,43.735087394714355,False,10091.0,8682.0,0.09
983,wuf20-0984.mwcnf,20,71,12,1.0502305030822754,True,7758.0,7758.0,0.03
984,wuf20-0985.mwcnf,20,71,8,0.6694848537445068,True,8454.0,8454.0,0.02
985,wuf20-0986.mwcnf,20,71,26,2.681368589401245,True,9109.0,9109.0,0.05
986,wuf20-0987.mwcnf,20,71,500,46.39370584487915,False,8467.0,8140.0,0.07
987,wuf20-0988.mwcnf,20,71,500,45.0202374458313,False,10304.0,10084.0,0.07
988,wuf20-0989.mwcnf,20,71,51,4.518455266952515,True,8361.0,8361.0,0.05
989,wuf20-099.mwcnf,20,71,500,51.80719327926636,False,9458.0,9117.0,0.060000000000000005
990,wuf20-0990.mwcnf,20,71,13,1.0194292068481445,True,8912.0,8912.0,0.03
991,wuf20-0991.mwcnf,20,71,9,0.8464100360870361,True,9508.0,9508.0,0.02
992,wuf20-0992.mwcnf,20,71,27,2.509481430053711,True,8993.0,8993.0,0.04
993,wuf20-0993.mwcnf,20,71,8,0.8805379867553711,True,8555.0,8555.0,0.02
994,wuf20-0994.mwcnf,20,71,34,3.193455934524536,True,9257.0,9257.0,0.05
995,wuf20-0995.mwcnf,20,71,26,2.3209493160247803,True,8812.0,8812.0,0.03
996,wuf20-0996.mwcnf,20,71,11,1.1287951469421387,True,9325.0,9325.0,0.02
997,wuf20-0997.mwcnf,20,71,7,0.8546185493469238,True,9530.0,9530.0,0.02
998,wuf20-0998.mwcnf,20,71,10,1.1196238994598389,True,10413.0,10413.0,0.02
999,wuf20-0999.mwcnf,20,71,69,6.146509647369385,True,8828.0,8828.0,0.060000000000000005
