,Task,numVariables,numClauses,endGeneration,Duration,isSolutionFound,optWeight,bestWeight,maxMutation
0,wuf75-01.mwcnf,75,325,500,202.98455905914307,False,140337.0,0.0,0.3000000000000001
1,wuf75-010.mwcnf,75,325,500,223.41804146766663,False,201125.0,0.0,0.3000000000000001
2,wuf75-0100.mwcnf,75,325,500,207.71897292137146,False,286699.0,0.0,0.3000000000000001
3,wuf75-011.mwcnf,75,325,500,214.86448764801025,False,263619.0,0.0,0.3000000000000001
4,wuf75-012.mwcnf,75,325,500,220.58514642715454,False,281971.0,0.0,0.3000000000000001
5,wuf75-013.mwcnf,75,325,500,227.69623231887817,False,169300.0,0.0,0.3000000000000001
6,wuf75-014.mwcnf,75,325,500,231.8545274734497,False,164678.0,0.0,0.3000000000000001
7,wuf75-015.mwcnf,75,325,500,234.9879071712494,False,179110.0,0.0,0.3000000000000001
8,wuf75-016.mwcnf,75,325,500,215.31204223632812,False,171871.0,0.0,0.3000000000000001
9,wuf75-017.mwcnf,75,325,500,227.85362911224365,False,145903.0,0.0,0.3000000000000001
10,wuf75-018.mwcnf,75,325,500,181.25957798957825,False,152104.0,0.0,0.3000000000000001
11,wuf75-019.mwcnf,75,325,500,203.80145978927612,False,176870.0,0.0,0.3000000000000001
12,wuf75-02.mwcnf,75,325,500,215.91844749450684,False,184708.0,0.0,0.3000000000000001
13,wuf75-020.mwcnf,75,325,500,226.0217318534851,False,216088.0,0.0,0.3000000000000001
14,wuf75-021.mwcnf,75,325,500,228.6069619655609,False,196787.0,0.0,0.3000000000000001
15,wuf75-022.mwcnf,75,325,500,222.82636046409607,False,169603.0,0.0,0.3000000000000001
16,wuf75-023.mwcnf,75,325,500,207.94362902641296,False,157526.0,0.0,0.3000000000000001
17,wuf75-024.mwcnf,75,325,500,216.21541452407837,False,139845.0,0.0,0.3000000000000001
18,wuf75-025.mwcnf,75,325,500,205.01102662086487,False,197105.0,0.0,0.3000000000000001
19,wuf75-026.mwcnf,75,325,500,205.8468635082245,False,131533.0,0.0,0.3000000000000001
20,wuf75-027.mwcnf,75,325,500,206.01875400543213,False,139751.0,0.0,0.3000000000000001
21,wuf75-028.mwcnf,75,325,500,206.6318895816803,False,173771.0,0.0,0.3000000000000001
22,wuf75-029.mwcnf,75,325,500,208.66976284980774,False,114718.0,0.0,0.3000000000000001
23,wuf75-03.mwcnf,75,325,500,208.9409899711609,False,167642.0,0.0,0.3000000000000001
24,wuf75-030.mwcnf,75,325,500,203.6428461074829,False,155950.0,0.0,0.3000000000000001
25,wuf75-031.mwcnf,75,325,500,203.92955470085144,False,179747.0,0.0,0.3000000000000001
26,wuf75-032.mwcnf,75,325,500,182.1456139087677,False,173305.0,0.0,0.3000000000000001
27,wuf75-033.mwcnf,75,325,500,178.93137550354004,False,140294.0,0.0,0.3000000000000001
28,wuf75-034.mwcnf,75,325,500,178.04251289367676,False,138425.0,0.0,0.3000000000000001
29,wuf75-035.mwcnf,75,325,500,176.80123710632324,False,190014.0,0.0,0.3000000000000001
30,wuf75-036.mwcnf,75,325,500,178.8485028743744,False,191481.0,0.0,0.3000000000000001
31,wuf75-037.mwcnf,75,325,500,181.27488017082214,False,187636.0,0.0,0.3000000000000001
32,wuf75-038.mwcnf,75,325,500,185.30307459831238,False,176869.0,0.0,0.3000000000000001
33,wuf75-039.mwcnf,75,325,500,213.45704650878906,False,174839.0,0.0,0.3000000000000001
34,wuf75-04.mwcnf,75,325,500,217.371253490448,False,191481.0,0.0,0.3000000000000001
35,wuf75-040.mwcnf,75,325,500,225.9405493736267,False,166566.0,0.0,0.3000000000000001
36,wuf75-041.mwcnf,75,325,500,220.6575357913971,False,175332.0,0.0,0.3000000000000001
37,wuf75-042.mwcnf,75,325,500,218.9795117378235,False,170025.0,0.0,0.3000000000000001
38,wuf75-043.mwcnf,75,325,500,219.17142248153687,False,169882.0,0.0,0.3000000000000001
39,wuf75-044.mwcnf,75,325,500,263.5971703529358,False,161490.0,0.0,0.3000000000000001
40,wuf75-045.mwcnf,75,325,500,579.9998540878296,False,165974.0,0.0,0.3000000000000001
41,wuf75-046.mwcnf,75,325,500,573.7979245185852,False,173025.0,0.0,0.3000000000000001
42,wuf75-047.mwcnf,75,325,500,580.1192288398743,False,137360.0,0.0,0.3000000000000001
43,wuf75-048.mwcnf,75,325,500,585.7922303676605,False,161664.0,0.0,0.3000000000000001
44,wuf75-049.mwcnf,75,325,500,587.9422960281372,False,154037.0,0.0,0.3000000000000001
45,wuf75-05.mwcnf,75,325,500,591.6302349567413,False,184304.0,0.0,0.3000000000000001
46,wuf75-050.mwcnf,75,325,500,597.1434378623962,False,167900.0,0.0,0.3000000000000001
47,wuf75-051.mwcnf,75,325,500,589.0376651287079,False,182253.0,0.0,0.3000000000000001
48,wuf75-052.mwcnf,75,325,500,587.3679051399231,False,152446.0,0.0,0.3000000000000001
49,wuf75-053.mwcnf,75,325,500,581.4098510742188,False,172250.0,0.0,0.3000000000000001
50,wuf75-054.mwcnf,75,325,500,518.7566924095154,False,144899.0,0.0,0.3000000000000001
51,wuf75-055.mwcnf,75,325,500,801.9497332572937,False,176870.0,0.0,0.3000000000000001
52,wuf75-056.mwcnf,75,325,500,1667.4193742275238,False,154491.0,0.0,0.3000000000000001
53,wuf75-057.mwcnf,75,325,500,1046.986439704895,False,153800.0,0.0,0.3000000000000001
54,wuf75-058.mwcnf,75,325,500,325.54536652565,False,193938.0,0.0,0.3000000000000001
55,wuf75-059.mwcnf,75,325,500,281.4787721633911,False,200451.0,0.0,0.3000000000000001
56,wuf75-06.mwcnf,75,325,500,278.81410121917725,False,143447.0,0.0,0.3000000000000001
57,wuf75-060.mwcnf,75,325,500,233.8902018070221,False,166302.0,0.0,0.3000000000000001
58,wuf75-061.mwcnf,75,325,500,213.99693703651428,False,163326.0,0.0,0.3000000000000001
59,wuf75-062.mwcnf,75,325,500,217.4988877773285,False,175332.0,0.0,0.3000000000000001
60,wuf75-063.mwcnf,75,325,500,214.7674012184143,False,169056.0,0.0,0.3000000000000001
61,wuf75-064.mwcnf,75,325,500,207.53342294692993,False,137015.0,0.0,0.3000000000000001
62,wuf75-065.mwcnf,75,325,500,214.94749808311462,False,146351.0,0.0,0.3000000000000001
63,wuf75-066.mwcnf,75,325,500,211.06523418426514,False,171945.0,0.0,0.3000000000000001
64,wuf75-067.mwcnf,75,325,500,212.20806241035461,False,152262.0,0.0,0.3000000000000001
65,wuf75-068.mwcnf,75,325,500,210.452778339386,False,178665.0,0.0,0.3000000000000001
66,wuf75-069.mwcnf,75,325,500,216.34253001213074,False,127765.0,0.0,0.3000000000000001
67,wuf75-07.mwcnf,75,325,500,238.1269073486328,False,158065.0,0.0,0.3000000000000001
68,wuf75-070.mwcnf,75,325,500,231.71269917488098,False,185215.0,0.0,0.3000000000000001
69,wuf75-071.mwcnf,75,325,500,220.09085083007812,False,162522.0,0.0,0.3000000000000001
70,wuf75-072.mwcnf,75,325,500,279.4529182910919,False,124116.0,0.0,0.3000000000000001
71,wuf75-073.mwcnf,75,325,500,818.2061250209808,False,125953.0,0.0,0.3000000000000001
72,wuf75-074.mwcnf,75,325,500,921.9961593151093,False,128889.0,0.0,0.3000000000000001
73,wuf75-075.mwcnf,75,325,500,1049.234604358673,False,178181.0,0.0,0.3000000000000001
74,wuf75-076.mwcnf,75,325,500,359.0985038280487,False,146953.0,0.0,0.3000000000000001
75,wuf75-077.mwcnf,75,325,500,221.804363489151,False,183454.0,0.0,0.3000000000000001
76,wuf75-078.mwcnf,75,325,500,214.01218461990356,False,176483.0,0.0,0.3000000000000001
77,wuf75-079.mwcnf,75,325,500,214.751567363739,False,148881.0,0.0,0.3000000000000001
78,wuf75-08.mwcnf,75,325,500,211.41263008117676,False,160883.0,0.0,0.3000000000000001
79,wuf75-080.mwcnf,75,325,500,211.39866161346436,False,161443.0,0.0,0.3000000000000001
80,wuf75-081.mwcnf,75,325,500,211.43036770820618,False,147647.0,0.0,0.3000000000000001
81,wuf75-082.mwcnf,75,325,500,212.03889727592468,False,153563.0,0.0,0.3000000000000001
82,wuf75-083.mwcnf,75,325,500,211.18556427955627,False,161578.0,0.0,0.3000000000000001
83,wuf75-084.mwcnf,75,325,500,211.34609699249268,False,184816.0,0.0,0.3000000000000001
84,wuf75-085.mwcnf,75,325,500,210.75128650665283,False,147300.0,0.0,0.3000000000000001
85,wuf75-086.mwcnf,75,325,500,223.5600380897522,False,191606.0,0.0,0.3000000000000001
86,wuf75-087.mwcnf,75,325,500,36785.29688191414,False,182731.0,0.0,0.3000000000000001
87,wuf75-088.mwcnf,75,325,500,200.14617729187012,False,154091.0,0.0,0.3000000000000001
88,wuf75-089.mwcnf,75,325,500,212.12752151489258,False,136347.0,0.0,0.3000000000000001
89,wuf75-09.mwcnf,75,325,500,204.26287198066711,False,154676.0,0.0,0.3000000000000001
90,wuf75-090.mwcnf,75,325,500,201.88613605499268,False,129192.0,0.0,0.3000000000000001
91,wuf75-091.mwcnf,75,325,500,198.5431685447693,False,173025.0,0.0,0.3000000000000001
92,wuf75-092.mwcnf,75,325,500,198.1545033454895,False,182675.0,0.0,0.3000000000000001
93,wuf75-093.mwcnf,75,325,500,197.2396628856659,False,150750.0,0.0,0.3000000000000001
94,wuf75-094.mwcnf,75,325,500,195.0241756439209,False,145868.0,0.0,0.3000000000000001
95,wuf75-095.mwcnf,75,325,500,195.06647419929504,False,171627.0,0.0,0.3000000000000001
96,wuf75-096.mwcnf,75,325,500,195.64960598945618,False,200262.0,0.0,0.3000000000000001
97,wuf75-097.mwcnf,75,325,500,193.82741951942444,False,203015.0,0.0,0.3000000000000001
98,wuf75-098.mwcnf,75,325,500,195.54302620887756,False,158483.0,0.0,0.3000000000000001
99,wuf75-099.mwcnf,75,325,500,179.617817401886,False,150590.0,0.0,0.3000000000000001
