,Task,numVariables,numClauses,endGeneration,Duration,isSolutionFound,optWeight,bestWeight,maxMutation
0,wuf20-01.mwcnf,20,91,500,147.33500242233276,False,5403.0,1635.0,0.3000000000000001
1,wuf20-010.mwcnf,20,91,500,152.59475898742676,False,2748.0,2131.0,0.060000000000000005
2,wuf20-0100.mwcnf,20,91,500,155.918123960495,False,2396.0,1401.0,0.09999999999999999
3,wuf20-01000.mwcnf,20,91,41,12.741920232772827,True,8.0,8.0,0.3000000000000001
4,wuf20-0101.mwcnf,20,91,19,5.771114349365234,True,1203.0,1203.0,0.09
5,wuf20-0102.mwcnf,20,91,200,62.26232600212097,True,1205.0,1205.0,0.3000000000000001
6,wuf20-0103.mwcnf,20,91,157,49.49289798736572,True,11.0,11.0,0.3000000000000001
7,wuf20-0104.mwcnf,20,91,500,101.3959813117981,False,2301.0,2245.0,0.08
8,wuf20-0105.mwcnf,20,91,4,0.4420959949493408,True,8.0,8.0,0.04
9,wuf20-0106.mwcnf,20,91,98,10.400975227355957,True,9.0,9.0,0.3000000000000001
10,wuf20-0107.mwcnf,20,91,7,0.7506225109100342,True,11.0,11.0,0.07
11,wuf20-0108.mwcnf,20,91,10,1.0409517288208008,True,3189.0,3189.0,0.09
12,wuf20-0109.mwcnf,20,91,20,2.0772929191589355,True,406.0,406.0,0.19000000000000003
13,wuf20-011.mwcnf,20,91,500,56.451048374176025,False,3087.0,2264.0,0.060000000000000005
14,wuf20-0110.mwcnf,20,91,500,51.60077095031738,False,5067.0,2463.0,0.060000000000000005
15,wuf20-0111.mwcnf,20,91,13,1.400352954864502,True,2907.0,2907.0,0.07
16,wuf20-0112.mwcnf,20,91,500,53.1340434551239,False,1489.0,920.0,0.3000000000000001
17,wuf20-0113.mwcnf,20,91,7,0.7025632858276367,True,11.0,11.0,0.060000000000000005
18,wuf20-0114.mwcnf,20,91,500,52.72609043121338,False,2514.0,1782.0,0.05
19,wuf20-0115.mwcnf,20,91,500,53.2188446521759,False,2986.0,1397.0,0.3000000000000001
20,wuf20-0116.mwcnf,20,91,12,1.3830132484436035,True,3986.0,3986.0,0.10999999999999999
21,wuf20-0117.mwcnf,20,91,30,3.5751070976257324,True,407.0,407.0,0.2900000000000001
22,wuf20-0118.mwcnf,20,91,11,1.2950689792633057,True,2693.0,2693.0,0.03
23,wuf20-0119.mwcnf,20,91,337,38.71860885620117,True,803.0,803.0,0.3000000000000001
24,wuf20-012.mwcnf,20,91,16,1.857316493988037,True,3178.0,3178.0,0.03
25,wuf20-0120.mwcnf,20,91,11,1.1585137844085693,True,1880.0,1880.0,0.05
26,wuf20-0121.mwcnf,20,91,9,0.8985333442687988,True,2693.0,2693.0,0.060000000000000005
27,wuf20-0122.mwcnf,20,91,28,2.971449136734009,True,810.0,810.0,0.21000000000000005
28,wuf20-0123.mwcnf,20,91,9,0.8531274795532227,True,410.0,410.0,0.08
29,wuf20-0124.mwcnf,20,91,25,2.4698822498321533,True,4132.0,4132.0,0.03
30,wuf20-0125.mwcnf,20,91,500,50.72747874259949,False,3194.0,1920.0,0.07
31,wuf20-0126.mwcnf,20,91,13,1.3240644931793213,True,4250.0,4250.0,0.10999999999999999
32,wuf20-0127.mwcnf,20,91,6,0.5867416858673096,True,4051.0,4051.0,0.04
33,wuf20-0128.mwcnf,20,91,10,0.958674430847168,True,1072.0,1072.0,0.09
34,wuf20-0129.mwcnf,20,91,37,3.8477864265441895,True,1487.0,1487.0,0.3000000000000001
35,wuf20-013.mwcnf,20,91,69,7.185522794723511,True,801.0,801.0,0.3000000000000001
36,wuf20-0130.mwcnf,20,91,12,1.3092105388641357,True,1200.0,1200.0,0.060000000000000005
37,wuf20-0131.mwcnf,20,91,500,51.43420720100403,False,3633.0,3297.0,0.08
38,wuf20-0132.mwcnf,20,91,127,13.143937587738037,True,13.0,13.0,0.3000000000000001
39,wuf20-0133.mwcnf,20,91,500,50.68135356903076,False,2080.0,1443.0,0.060000000000000005
40,wuf20-0134.mwcnf,20,91,500,50.60357308387756,False,2686.0,1891.0,0.05
41,wuf20-0135.mwcnf,20,91,101,10.75585675239563,True,409.0,409.0,0.3000000000000001
42,wuf20-0136.mwcnf,20,91,85,8.497815370559692,True,1207.0,1207.0,0.3000000000000001
43,wuf20-0137.mwcnf,20,91,500,51.64044666290283,False,4844.0,4224.0,0.08
44,wuf20-0138.mwcnf,20,91,8,0.8407237529754639,True,541.0,541.0,0.08
45,wuf20-0139.mwcnf,20,91,500,51.44236516952515,False,5250.0,2805.0,0.060000000000000005
46,wuf20-014.mwcnf,20,91,6,0.6188089847564697,True,1204.0,1204.0,0.02
47,wuf20-0140.mwcnf,20,91,500,51.42615842819214,False,3351.0,2237.0,0.3000000000000001
48,wuf20-0141.mwcnf,20,91,5,0.5357084274291992,True,9.0,9.0,0.05
49,wuf20-0142.mwcnf,20,91,9,0.9325575828552246,True,1996.0,1996.0,0.07
50,wuf20-0143.mwcnf,20,91,6,0.617804765701294,True,2944.0,2944.0,0.02
51,wuf20-0144.mwcnf,20,91,500,50.90433883666992,False,3489.0,2371.0,0.060000000000000005
52,wuf20-0145.mwcnf,20,91,9,0.9218804836273193,True,1601.0,1601.0,0.07
53,wuf20-0146.mwcnf,20,91,7,0.7050247192382812,True,2280.0,2280.0,0.060000000000000005
54,wuf20-0147.mwcnf,20,91,12,1.149291753768921,True,409.0,409.0,0.10999999999999999
55,wuf20-0148.mwcnf,20,91,500,51.307820081710815,False,1601.0,1337.0,0.060000000000000005
56,wuf20-0149.mwcnf,20,91,66,6.62320876121521,True,1596.0,1596.0,0.05
57,wuf20-015.mwcnf,20,91,500,51.12338161468506,False,4312.0,1874.0,0.08
58,wuf20-0150.mwcnf,20,91,500,51.006030797958374,False,1679.0,1520.0,0.07
59,wuf20-0151.mwcnf,20,91,13,1.2872960567474365,True,2531.0,2531.0,0.08
60,wuf20-0152.mwcnf,20,91,500,50.90007996559143,False,3935.0,2719.0,0.07
61,wuf20-0153.mwcnf,20,91,62,6.369257211685181,True,3286.0,3286.0,0.07
62,wuf20-0154.mwcnf,20,91,11,1.1363985538482666,True,13.0,13.0,0.10999999999999999
63,wuf20-0155.mwcnf,20,91,6,0.5792140960693359,True,2700.0,2700.0,0.02
64,wuf20-0156.mwcnf,20,91,500,51.23207640647888,False,3982.0,2091.0,0.07
65,wuf20-0157.mwcnf,20,91,7,0.6254715919494629,True,935.0,935.0,0.05
66,wuf20-0158.mwcnf,20,91,500,50.56346154212952,False,4438.0,2391.0,0.07
67,wuf20-0159.mwcnf,20,91,42,4.501557111740112,True,1599.0,1599.0,0.3000000000000001
68,wuf20-016.mwcnf,20,91,500,50.62341928482056,False,1761.0,1284.0,0.08
69,wuf20-0160.mwcnf,20,91,5,0.5032961368560791,True,807.0,807.0,0.04
70,wuf20-0161.mwcnf,20,91,7,0.7206883430480957,True,1841.0,1841.0,0.02
71,wuf20-0162.mwcnf,20,91,10,1.0149259567260742,True,2339.0,2339.0,0.05
72,wuf20-0163.mwcnf,20,91,500,50.602404832839966,False,3227.0,1851.0,0.060000000000000005
73,wuf20-0164.mwcnf,20,91,25,2.6157631874084473,True,3798.0,3798.0,0.04
74,wuf20-0165.mwcnf,20,91,6,0.5818190574645996,True,2596.0,2596.0,0.04
75,wuf20-0166.mwcnf,20,91,9,0.9286739826202393,True,807.0,807.0,0.07
76,wuf20-0167.mwcnf,20,91,41,4.344781160354614,True,406.0,406.0,0.3000000000000001
77,wuf20-0168.mwcnf,20,91,7,0.7682077884674072,True,1797.0,1797.0,0.060000000000000005
78,wuf20-0169.mwcnf,20,91,29,2.738893508911133,True,1920.0,1920.0,0.07
79,wuf20-017.mwcnf,20,91,500,50.87352418899536,False,2795.0,1402.0,0.07
80,wuf20-0170.mwcnf,20,91,5,0.5286808013916016,True,1602.0,1602.0,0.04
81,wuf20-0171.mwcnf,20,91,7,0.7254853248596191,True,1817.0,1817.0,0.060000000000000005
82,wuf20-0172.mwcnf,20,91,211,22.13798689842224,True,8.0,8.0,0.3000000000000001
83,wuf20-0173.mwcnf,20,91,500,51.7783899307251,False,3053.0,2526.0,0.060000000000000005
84,wuf20-0174.mwcnf,20,91,8,0.8929004669189453,True,1205.0,1205.0,0.07
85,wuf20-0175.mwcnf,20,91,6,0.6106553077697754,True,1124.0,1124.0,0.05
86,wuf20-0176.mwcnf,20,91,11,1.1275436878204346,True,6.0,6.0,0.10999999999999999
87,wuf20-0177.mwcnf,20,91,164,17.201117992401123,True,806.0,806.0,0.3000000000000001
88,wuf20-0178.mwcnf,20,91,11,1.1675255298614502,True,1200.0,1200.0,0.05
89,wuf20-0179.mwcnf,20,91,7,0.7279345989227295,True,1073.0,1073.0,0.04
90,wuf20-018.mwcnf,20,91,9,0.8608248233795166,True,13.0,13.0,0.09
91,wuf20-0180.mwcnf,20,91,11,1.142589807510376,True,409.0,409.0,0.10999999999999999
92,wuf20-0181.mwcnf,20,91,10,1.027660846710205,True,2132.0,2132.0,0.09
93,wuf20-0182.mwcnf,20,91,500,50.47926378250122,False,2960.0,1370.0,0.060000000000000005
94,wuf20-0183.mwcnf,20,91,500,50.64102649688721,False,1070.0,1069.0,0.07
95,wuf20-0184.mwcnf,20,91,500,50.6362578868866,False,1678.0,1442.0,0.07
96,wuf20-0185.mwcnf,20,91,68,7.326354742050171,True,11.0,11.0,0.3000000000000001
97,wuf20-0186.mwcnf,20,91,500,50.76296806335449,False,1998.0,1734.0,0.07
98,wuf20-0187.mwcnf,20,91,10,1.0374765396118164,True,2908.0,2908.0,0.03
99,wuf20-0188.mwcnf,20,91,500,51.25264859199524,False,1997.0,1201.0,0.07
100,wuf20-0189.mwcnf,20,91,11,1.1333041191101074,True,4436.0,4436.0,0.07
101,wuf20-019.mwcnf,20,91,12,1.1934587955474854,True,418.0,418.0,0.10999999999999999
102,wuf20-0190.mwcnf,20,91,500,50.99202561378479,False,4107.0,2486.0,0.060000000000000005
103,wuf20-0191.mwcnf,20,91,45,4.704019546508789,True,418.0,418.0,0.3000000000000001
104,wuf20-0192.mwcnf,20,91,164,16.963040351867676,True,414.0,414.0,0.3000000000000001
105,wuf20-0193.mwcnf,20,91,69,7.445545434951782,True,417.0,417.0,0.3000000000000001
106,wuf20-0194.mwcnf,20,91,11,1.1202547550201416,True,1690.0,1690.0,0.060000000000000005
107,wuf20-0195.mwcnf,20,91,500,51.46234750747681,False,2950.0,2182.0,0.07
108,wuf20-0196.mwcnf,20,91,11,1.135148525238037,True,1841.0,1841.0,0.09
109,wuf20-0197.mwcnf,20,91,24,2.51647686958313,True,12.0,12.0,0.24000000000000007
110,wuf20-0198.mwcnf,20,91,9,1.0090665817260742,True,824.0,824.0,0.08
111,wuf20-0199.mwcnf,20,91,9,0.9203348159790039,True,1234.0,1234.0,0.05
112,wuf20-02.mwcnf,20,91,6,0.6542031764984131,True,2786.0,2786.0,0.04
113,wuf20-020.mwcnf,20,91,500,51.11465382575989,False,4308.0,1635.0,0.05
114,wuf20-0200.mwcnf,20,91,500,50.872565031051636,False,3263.0,1091.0,0.3000000000000001
115,wuf20-0201.mwcnf,20,91,4,0.45782899856567383,True,1230.0,1230.0,0.03
116,wuf20-0202.mwcnf,20,91,6,0.6176626682281494,True,1800.0,1800.0,0.04
117,wuf20-0203.mwcnf,20,91,17,1.6422719955444336,True,416.0,416.0,0.16
118,wuf20-0204.mwcnf,20,91,500,51.455676794052124,False,2451.0,1906.0,0.08
119,wuf20-0205.mwcnf,20,91,10,0.9800558090209961,True,1638.0,1638.0,0.05
120,wuf20-0206.mwcnf,20,91,500,51.55779552459717,False,2272.0,1818.0,0.3000000000000001
121,wuf20-0207.mwcnf,20,91,48,5.211841583251953,True,417.0,417.0,0.3000000000000001
122,wuf20-0208.mwcnf,20,91,500,51.52516579627991,False,2917.0,2430.0,0.060000000000000005
123,wuf20-0209.mwcnf,20,91,36,3.77193546295166,True,418.0,418.0,0.3000000000000001
124,wuf20-021.mwcnf,20,91,7,0.798792839050293,True,1639.0,1639.0,0.060000000000000005
125,wuf20-0210.mwcnf,20,91,5,0.49957990646362305,True,4089.0,4089.0,0.02
126,wuf20-0211.mwcnf,20,91,500,51.01013255119324,False,2857.0,2124.0,0.060000000000000005
127,wuf20-0212.mwcnf,20,91,11,1.172605037689209,True,3220.0,3220.0,0.05
128,wuf20-0213.mwcnf,20,91,500,52.167585134506226,False,1148.0,659.0,0.060000000000000005
129,wuf20-0214.mwcnf,20,91,71,7.594803333282471,True,14.0,14.0,0.3000000000000001
130,wuf20-0215.mwcnf,20,91,9,0.9283721446990967,True,5105.0,5105.0,0.05
131,wuf20-0216.mwcnf,20,91,33,3.49164080619812,True,827.0,827.0,0.3000000000000001
132,wuf20-0217.mwcnf,20,91,13,1.3126287460327148,True,1523.0,1523.0,0.04
133,wuf20-0218.mwcnf,20,91,14,1.3836042881011963,True,3002.0,3002.0,0.02
134,wuf20-0219.mwcnf,20,91,69,7.412716388702393,True,8.0,8.0,0.3000000000000001
135,wuf20-022.mwcnf,20,91,7,0.8084852695465088,True,1637.0,1637.0,0.060000000000000005
136,wuf20-0220.mwcnf,20,91,11,1.1347713470458984,True,2798.0,2798.0,0.060000000000000005
137,wuf20-0221.mwcnf,20,91,8,0.8323321342468262,True,1031.0,1031.0,0.04
138,wuf20-0222.mwcnf,20,91,500,51.06481075286865,False,2180.0,1639.0,0.17
139,wuf20-0223.mwcnf,20,91,10,1.037379264831543,True,1096.0,1096.0,0.07
140,wuf20-0224.mwcnf,20,91,186,20.055647611618042,True,415.0,415.0,0.3000000000000001
141,wuf20-0225.mwcnf,20,91,32,3.2321035861968994,True,818.0,818.0,0.2900000000000001
142,wuf20-0226.mwcnf,20,91,500,52.7468535900116,False,5299.0,3597.0,0.060000000000000005
143,wuf20-0227.mwcnf,20,91,500,50.89633631706238,False,3720.0,2539.0,0.16
144,wuf20-0228.mwcnf,20,91,9,0.9657130241394043,True,825.0,825.0,0.07
145,wuf20-0229.mwcnf,20,91,500,50.51795816421509,False,3164.0,2077.0,0.060000000000000005
146,wuf20-023.mwcnf,20,91,6,0.6281349658966064,True,2246.0,2246.0,0.05
147,wuf20-0230.mwcnf,20,91,500,51.13491654396057,False,4404.0,2650.0,0.060000000000000005
148,wuf20-0231.mwcnf,20,91,7,0.7303729057312012,True,11.0,11.0,0.08
149,wuf20-0232.mwcnf,20,91,13,1.273472547531128,True,419.0,419.0,0.11999999999999998
150,wuf20-0233.mwcnf,20,91,6,0.5753023624420166,True,1406.0,1406.0,0.05
151,wuf20-0234.mwcnf,20,91,9,0.9760808944702148,True,1369.0,1369.0,0.08
152,wuf20-0235.mwcnf,20,91,25,2.549118757247925,True,2002.0,2002.0,0.24000000000000007
153,wuf20-0236.mwcnf,20,91,12,1.2183959484100342,True,421.0,421.0,0.11999999999999998
154,wuf20-0237.mwcnf,20,91,500,51.3359739780426,False,4677.0,2704.0,0.060000000000000005
155,wuf20-0238.mwcnf,20,91,42,4.266544342041016,True,823.0,823.0,0.3000000000000001
156,wuf20-0239.mwcnf,20,91,500,51.390493392944336,False,4078.0,820.0,0.10999999999999999
157,wuf20-024.mwcnf,20,91,500,51.35026741027832,False,2862.0,2046.0,0.07
158,wuf20-0240.mwcnf,20,91,49,5.070624113082886,True,961.0,961.0,0.3000000000000001
159,wuf20-0241.mwcnf,20,91,500,50.98517870903015,False,2452.0,1341.0,0.060000000000000005
160,wuf20-0242.mwcnf,20,91,11,1.115265130996704,True,2257.0,2257.0,0.060000000000000005
161,wuf20-0243.mwcnf,20,91,11,1.1714136600494385,True,1771.0,1771.0,0.09999999999999999
162,wuf20-0244.mwcnf,20,91,2,0.21103668212890625,True,824.0,824.0,0.02
163,wuf20-0245.mwcnf,20,91,13,1.226792573928833,True,413.0,413.0,0.11999999999999998
164,wuf20-0246.mwcnf,20,91,15,1.5185587406158447,True,2706.0,2706.0,0.04
165,wuf20-0247.mwcnf,20,91,193,20.550155639648438,True,13.0,13.0,0.3000000000000001
166,wuf20-0248.mwcnf,20,91,191,20.518799304962158,True,13.0,13.0,0.3000000000000001
167,wuf20-0249.mwcnf,20,91,137,14.056297302246094,True,1803.0,1803.0,0.05
168,wuf20-025.mwcnf,20,91,38,4.013135194778442,True,16.0,16.0,0.3000000000000001
169,wuf20-0250.mwcnf,20,91,500,50.804363489151,False,2723.0,2530.0,0.12999999999999998
170,wuf20-0251.mwcnf,20,91,8,0.8210270404815674,True,556.0,556.0,0.060000000000000005
171,wuf20-0252.mwcnf,20,91,18,1.8854105472564697,True,2225.0,2225.0,0.05
172,wuf20-0253.mwcnf,20,91,10,1.1022613048553467,True,555.0,555.0,0.07
173,wuf20-0254.mwcnf,20,91,500,50.71653890609741,False,2751.0,1640.0,0.060000000000000005
174,wuf20-0255.mwcnf,20,91,42,4.1608476638793945,True,1129.0,1129.0,0.3000000000000001
175,wuf20-0256.mwcnf,20,91,500,51.16983699798584,False,3419.0,3156.0,0.060000000000000005
176,wuf20-0257.mwcnf,20,91,10,1.0139894485473633,True,1230.0,1230.0,0.060000000000000005
177,wuf20-0258.mwcnf,20,91,500,52.09846353530884,False,2745.0,2377.0,0.08
178,wuf20-0259.mwcnf,20,91,7,0.678842306137085,True,1581.0,1581.0,0.03
179,wuf20-026.mwcnf,20,91,9,0.8835458755493164,True,418.0,418.0,0.08
180,wuf20-0260.mwcnf,20,91,134,13.860848188400269,True,6.0,6.0,0.3000000000000001
181,wuf20-0261.mwcnf,20,91,9,0.8576066493988037,True,824.0,824.0,0.09
182,wuf20-0262.mwcnf,20,91,7,0.6535625457763672,True,416.0,416.0,0.060000000000000005
183,wuf20-0263.mwcnf,20,91,500,51.284971714019775,False,2718.0,2178.0,0.3000000000000001
184,wuf20-0264.mwcnf,20,91,105,11.453195810317993,True,555.0,555.0,0.3000000000000001
185,wuf20-0265.mwcnf,20,91,7,0.7534661293029785,True,3042.0,3042.0,0.03
186,wuf20-0266.mwcnf,20,91,500,50.867414236068726,False,1367.0,1094.0,0.23000000000000007
187,wuf20-0267.mwcnf,20,91,21,2.2254605293273926,True,1637.0,1637.0,0.20000000000000004
188,wuf20-0268.mwcnf,20,91,11,1.2160530090332031,True,2127.0,2127.0,0.04
189,wuf20-0269.mwcnf,20,91,13,1.2930266857147217,True,3956.0,3956.0,0.05
190,wuf20-027.mwcnf,20,91,500,51.34594535827637,False,2362.0,1997.0,0.3000000000000001
191,wuf20-0270.mwcnf,20,91,38,4.00084924697876,True,14.0,14.0,0.3000000000000001
192,wuf20-0271.mwcnf,20,91,500,51.07004642486572,False,3415.0,3185.0,0.060000000000000005
193,wuf20-0272.mwcnf,20,91,7,0.6537015438079834,True,3137.0,3137.0,0.05
194,wuf20-0273.mwcnf,20,91,500,51.717081785202026,False,3915.0,3372.0,0.05
195,wuf20-0274.mwcnf,20,91,8,0.7699761390686035,True,824.0,824.0,0.07
196,wuf20-0275.mwcnf,20,91,16,1.5741026401519775,True,4630.0,4630.0,0.03
197,wuf20-0276.mwcnf,20,91,500,51.01322317123413,False,2512.0,1636.0,0.07
198,wuf20-0277.mwcnf,20,91,12,1.1335291862487793,True,1637.0,1637.0,0.05
199,wuf20-0278.mwcnf,20,91,166,17.504066705703735,True,411.0,411.0,0.3000000000000001
200,wuf20-0279.mwcnf,20,91,70,7.361129283905029,True,1370.0,1370.0,0.3000000000000001
201,wuf20-028.mwcnf,20,91,5,0.5032196044921875,True,959.0,959.0,0.02
202,wuf20-0280.mwcnf,20,91,500,51.02520513534546,False,3536.0,2450.0,0.08
203,wuf20-0281.mwcnf,20,91,500,51.01394438743591,False,3990.0,3559.0,0.060000000000000005
204,wuf20-0282.mwcnf,20,91,20,2.1143949031829834,True,1231.0,1231.0,0.060000000000000005
205,wuf20-0283.mwcnf,20,91,500,51.8216016292572,False,4081.0,2784.0,0.07
206,wuf20-0284.mwcnf,20,91,500,52.42223358154297,False,3399.0,2315.0,0.060000000000000005
207,wuf20-0285.mwcnf,20,91,8,0.8172607421875,True,1907.0,1907.0,0.07
208,wuf20-0286.mwcnf,20,91,56,5.933130502700806,True,419.0,419.0,0.3000000000000001
209,wuf20-0287.mwcnf,20,91,40,4.068411588668823,True,418.0,418.0,0.3000000000000001
210,wuf20-0288.mwcnf,20,91,38,3.9731345176696777,True,959.0,959.0,0.3000000000000001
211,wuf20-0289.mwcnf,20,91,11,1.1145973205566406,True,825.0,825.0,0.09999999999999999
212,wuf20-029.mwcnf,20,91,19,1.8739182949066162,True,3.0,3.0,0.19000000000000003
213,wuf20-0290.mwcnf,20,91,8,0.9040400981903076,True,9.0,9.0,0.08
214,wuf20-0291.mwcnf,20,91,26,2.7390646934509277,True,1718.0,1718.0,0.08
215,wuf20-0292.mwcnf,20,91,58,6.058953523635864,True,4486.0,4486.0,0.3000000000000001
216,wuf20-0293.mwcnf,20,91,500,51.3523473739624,False,2257.0,2159.0,0.07
217,wuf20-0294.mwcnf,20,91,4,0.39928221702575684,True,825.0,825.0,0.03
218,wuf20-0295.mwcnf,20,91,35,3.748288154602051,True,418.0,418.0,0.3000000000000001
219,wuf20-0296.mwcnf,20,91,500,50.83601951599121,False,3317.0,2395.0,0.060000000000000005
220,wuf20-0297.mwcnf,20,91,10,1.1468491554260254,True,1473.0,1473.0,0.09
221,wuf20-0298.mwcnf,20,91,2,0.20218110084533691,True,2858.0,2858.0,0.02
222,wuf20-0299.mwcnf,20,91,5,0.4661862850189209,True,1471.0,1471.0,0.04
223,wuf20-03.mwcnf,20,91,70,7.085747241973877,True,15.0,15.0,0.3000000000000001
224,wuf20-030.mwcnf,20,91,500,50.80059885978699,False,2534.0,2425.0,0.060000000000000005
225,wuf20-0300.mwcnf,20,91,13,1.419285535812378,True,2045.0,2045.0,0.11999999999999998
226,wuf20-0301.mwcnf,20,91,7,0.6375484466552734,True,8.0,8.0,0.07
227,wuf20-0302.mwcnf,20,91,11,1.0414094924926758,True,2147.0,2147.0,0.07
228,wuf20-0303.mwcnf,20,91,9,0.8731274604797363,True,824.0,824.0,0.09
229,wuf20-0304.mwcnf,20,91,5,0.5421802997589111,True,2724.0,2724.0,0.04
230,wuf20-0305.mwcnf,20,91,19,2.009289503097534,True,1637.0,1637.0,0.16
231,wuf20-0306.mwcnf,20,91,500,51.145638942718506,False,1921.0,1728.0,0.07
232,wuf20-0307.mwcnf,20,91,500,50.880091190338135,False,3520.0,2273.0,0.3000000000000001
233,wuf20-0308.mwcnf,20,91,500,50.89586544036865,False,1030.0,622.0,0.07
234,wuf20-0309.mwcnf,20,91,500,50.87276268005371,False,4814.0,3308.0,0.060000000000000005
235,wuf20-031.mwcnf,20,91,249,26.1074378490448,True,10.0,10.0,0.3000000000000001
236,wuf20-0310.mwcnf,20,91,7,0.7158124446868896,True,553.0,553.0,0.060000000000000005
237,wuf20-0311.mwcnf,20,91,500,50.86041593551636,False,2775.0,2286.0,0.07
238,wuf20-0312.mwcnf,20,91,6,0.6152224540710449,True,7.0,7.0,0.060000000000000005
239,wuf20-0313.mwcnf,20,91,13,1.4288904666900635,True,1366.0,1366.0,0.11999999999999998
240,wuf20-0314.mwcnf,20,91,500,51.55548977851868,False,4022.0,2561.0,0.07
241,wuf20-0315.mwcnf,20,91,36,3.743323802947998,True,1637.0,1637.0,0.3000000000000001
242,wuf20-0316.mwcnf,20,91,7,0.6842150688171387,True,822.0,822.0,0.05
243,wuf20-0317.mwcnf,20,91,500,51.90128040313721,False,3667.0,2720.0,0.07
244,wuf20-0318.mwcnf,20,91,500,49.85605049133301,False,2319.0,1232.0,0.060000000000000005
245,wuf20-0319.mwcnf,20,91,500,51.16439366340637,False,3915.0,1796.0,0.060000000000000005
246,wuf20-032.mwcnf,20,91,65,6.913985013961792,True,9.0,9.0,0.3000000000000001
247,wuf20-0320.mwcnf,20,91,8,0.9639425277709961,True,1722.0,1722.0,0.05
248,wuf20-0321.mwcnf,20,91,28,2.9075369834899902,True,823.0,823.0,0.09999999999999999
249,wuf20-0322.mwcnf,20,91,8,0.887312650680542,True,11.0,11.0,0.09
250,wuf20-0323.mwcnf,20,91,500,51.02172493934631,False,3133.0,2046.0,0.05
251,wuf20-0324.mwcnf,20,91,7,0.7573757171630859,True,553.0,553.0,0.05
252,wuf20-0325.mwcnf,20,91,102,10.389588356018066,True,339.0,339.0,0.3000000000000001
253,wuf20-0326.mwcnf,20,91,13,1.331343412399292,True,203.0,203.0,0.12999999999999998
254,wuf20-0327.mwcnf,20,91,12,1.2577874660491943,True,526.0,526.0,0.060000000000000005
255,wuf20-0328.mwcnf,20,91,6,0.5855498313903809,True,6.0,6.0,0.060000000000000005
256,wuf20-0329.mwcnf,20,91,21,2.1890084743499756,True,139.0,139.0,0.16
257,wuf20-033.mwcnf,20,91,6,0.6218574047088623,True,361.0,361.0,0.05
258,wuf20-0330.mwcnf,20,91,23,2.2926154136657715,True,103.0,103.0,0.23000000000000007
259,wuf20-0331.mwcnf,20,91,24,2.4390389919281006,True,336.0,336.0,0.10999999999999999
260,wuf20-0332.mwcnf,20,91,9,0.9372889995574951,True,201.0,201.0,0.060000000000000005
261,wuf20-0333.mwcnf,20,91,158,16.64604425430298,True,11.0,11.0,0.3000000000000001
262,wuf20-0334.mwcnf,20,91,14,1.4525134563446045,True,450.0,450.0,0.04
263,wuf20-0335.mwcnf,20,91,500,50.41187000274658,False,983.0,542.0,0.09
264,wuf20-0336.mwcnf,20,91,8,0.7931249141693115,True,7.0,7.0,0.08
265,wuf20-0337.mwcnf,20,91,46,4.7594428062438965,True,305.0,305.0,0.3000000000000001
266,wuf20-0338.mwcnf,20,91,500,51.25331521034241,False,1118.0,334.0,0.08
267,wuf20-0339.mwcnf,20,91,9,0.9633831977844238,True,692.0,692.0,0.08
268,wuf20-034.mwcnf,20,91,101,10.440551280975342,True,960.0,960.0,0.060000000000000005
269,wuf20-0340.mwcnf,20,91,6,0.6262061595916748,True,720.0,720.0,0.05
270,wuf20-0341.mwcnf,20,91,26,2.6732330322265625,True,850.0,850.0,0.060000000000000005
271,wuf20-0342.mwcnf,20,91,8,0.8177461624145508,True,202.0,202.0,0.07
272,wuf20-0343.mwcnf,20,91,190,20.141222953796387,True,108.0,108.0,0.3000000000000001
273,wuf20-0344.mwcnf,20,91,99,10.465524911880493,True,143.0,143.0,0.3000000000000001
274,wuf20-0345.mwcnf,20,91,500,50.642775535583496,False,398.0,300.0,0.18000000000000002
275,wuf20-0346.mwcnf,20,91,7,0.7919178009033203,True,463.0,463.0,0.060000000000000005
276,wuf20-0347.mwcnf,20,91,7,0.6389114856719971,True,383.0,383.0,0.03
277,wuf20-0348.mwcnf,20,91,8,0.7319149971008301,True,112.0,112.0,0.08
278,wuf20-0349.mwcnf,20,91,500,51.44439744949341,False,715.0,446.0,0.07
279,wuf20-035.mwcnf,20,91,500,50.96821165084839,False,441.0,397.0,0.09999999999999999
280,wuf20-0350.mwcnf,20,91,49,4.946388483047485,True,241.0,241.0,0.19000000000000003
281,wuf20-0351.mwcnf,20,91,12,1.1898250579833984,True,306.0,306.0,0.10999999999999999
282,wuf20-0352.mwcnf,20,91,10,0.9878995418548584,True,239.0,239.0,0.08
283,wuf20-0353.mwcnf,20,91,477,47.72449326515198,True,720.0,720.0,0.07
284,wuf20-0354.mwcnf,20,91,18,1.8181705474853516,True,204.0,204.0,0.13999999999999999
285,wuf20-0355.mwcnf,20,91,15,1.635650873184204,True,305.0,305.0,0.13999999999999999
286,wuf20-0356.mwcnf,20,91,154,16.07178282737732,True,204.0,204.0,0.3000000000000001
287,wuf20-0357.mwcnf,20,91,37,3.7168335914611816,True,107.0,107.0,0.3000000000000001
288,wuf20-0358.mwcnf,20,91,9,1.0541040897369385,True,749.0,749.0,0.02
289,wuf20-0359.mwcnf,20,91,500,50.83731985092163,False,828.0,684.0,0.060000000000000005
290,wuf20-036.mwcnf,20,91,31,3.0782065391540527,True,643.0,643.0,0.3000000000000001
291,wuf20-0360.mwcnf,20,91,500,50.76596713066101,False,847.0,750.0,0.07
292,wuf20-0361.mwcnf,20,91,15,1.520493507385254,True,334.0,334.0,0.09
293,wuf20-0362.mwcnf,20,91,15,1.512075424194336,True,426.0,426.0,0.060000000000000005
294,wuf20-0363.mwcnf,20,91,7,0.645073413848877,True,1314.0,1314.0,0.060000000000000005
295,wuf20-0364.mwcnf,20,91,12,1.28596830368042,True,205.0,205.0,0.09999999999999999
296,wuf20-0365.mwcnf,20,91,147,15.152570486068726,True,527.0,527.0,0.05
297,wuf20-0366.mwcnf,20,91,17,1.6026933193206787,True,302.0,302.0,0.08
298,wuf20-0367.mwcnf,20,91,49,5.2157673835754395,True,201.0,201.0,0.3000000000000001
299,wuf20-0368.mwcnf,20,91,39,3.734079599380493,True,466.0,466.0,0.3000000000000001
300,wuf20-0369.mwcnf,20,91,198,20.69709849357605,True,139.0,139.0,0.3000000000000001
301,wuf20-037.mwcnf,20,91,158,16.436198711395264,True,10.0,10.0,0.3000000000000001
302,wuf20-0370.mwcnf,20,91,8,0.782395601272583,True,334.0,334.0,0.05
303,wuf20-0371.mwcnf,20,91,7,0.7557344436645508,True,889.0,889.0,0.060000000000000005
304,wuf20-0372.mwcnf,20,91,500,51.903286933898926,False,750.0,624.0,0.08
305,wuf20-0373.mwcnf,20,91,500,50.75842237472534,False,523.0,466.0,0.09
306,wuf20-0374.mwcnf,20,91,279,29.631311416625977,True,107.0,107.0,0.3000000000000001
307,wuf20-0375.mwcnf,20,91,500,50.59063720703125,False,1048.0,636.0,0.08
308,wuf20-0376.mwcnf,20,91,6,0.6707682609558105,True,142.0,142.0,0.060000000000000005
309,wuf20-0377.mwcnf,20,91,5,0.5351297855377197,True,574.0,574.0,0.03
310,wuf20-0378.mwcnf,20,91,188,19.721061944961548,True,302.0,302.0,0.3000000000000001
311,wuf20-0379.mwcnf,20,91,5,0.5516037940979004,True,108.0,108.0,0.05
312,wuf20-038.mwcnf,20,91,5,0.48838186264038086,True,905.0,905.0,0.03
313,wuf20-0380.mwcnf,20,91,500,51.92773509025574,False,673.0,478.0,0.07
314,wuf20-0381.mwcnf,20,91,500,51.0161657333374,False,693.0,369.0,0.060000000000000005
315,wuf20-0382.mwcnf,20,91,207,21.47954225540161,True,551.0,551.0,0.060000000000000005
316,wuf20-0383.mwcnf,20,91,10,1.0274343490600586,True,204.0,204.0,0.07
317,wuf20-0384.mwcnf,20,91,16,1.6598947048187256,True,287.0,287.0,0.08
318,wuf20-0385.mwcnf,20,91,10,1.0385210514068604,True,205.0,205.0,0.09
319,wuf20-0386.mwcnf,20,91,81,8.27939772605896,True,111.0,111.0,0.3000000000000001
320,wuf20-0387.mwcnf,20,91,500,50.77084136009216,False,1694.0,633.0,0.07
321,wuf20-0388.mwcnf,20,91,20,2.1242828369140625,True,244.0,244.0,0.10999999999999999
322,wuf20-0389.mwcnf,20,91,7,0.742189884185791,True,301.0,301.0,0.04
323,wuf20-039.mwcnf,20,91,8,0.8040616512298584,True,141.0,141.0,0.08
324,wuf20-0390.mwcnf,20,91,500,51.22613716125488,False,1299.0,320.0,0.3000000000000001
325,wuf20-0391.mwcnf,20,91,500,51.328282833099365,False,521.0,472.0,0.060000000000000005
326,wuf20-0392.mwcnf,20,91,8,0.7353038787841797,True,519.0,519.0,0.05
327,wuf20-0393.mwcnf,20,91,6,0.5138325691223145,True,472.0,472.0,0.03
328,wuf20-0394.mwcnf,20,91,500,51.43689298629761,False,557.0,361.0,0.12999999999999998
329,wuf20-0395.mwcnf,20,91,41,4.309265613555908,True,822.0,822.0,0.05
330,wuf20-0396.mwcnf,20,91,12,1.17988920211792,True,266.0,266.0,0.11999999999999998
331,wuf20-0397.mwcnf,20,91,81,8.356800079345703,True,243.0,243.0,0.05
332,wuf20-0398.mwcnf,20,91,10,0.9350314140319824,True,207.0,207.0,0.07
333,wuf20-0399.mwcnf,20,91,42,4.572748184204102,True,325.0,325.0,0.3000000000000001
334,wuf20-04.mwcnf,20,91,49,4.865236043930054,True,213.0,213.0,0.3000000000000001
335,wuf20-040.mwcnf,20,91,12,1.2949388027191162,True,204.0,204.0,0.11999999999999998
336,wuf20-0400.mwcnf,20,91,11,1.13759183883667,True,142.0,142.0,0.09
337,wuf20-0401.mwcnf,20,91,16,1.5944406986236572,True,863.0,863.0,0.03
338,wuf20-0402.mwcnf,20,91,8,0.7113583087921143,True,4.0,4.0,0.08
339,wuf20-0403.mwcnf,20,91,9,0.8916027545928955,True,687.0,687.0,0.05
340,wuf20-0404.mwcnf,20,91,9,0.7764840126037598,True,555.0,555.0,0.03
341,wuf20-0405.mwcnf,20,91,500,50.8773295879364,False,977.0,627.0,0.07
342,wuf20-0406.mwcnf,20,91,10,0.8603725433349609,True,202.0,202.0,0.09999999999999999
343,wuf20-0407.mwcnf,20,91,8,0.8159089088439941,True,204.0,204.0,0.060000000000000005
344,wuf20-0408.mwcnf,20,91,28,2.8093292713165283,True,237.0,237.0,0.25000000000000006
345,wuf20-0409.mwcnf,20,91,8,0.8009738922119141,True,364.0,364.0,0.060000000000000005
346,wuf20-041.mwcnf,20,91,11,1.0063822269439697,True,12.0,12.0,0.10999999999999999
347,wuf20-0410.mwcnf,20,91,46,4.74276328086853,True,207.0,207.0,0.3000000000000001
348,wuf20-0411.mwcnf,20,91,74,7.648305416107178,True,108.0,108.0,0.3000000000000001
349,wuf20-0412.mwcnf,20,91,13,1.3059308528900146,True,665.0,665.0,0.060000000000000005
350,wuf20-0413.mwcnf,20,91,500,50.42365789413452,False,457.0,149.0,0.2800000000000001
351,wuf20-0414.mwcnf,20,91,8,0.684816837310791,True,107.0,107.0,0.07
352,wuf20-0415.mwcnf,20,91,5,0.5797967910766602,True,634.0,634.0,0.05
353,wuf20-0416.mwcnf,20,91,9,0.8706045150756836,True,559.0,559.0,0.04
354,wuf20-0417.mwcnf,20,91,5,0.46502685546875,True,726.0,726.0,0.04
355,wuf20-0418.mwcnf,20,91,500,50.79061770439148,False,715.0,325.0,0.07
356,wuf20-0419.mwcnf,20,91,190,20.987442016601562,True,10.0,10.0,0.3000000000000001
357,wuf20-042.mwcnf,20,91,12,1.2384166717529297,True,205.0,205.0,0.09
358,wuf20-0420.mwcnf,20,91,55,5.723782539367676,True,106.0,106.0,0.3000000000000001
359,wuf20-0421.mwcnf,20,91,500,49.97454857826233,False,1105.0,394.0,0.09
360,wuf20-0422.mwcnf,20,91,7,0.7633850574493408,True,289.0,289.0,0.05
361,wuf20-0423.mwcnf,20,91,11,1.0558087825775146,True,206.0,206.0,0.07
362,wuf20-0424.mwcnf,20,91,13,1.3234403133392334,True,202.0,202.0,0.12999999999999998
363,wuf20-0425.mwcnf,20,91,36,3.812540292739868,True,107.0,107.0,0.3000000000000001
364,wuf20-0426.mwcnf,20,91,500,50.28864645957947,False,552.0,400.0,0.3000000000000001
365,wuf20-0427.mwcnf,20,91,500,51.004748821258545,False,905.0,585.0,0.060000000000000005
366,wuf20-0428.mwcnf,20,91,17,1.612185001373291,True,303.0,303.0,0.09999999999999999
367,wuf20-0429.mwcnf,20,91,500,50.80767869949341,False,555.0,479.0,0.07
368,wuf20-043.mwcnf,20,91,10,1.1179780960083008,True,109.0,109.0,0.09999999999999999
369,wuf20-0430.mwcnf,20,91,10,0.9213471412658691,True,576.0,576.0,0.05
370,wuf20-0431.mwcnf,20,91,500,50.63154101371765,False,642.0,464.0,0.07
371,wuf20-0432.mwcnf,20,91,8,0.7306241989135742,True,141.0,141.0,0.05
372,wuf20-0433.mwcnf,20,91,500,50.712236404418945,False,545.0,477.0,0.08
373,wuf20-0434.mwcnf,20,91,34,3.4204511642456055,True,1134.0,1134.0,0.3000000000000001
374,wuf20-0435.mwcnf,20,91,107,11.161097526550293,True,104.0,104.0,0.3000000000000001
375,wuf20-0436.mwcnf,20,91,13,1.2979719638824463,True,692.0,692.0,0.060000000000000005
376,wuf20-0437.mwcnf,20,91,40,4.302753686904907,True,111.0,111.0,0.3000000000000001
377,wuf20-0438.mwcnf,20,91,13,1.3051652908325195,True,138.0,138.0,0.10999999999999999
378,wuf20-0439.mwcnf,20,91,9,0.973461389541626,True,629.0,629.0,0.04
379,wuf20-044.mwcnf,20,91,25,2.4890785217285156,True,398.0,398.0,0.09
380,wuf20-0440.mwcnf,20,91,10,1.0742037296295166,True,359.0,359.0,0.09
381,wuf20-0441.mwcnf,20,91,500,51.0004665851593,False,1087.0,760.0,0.060000000000000005
382,wuf20-0442.mwcnf,20,91,19,1.9022202491760254,True,202.0,202.0,0.10999999999999999
383,wuf20-0443.mwcnf,20,91,6,0.6700432300567627,True,678.0,678.0,0.05
384,wuf20-0444.mwcnf,20,91,43,4.565060138702393,True,203.0,203.0,0.3000000000000001
385,wuf20-0445.mwcnf,20,91,500,50.38703012466431,False,925.0,762.0,0.07
386,wuf20-0446.mwcnf,20,91,500,50.43271517753601,False,789.0,656.0,0.08
387,wuf20-0447.mwcnf,20,91,37,3.8905327320098877,True,885.0,885.0,0.3000000000000001
388,wuf20-0448.mwcnf,20,91,8,0.7865698337554932,True,352.0,352.0,0.07
389,wuf20-0449.mwcnf,20,91,500,51.744900941848755,False,8.0,0.0,0.3000000000000001
390,wuf20-045.mwcnf,20,91,11,1.1876070499420166,True,860.0,860.0,0.09999999999999999
391,wuf20-0450.mwcnf,20,91,500,51.28138732910156,False,959.0,567.0,0.060000000000000005
392,wuf20-0451.mwcnf,20,91,500,51.044602394104004,False,797.0,579.0,0.07
393,wuf20-0452.mwcnf,20,91,500,50.78650617599487,False,250.0,201.0,0.21000000000000005
394,wuf20-0453.mwcnf,20,91,39,4.040534496307373,True,323.0,323.0,0.3000000000000001
395,wuf20-0454.mwcnf,20,91,26,2.534797191619873,True,336.0,336.0,0.26000000000000006
396,wuf20-0455.mwcnf,20,91,17,1.729447364807129,True,142.0,142.0,0.13999999999999999
397,wuf20-0456.mwcnf,20,91,500,50.197105169296265,False,871.0,204.0,0.07
398,wuf20-0457.mwcnf,20,91,5,0.46262621879577637,True,478.0,478.0,0.04
399,wuf20-0458.mwcnf,20,91,113,11.629379987716675,True,12.0,12.0,0.3000000000000001
400,wuf20-0459.mwcnf,20,91,109,10.842633724212646,True,469.0,469.0,0.09
401,wuf20-046.mwcnf,20,91,500,50.29611134529114,False,1067.0,1041.0,0.060000000000000005
402,wuf20-0460.mwcnf,20,91,500,51.05851888656616,False,856.0,532.0,0.07
403,wuf20-0461.mwcnf,20,91,9,0.9181787967681885,True,13.0,13.0,0.09
404,wuf20-0462.mwcnf,20,91,9,0.8889336585998535,True,115.0,115.0,0.09999999999999999
405,wuf20-0463.mwcnf,20,91,9,0.9244084358215332,True,219.0,219.0,0.060000000000000005
406,wuf20-0464.mwcnf,20,91,14,1.4581120014190674,True,5.0,5.0,0.13999999999999999
407,wuf20-0465.mwcnf,20,91,44,4.748817443847656,True,8.0,8.0,0.3000000000000001
408,wuf20-0466.mwcnf,20,91,94,10.058300733566284,True,111.0,111.0,0.3000000000000001
409,wuf20-0467.mwcnf,20,91,5,0.47600531578063965,True,601.0,601.0,0.04
410,wuf20-0468.mwcnf,20,91,379,39.65009331703186,True,214.0,214.0,0.3000000000000001
411,wuf20-0469.mwcnf,20,91,8,0.8886616230010986,True,211.0,211.0,0.08
412,wuf20-047.mwcnf,20,91,7,0.6913285255432129,True,318.0,318.0,0.05
413,wuf20-0470.mwcnf,20,91,7,0.6641688346862793,True,1333.0,1333.0,0.04
414,wuf20-0471.mwcnf,20,91,500,51.15538144111633,False,638.0,480.0,0.060000000000000005
415,wuf20-0472.mwcnf,20,91,52,5.661441087722778,True,319.0,319.0,0.3000000000000001
416,wuf20-0473.mwcnf,20,91,16,1.5578193664550781,True,581.0,581.0,0.060000000000000005
417,wuf20-0474.mwcnf,20,91,11,1.1301648616790771,True,318.0,318.0,0.10999999999999999
418,wuf20-0475.mwcnf,20,91,9,0.9162979125976562,True,111.0,111.0,0.09
419,wuf20-0476.mwcnf,20,91,27,2.6945395469665527,True,111.0,111.0,0.2700000000000001
420,wuf20-0477.mwcnf,20,91,9,0.9017906188964844,True,12.0,12.0,0.09
421,wuf20-0478.mwcnf,20,91,5,0.5577235221862793,True,316.0,316.0,0.04
422,wuf20-0479.mwcnf,20,91,15,1.6262812614440918,True,216.0,216.0,0.10999999999999999
423,wuf20-048.mwcnf,20,91,98,10.430203914642334,True,11.0,11.0,0.3000000000000001
424,wuf20-0480.mwcnf,20,91,500,49.80241537094116,False,786.0,446.0,0.07
425,wuf20-0481.mwcnf,20,91,5,0.4925811290740967,True,143.0,143.0,0.05
426,wuf20-0482.mwcnf,20,91,12,1.1482200622558594,True,468.0,468.0,0.08
427,wuf20-0483.mwcnf,20,91,500,50.14024209976196,False,842.0,692.0,0.07
428,wuf20-0484.mwcnf,20,91,8,0.7775287628173828,True,213.0,213.0,0.07
429,wuf20-0485.mwcnf,20,91,13,1.3225347995758057,True,726.0,726.0,0.05
430,wuf20-0486.mwcnf,20,91,500,50.948760986328125,False,515.0,394.0,0.08
431,wuf20-0487.mwcnf,20,91,13,1.4257335662841797,True,559.0,559.0,0.060000000000000005
432,wuf20-0488.mwcnf,20,91,500,52.02561640739441,False,692.0,282.0,0.07
433,wuf20-0489.mwcnf,20,91,10,0.998802661895752,True,352.0,352.0,0.08
434,wuf20-049.mwcnf,20,91,17,1.7284519672393799,True,109.0,109.0,0.17
435,wuf20-0490.mwcnf,20,91,6,0.619499921798706,True,13.0,13.0,0.060000000000000005
436,wuf20-0491.mwcnf,20,91,500,50.92474937438965,False,335.0,212.0,0.17
437,wuf20-0492.mwcnf,20,91,500,51.83240294456482,False,848.0,404.0,0.07
438,wuf20-0493.mwcnf,20,91,8,0.830794095993042,True,12.0,12.0,0.08
439,wuf20-0494.mwcnf,20,91,500,51.256627321243286,False,843.0,546.0,0.060000000000000005
440,wuf20-0495.mwcnf,20,91,72,7.44995903968811,True,216.0,216.0,0.3000000000000001
441,wuf20-0496.mwcnf,20,91,500,50.84480834007263,False,689.0,555.0,0.15
442,wuf20-0497.mwcnf,20,91,10,1.0210239887237549,True,621.0,621.0,0.02
443,wuf20-0498.mwcnf,20,91,500,50.93575167655945,False,419.0,213.0,0.25000000000000006
444,wuf20-0499.mwcnf,20,91,8,0.7551620006561279,True,680.0,680.0,0.07
445,wuf20-05.mwcnf,20,91,19,2.0047521591186523,True,547.0,547.0,0.18000000000000002
446,wuf20-050.mwcnf,20,91,43,4.303931713104248,True,9.0,9.0,0.3000000000000001
447,wuf20-0500.mwcnf,20,91,15,1.5918395519256592,True,420.0,420.0,0.12999999999999998
448,wuf20-0501.mwcnf,20,91,10,1.0494019985198975,True,556.0,556.0,0.04
449,wuf20-0502.mwcnf,20,91,5,0.5235989093780518,True,703.0,703.0,0.02
450,wuf20-0503.mwcnf,20,91,23,2.2968969345092773,True,472.0,472.0,0.10999999999999999
451,wuf20-0504.mwcnf,20,91,43,4.517182111740112,True,11.0,11.0,0.3000000000000001
452,wuf20-0505.mwcnf,20,91,40,4.146665096282959,True,283.0,283.0,0.3000000000000001
453,wuf20-0506.mwcnf,20,91,7,0.765333890914917,True,355.0,355.0,0.060000000000000005
454,wuf20-0507.mwcnf,20,91,500,50.85951566696167,False,755.0,672.0,0.07
455,wuf20-0508.mwcnf,20,91,7,0.722184419631958,True,412.0,412.0,0.060000000000000005
456,wuf20-0509.mwcnf,20,91,43,4.523555278778076,True,147.0,147.0,0.3000000000000001
457,wuf20-051.mwcnf,20,91,20,1.9726345539093018,True,318.0,318.0,0.09
458,wuf20-0510.mwcnf,20,91,500,50.763885498046875,False,1382.0,452.0,0.08
459,wuf20-0511.mwcnf,20,91,500,50.40943455696106,False,726.0,314.0,0.07
460,wuf20-0512.mwcnf,20,91,12,1.1869702339172363,True,419.0,419.0,0.08
461,wuf20-0513.mwcnf,20,91,24,2.4275622367858887,True,419.0,419.0,0.09999999999999999
462,wuf20-0514.mwcnf,20,91,90,9.212373495101929,True,10.0,10.0,0.3000000000000001
463,wuf20-0515.mwcnf,20,91,500,51.405665159225464,False,477.0,436.0,0.07
464,wuf20-0516.mwcnf,20,91,12,1.2035655975341797,True,908.0,908.0,0.060000000000000005
465,wuf20-0517.mwcnf,20,91,70,7.417224407196045,True,13.0,13.0,0.3000000000000001
466,wuf20-0518.mwcnf,20,91,14,1.443298101425171,True,10.0,10.0,0.13999999999999999
467,wuf20-0519.mwcnf,20,91,95,10.269644021987915,True,9.0,9.0,0.3000000000000001
468,wuf20-052.mwcnf,20,91,500,51.69595170021057,False,468.0,367.0,0.08
469,wuf20-0520.mwcnf,20,91,11,1.0974609851837158,True,216.0,216.0,0.08
470,wuf20-0521.mwcnf,20,91,36,3.7322418689727783,True,215.0,215.0,0.3000000000000001
471,wuf20-0522.mwcnf,20,91,9,0.8747632503509521,True,834.0,834.0,0.08
472,wuf20-0523.mwcnf,20,91,9,0.8238978385925293,True,148.0,148.0,0.09
473,wuf20-0524.mwcnf,20,91,38,3.9438345432281494,True,12.0,12.0,0.3000000000000001
474,wuf20-0525.mwcnf,20,91,500,50.41110706329346,False,957.0,803.0,0.060000000000000005
475,wuf20-0526.mwcnf,20,91,16,1.6206350326538086,True,114.0,114.0,0.15
476,wuf20-0527.mwcnf,20,91,12,1.2231557369232178,True,217.0,217.0,0.09
477,wuf20-0528.mwcnf,20,91,79,8.149317979812622,True,9.0,9.0,0.3000000000000001
478,wuf20-0529.mwcnf,20,91,44,4.56258749961853,True,422.0,422.0,0.3000000000000001
479,wuf20-053.mwcnf,20,91,133,13.966087102890015,True,111.0,111.0,0.3000000000000001
480,wuf20-0530.mwcnf,20,91,500,50.6263222694397,False,377.0,336.0,0.3000000000000001
481,wuf20-0531.mwcnf,20,91,500,50.492759466171265,False,1003.0,648.0,0.08
482,wuf20-0532.mwcnf,20,91,132,13.667662143707275,True,106.0,106.0,0.3000000000000001
483,wuf20-0533.mwcnf,20,91,19,1.8861141204833984,True,147.0,147.0,0.18000000000000002
484,wuf20-0534.mwcnf,20,91,500,50.55776047706604,False,523.0,468.0,0.060000000000000005
485,wuf20-0535.mwcnf,20,91,311,31.479492902755737,True,736.0,736.0,0.060000000000000005
486,wuf20-0536.mwcnf,20,91,70,7.16411280632019,True,10.0,10.0,0.3000000000000001
487,wuf20-0537.mwcnf,20,91,20,2.0135490894317627,True,417.0,417.0,0.05
488,wuf20-0538.mwcnf,20,91,11,1.045658826828003,True,315.0,315.0,0.08
489,wuf20-0539.mwcnf,20,91,500,51.270654916763306,False,962.0,537.0,0.07
490,wuf20-054.mwcnf,20,91,39,4.076533079147339,True,563.0,563.0,0.3000000000000001
491,wuf20-0540.mwcnf,20,91,500,50.64694333076477,False,572.0,394.0,0.060000000000000005
492,wuf20-0541.mwcnf,20,91,500,50.84155011177063,False,780.0,411.0,0.09999999999999999
493,wuf20-0542.mwcnf,20,91,6,0.6607794761657715,True,115.0,115.0,0.060000000000000005
494,wuf20-0543.mwcnf,20,91,7,0.6796309947967529,True,115.0,115.0,0.07
495,wuf20-0544.mwcnf,20,91,9,0.9449248313903809,True,592.0,592.0,0.05
496,wuf20-0545.mwcnf,20,91,5,0.5212743282318115,True,115.0,115.0,0.05
497,wuf20-0546.mwcnf,20,91,8,0.7796216011047363,True,421.0,421.0,0.07
498,wuf20-0547.mwcnf,20,91,11,1.0770106315612793,True,116.0,116.0,0.09999999999999999
499,wuf20-0548.mwcnf,20,91,9,0.9666130542755127,True,556.0,556.0,0.060000000000000005
500,wuf20-0549.mwcnf,20,91,500,50.934263944625854,False,588.0,520.0,0.07
501,wuf20-055.mwcnf,20,91,15,1.4954426288604736,True,624.0,624.0,0.03
502,wuf20-0550.mwcnf,20,91,37,3.7276713848114014,True,13.0,13.0,0.3000000000000001
503,wuf20-0551.mwcnf,20,91,11,1.1345021724700928,True,214.0,214.0,0.08
504,wuf20-0552.mwcnf,20,91,66,6.837186574935913,True,111.0,111.0,0.3000000000000001
505,wuf20-0553.mwcnf,20,91,12,1.1429564952850342,True,111.0,111.0,0.10999999999999999
506,wuf20-0554.mwcnf,20,91,5,0.5555839538574219,True,724.0,724.0,0.03
507,wuf20-0555.mwcnf,20,91,500,50.87210988998413,False,554.0,508.0,0.060000000000000005
508,wuf20-0556.mwcnf,20,91,4,0.34464144706726074,True,148.0,148.0,0.04
509,wuf20-0557.mwcnf,20,91,41,4.388477087020874,True,762.0,762.0,0.3000000000000001
510,wuf20-0558.mwcnf,20,91,50,4.79083514213562,True,338.0,338.0,0.22000000000000006
511,wuf20-0559.mwcnf,20,91,37,4.05037260055542,True,520.0,520.0,0.3000000000000001
512,wuf20-056.mwcnf,20,91,500,50.16718602180481,False,448.0,432.0,0.09
513,wuf20-0560.mwcnf,20,91,16,1.7254300117492676,True,216.0,216.0,0.15
514,wuf20-0561.mwcnf,20,91,10,1.0267889499664307,True,306.0,306.0,0.07
515,wuf20-0562.mwcnf,20,91,31,3.251100778579712,True,145.0,145.0,0.3000000000000001
516,wuf20-0563.mwcnf,20,91,500,50.4119553565979,False,749.0,481.0,0.26000000000000006
517,wuf20-0564.mwcnf,20,91,13,1.3138484954833984,True,216.0,216.0,0.10999999999999999
518,wuf20-0565.mwcnf,20,91,9,0.8941128253936768,True,356.0,356.0,0.04
519,wuf20-0566.mwcnf,20,91,500,51.070436000823975,False,1029.0,389.0,0.060000000000000005
520,wuf20-0567.mwcnf,20,91,500,50.68112635612488,False,1064.0,655.0,0.060000000000000005
521,wuf20-0568.mwcnf,20,91,6,0.6022117137908936,True,317.0,317.0,0.05
522,wuf20-0569.mwcnf,20,91,500,50.64639115333557,False,824.0,240.0,0.09999999999999999
523,wuf20-057.mwcnf,20,91,11,1.189664363861084,True,600.0,600.0,0.09999999999999999
524,wuf20-0570.mwcnf,20,91,18,1.8473384380340576,True,848.0,848.0,0.03
525,wuf20-0571.mwcnf,20,91,500,50.688966274261475,False,988.0,414.0,0.07
526,wuf20-0572.mwcnf,20,91,7,0.6361598968505859,True,111.0,111.0,0.060000000000000005
527,wuf20-0573.mwcnf,20,91,8,0.8498375415802002,True,447.0,447.0,0.05
528,wuf20-0574.mwcnf,20,91,38,3.9185032844543457,True,110.0,110.0,0.3000000000000001
529,wuf20-0575.mwcnf,20,91,8,0.7969167232513428,True,367.0,367.0,0.05
530,wuf20-0576.mwcnf,20,91,65,6.753719329833984,True,9.0,9.0,0.3000000000000001
531,wuf20-0577.mwcnf,20,91,8,0.85365891456604,True,699.0,699.0,0.04
532,wuf20-0578.mwcnf,20,91,11,1.1593389511108398,True,351.0,351.0,0.09999999999999999
533,wuf20-0579.mwcnf,20,91,6,0.5391004085540771,True,219.0,219.0,0.060000000000000005
534,wuf20-058.mwcnf,20,91,7,0.7123560905456543,True,594.0,594.0,0.03
535,wuf20-0580.mwcnf,20,91,21,2.229995012283325,True,928.0,928.0,0.12999999999999998
536,wuf20-0581.mwcnf,20,91,70,7.333411693572998,True,149.0,149.0,0.3000000000000001
537,wuf20-0582.mwcnf,20,91,97,9.833721399307251,True,10.0,10.0,0.3000000000000001
538,wuf20-0583.mwcnf,20,91,12,1.1370813846588135,True,215.0,215.0,0.10999999999999999
539,wuf20-0584.mwcnf,20,91,42,4.272212505340576,True,110.0,110.0,0.3000000000000001
540,wuf20-0585.mwcnf,20,91,45,4.600748538970947,True,745.0,745.0,0.060000000000000005
541,wuf20-0586.mwcnf,20,91,10,0.8757669925689697,True,9.0,9.0,0.09999999999999999
542,wuf20-0587.mwcnf,20,91,14,1.3055543899536133,True,375.0,375.0,0.09999999999999999
543,wuf20-0588.mwcnf,20,91,500,51.14237570762634,False,1332.0,1082.0,0.060000000000000005
544,wuf20-0589.mwcnf,20,91,5,0.5282754898071289,True,462.0,462.0,0.04
545,wuf20-059.mwcnf,20,91,102,10.958302021026611,True,9.0,9.0,0.3000000000000001
546,wuf20-0590.mwcnf,20,91,500,50.57818531990051,False,519.0,211.0,0.11999999999999998
547,wuf20-0591.mwcnf,20,91,8,0.7522351741790771,True,112.0,112.0,0.08
548,wuf20-0592.mwcnf,20,91,16,1.6609244346618652,True,343.0,343.0,0.13999999999999999
549,wuf20-0593.mwcnf,20,91,500,51.17459750175476,False,1151.0,331.0,0.3000000000000001
550,wuf20-0594.mwcnf,20,91,8,0.8761613368988037,True,7.0,7.0,0.08
551,wuf20-0595.mwcnf,20,91,8,0.8619742393493652,True,730.0,730.0,0.060000000000000005
552,wuf20-0596.mwcnf,20,91,6,0.5872983932495117,True,547.0,547.0,0.05
553,wuf20-0597.mwcnf,20,91,40,4.021967649459839,True,551.0,551.0,0.3000000000000001
554,wuf20-0598.mwcnf,20,91,10,1.171677827835083,True,549.0,549.0,0.09
555,wuf20-0599.mwcnf,20,91,108,11.282389879226685,True,548.0,548.0,0.3000000000000001
556,wuf20-06.mwcnf,20,91,17,1.8050251007080078,True,1090.0,1090.0,0.09
557,wuf20-060.mwcnf,20,91,9,0.9385576248168945,True,1628.0,1628.0,0.09
558,wuf20-0600.mwcnf,20,91,40,4.108362913131714,True,8.0,8.0,0.3000000000000001
559,wuf20-0601.mwcnf,20,91,29,2.87449049949646,True,1087.0,1087.0,0.12999999999999998
560,wuf20-0602.mwcnf,20,91,14,1.3836205005645752,True,2701.0,2701.0,0.060000000000000005
561,wuf20-0603.mwcnf,20,91,500,51.27460813522339,False,2467.0,2313.0,0.060000000000000005
562,wuf20-0604.mwcnf,20,91,40,4.080142259597778,True,4521.0,4521.0,0.07
563,wuf20-0605.mwcnf,20,91,500,48.73679518699646,False,4048.0,3643.0,0.23000000000000007
564,wuf20-0606.mwcnf,20,91,246,23.505077123641968,True,12.0,12.0,0.3000000000000001
565,wuf20-0607.mwcnf,20,91,8,0.7562804222106934,True,11.0,11.0,0.08
566,wuf20-0608.mwcnf,20,91,16,1.4318163394927979,True,2165.0,2165.0,0.15
567,wuf20-0609.mwcnf,20,91,42,3.797203540802002,True,5754.0,5754.0,0.3000000000000001
568,wuf20-061.mwcnf,20,91,7,0.7014369964599609,True,11.0,11.0,0.07
569,wuf20-0610.mwcnf,20,91,10,0.991218090057373,True,1948.0,1948.0,0.07
570,wuf20-0611.mwcnf,20,91,72,6.8596484661102295,True,2161.0,2161.0,0.3000000000000001
571,wuf20-0612.mwcnf,20,91,12,1.0913212299346924,True,548.0,548.0,0.10999999999999999
572,wuf20-0613.mwcnf,20,91,12,1.2360658645629883,True,1806.0,1806.0,0.10999999999999999
573,wuf20-0614.mwcnf,20,91,13,1.2400193214416504,True,12.0,12.0,0.13999999999999999
574,wuf20-0615.mwcnf,20,91,9,0.8330714702606201,True,1625.0,1625.0,0.05
575,wuf20-0616.mwcnf,20,91,21,2.030519485473633,True,1084.0,1084.0,0.21000000000000005
576,wuf20-0617.mwcnf,20,91,500,46.61501336097717,False,2456.0,2162.0,0.060000000000000005
577,wuf20-0618.mwcnf,20,91,68,6.333401441574097,True,547.0,547.0,0.3000000000000001
578,wuf20-0619.mwcnf,20,91,12,1.1535184383392334,True,3707.0,3707.0,0.07
579,wuf20-062.mwcnf,20,91,13,1.0983426570892334,True,2784.0,2784.0,0.060000000000000005
580,wuf20-0620.mwcnf,20,91,500,46.10077500343323,False,6469.0,6050.0,0.060000000000000005
581,wuf20-0621.mwcnf,20,91,16,1.5006628036499023,True,1730.0,1730.0,0.09999999999999999
582,wuf20-0622.mwcnf,20,91,17,1.3692739009857178,True,3553.0,3553.0,0.04
583,wuf20-0623.mwcnf,20,91,4,0.37340712547302246,True,1085.0,1085.0,0.03
584,wuf20-0624.mwcnf,20,91,500,47.171852588653564,False,4100.0,2593.0,0.11999999999999998
585,wuf20-0625.mwcnf,20,91,7,0.6263961791992188,True,11.0,11.0,0.07
586,wuf20-0626.mwcnf,20,91,12,1.0735228061676025,True,2346.0,2346.0,0.09
587,wuf20-0627.mwcnf,20,91,500,46.19040822982788,False,5610.0,2916.0,0.060000000000000005
588,wuf20-0628.mwcnf,20,91,500,46.78593993186951,False,1895.0,1624.0,0.3000000000000001
589,wuf20-0629.mwcnf,20,91,11,1.0662109851837158,True,2849.0,2849.0,0.09
590,wuf20-063.mwcnf,20,91,16,1.4721488952636719,True,2883.0,2883.0,0.05
591,wuf20-0630.mwcnf,20,91,41,3.7574543952941895,True,13.0,13.0,0.3000000000000001
592,wuf20-0631.mwcnf,20,91,5,0.5250375270843506,True,10.0,10.0,0.05
593,wuf20-0632.mwcnf,20,91,105,9.640182495117188,True,1268.0,1268.0,0.3000000000000001
594,wuf20-0633.mwcnf,20,91,12,1.05780029296875,True,2576.0,2576.0,0.060000000000000005
595,wuf20-0634.mwcnf,20,91,7,0.6277594566345215,True,4365.0,4365.0,0.02
596,wuf20-0635.mwcnf,20,91,10,1.0052940845489502,True,728.0,728.0,0.05
597,wuf20-0636.mwcnf,20,91,500,46.19921875,False,4933.0,2161.0,0.3000000000000001
598,wuf20-0637.mwcnf,20,91,29,2.74212646484375,True,1299.0,1299.0,0.10999999999999999
599,wuf20-0638.mwcnf,20,91,11,0.9730894565582275,True,1544.0,1544.0,0.08
600,wuf20-0639.mwcnf,20,91,44,4.007328510284424,True,1627.0,1627.0,0.3000000000000001
601,wuf20-064.mwcnf,20,91,500,46.69956970214844,False,2165.0,1895.0,0.07
602,wuf20-0640.mwcnf,20,91,18,1.6255848407745361,True,4314.0,4314.0,0.060000000000000005
603,wuf20-0641.mwcnf,20,91,500,46.31038761138916,False,2163.0,1624.0,0.07
604,wuf20-0642.mwcnf,20,91,500,46.35959219932556,False,3530.0,2869.0,0.060000000000000005
605,wuf20-0643.mwcnf,20,91,9,0.8430204391479492,True,4903.0,4903.0,0.04
606,wuf20-0644.mwcnf,20,91,15,1.4823064804077148,True,2239.0,2239.0,0.060000000000000005
607,wuf20-0645.mwcnf,20,91,500,46.55327105522156,False,3955.0,2701.0,0.060000000000000005
608,wuf20-0646.mwcnf,20,91,6,0.5474205017089844,True,2164.0,2164.0,0.05
609,wuf20-0647.mwcnf,20,91,11,0.9821820259094238,True,548.0,548.0,0.09999999999999999
610,wuf20-0648.mwcnf,20,91,500,46.78912949562073,False,4079.0,2640.0,0.060000000000000005
611,wuf20-0649.mwcnf,20,91,500,46.88212609291077,False,4382.0,2765.0,0.07
612,wuf20-065.mwcnf,20,91,10,0.8484830856323242,True,2162.0,2162.0,0.09
613,wuf20-0650.mwcnf,20,91,500,45.94576287269592,False,5271.0,4314.0,0.05
614,wuf20-0651.mwcnf,20,91,8,0.7458100318908691,True,2434.0,2434.0,0.07
615,wuf20-0652.mwcnf,20,91,100,9.730209350585938,True,551.0,551.0,0.3000000000000001
616,wuf20-0653.mwcnf,20,91,16,1.471346139907837,True,4632.0,4632.0,0.05
617,wuf20-0654.mwcnf,20,91,6,0.6231029033660889,True,2080.0,2080.0,0.04
618,wuf20-0655.mwcnf,20,91,56,4.917110204696655,True,4697.0,4697.0,0.3000000000000001
619,wuf20-0656.mwcnf,20,91,65,6.071648836135864,True,547.0,547.0,0.3000000000000001
620,wuf20-0657.mwcnf,20,91,500,47.57112646102905,False,2633.0,2028.0,0.060000000000000005
621,wuf20-0658.mwcnf,20,91,11,1.0335941314697266,True,2318.0,2318.0,0.07
622,wuf20-0659.mwcnf,20,91,25,2.453200340270996,True,3824.0,3824.0,0.060000000000000005
623,wuf20-066.mwcnf,20,91,11,1.0471858978271484,True,2166.0,2166.0,0.08
624,wuf20-0660.mwcnf,20,91,12,1.0493130683898926,True,550.0,550.0,0.10999999999999999
625,wuf20-0661.mwcnf,20,91,12,1.103863000869751,True,1087.0,1087.0,0.10999999999999999
626,wuf20-0662.mwcnf,20,91,7,0.5858461856842041,True,3198.0,3198.0,0.03
627,wuf20-0663.mwcnf,20,91,11,0.8874330520629883,True,1265.0,1265.0,0.08
628,wuf20-0664.mwcnf,20,91,42,4.111376523971558,True,12.0,12.0,0.3000000000000001
629,wuf20-0665.mwcnf,20,91,8,0.7311506271362305,True,4358.0,4358.0,0.02
630,wuf20-0666.mwcnf,20,91,10,0.9531137943267822,True,1086.0,1086.0,0.04
631,wuf20-0667.mwcnf,20,91,500,46.951948165893555,False,7015.0,1444.0,0.060000000000000005
632,wuf20-0668.mwcnf,20,91,500,46.649550676345825,False,2592.0,1948.0,0.060000000000000005
633,wuf20-0669.mwcnf,20,91,5,0.467273473739624,True,549.0,549.0,0.04
634,wuf20-067.mwcnf,20,91,500,47.09093236923218,False,7390.0,3766.0,0.060000000000000005
635,wuf20-0670.mwcnf,20,91,26,2.428117275238037,True,546.0,546.0,0.24000000000000007
636,wuf20-0671.mwcnf,20,91,13,1.2656621932983398,True,3068.0,3068.0,0.03
637,wuf20-0672.mwcnf,20,91,12,1.1492347717285156,True,728.0,728.0,0.10999999999999999
638,wuf20-0673.mwcnf,20,91,500,46.42641615867615,False,7436.0,3307.0,0.08
639,wuf20-0674.mwcnf,20,91,40,3.999814510345459,True,7.0,7.0,0.3000000000000001
640,wuf20-0675.mwcnf,20,91,182,17.2009916305542,True,551.0,551.0,0.3000000000000001
641,wuf20-0676.mwcnf,20,91,500,46.16783690452576,False,3909.0,1754.0,0.08
642,wuf20-0677.mwcnf,20,91,500,46.961761713027954,False,3394.0,1854.0,0.060000000000000005
643,wuf20-0678.mwcnf,20,91,38,3.432128667831421,True,10.0,10.0,0.3000000000000001
644,wuf20-0679.mwcnf,20,91,500,46.39454436302185,False,2782.0,1704.0,0.10999999999999999
645,wuf20-068.mwcnf,20,91,500,45.994274616241455,False,2885.0,1983.0,0.09999999999999999
646,wuf20-0680.mwcnf,20,91,9,0.7941145896911621,True,551.0,551.0,0.07
647,wuf20-0681.mwcnf,20,91,12,1.0258188247680664,True,2381.0,2381.0,0.04
648,wuf20-0682.mwcnf,20,91,500,46.88928771018982,False,3620.0,2773.0,0.07
649,wuf20-0683.mwcnf,20,91,6,0.5394134521484375,True,12.0,12.0,0.060000000000000005
650,wuf20-0684.mwcnf,20,91,39,3.613457679748535,True,9.0,9.0,0.3000000000000001
651,wuf20-0685.mwcnf,20,91,116,10.204103469848633,True,2488.0,2488.0,0.07
652,wuf20-0686.mwcnf,20,91,40,3.7996139526367188,True,1546.0,1546.0,0.3000000000000001
653,wuf20-0687.mwcnf,20,91,190,18.08317756652832,True,549.0,549.0,0.3000000000000001
654,wuf20-0688.mwcnf,20,91,500,47.55996918678284,False,6199.0,3504.0,0.3000000000000001
655,wuf20-0689.mwcnf,20,91,500,46.5873281955719,False,2163.0,2107.0,0.060000000000000005
656,wuf20-069.mwcnf,20,91,10,0.9430966377258301,True,548.0,548.0,0.09
657,wuf20-0690.mwcnf,20,91,500,45.90277123451233,False,5565.0,3203.0,0.05
658,wuf20-0691.mwcnf,20,91,10,0.8800971508026123,True,12.0,12.0,0.09999999999999999
659,wuf20-0692.mwcnf,20,91,42,3.821928024291992,True,1088.0,1088.0,0.3000000000000001
660,wuf20-0693.mwcnf,20,91,73,7.0262041091918945,True,550.0,550.0,0.3000000000000001
661,wuf20-0694.mwcnf,20,91,282,26.5447359085083,True,551.0,551.0,0.3000000000000001
662,wuf20-0695.mwcnf,20,91,9,0.8307783603668213,True,554.0,554.0,0.08
663,wuf20-0696.mwcnf,20,91,9,0.8332095146179199,True,1984.0,1984.0,0.060000000000000005
664,wuf20-0697.mwcnf,20,91,9,0.8637290000915527,True,3956.0,3956.0,0.05
665,wuf20-0698.mwcnf,20,91,11,1.0799508094787598,True,14.0,14.0,0.09999999999999999
666,wuf20-0699.mwcnf,20,91,56,4.945823431015015,True,1084.0,1084.0,0.07
667,wuf20-07.mwcnf,20,91,500,45.55571985244751,False,5517.0,2950.0,0.060000000000000005
668,wuf20-070.mwcnf,20,91,500,45.81813049316406,False,3975.0,3269.0,0.060000000000000005
669,wuf20-0700.mwcnf,20,91,45,4.081162214279175,True,11.0,11.0,0.3000000000000001
670,wuf20-0701.mwcnf,20,91,10,0.8782296180725098,True,9.0,9.0,0.09999999999999999
671,wuf20-0702.mwcnf,20,91,7,0.6388890743255615,True,6952.0,6952.0,0.03
672,wuf20-0703.mwcnf,20,91,500,46.04007625579834,False,3939.0,3454.0,0.060000000000000005
673,wuf20-0704.mwcnf,20,91,500,46.01388478279114,False,5034.0,2879.0,0.060000000000000005
674,wuf20-0705.mwcnf,20,91,5,0.37389063835144043,True,550.0,550.0,0.04
675,wuf20-0706.mwcnf,20,91,37,3.1041717529296875,True,6660.0,6660.0,0.05
676,wuf20-0707.mwcnf,20,91,8,0.7368991374969482,True,2162.0,2162.0,0.04
677,wuf20-0708.mwcnf,20,91,15,1.388866901397705,True,11.0,11.0,0.15
678,wuf20-0709.mwcnf,20,91,17,1.4907100200653076,True,3243.0,3243.0,0.11999999999999998
679,wuf20-071.mwcnf,20,91,500,46.608808279037476,False,4315.0,2040.0,0.05
680,wuf20-0710.mwcnf,20,91,15,1.3478269577026367,True,1623.0,1623.0,0.07
681,wuf20-0711.mwcnf,20,91,26,2.3993844985961914,True,1355.0,1355.0,0.21000000000000005
682,wuf20-0712.mwcnf,20,91,38,3.728001832962036,True,11.0,11.0,0.3000000000000001
683,wuf20-0713.mwcnf,20,91,500,46.27686524391174,False,3060.0,2702.0,0.060000000000000005
684,wuf20-0714.mwcnf,20,91,17,1.5457398891448975,True,3403.0,3403.0,0.07
685,wuf20-0715.mwcnf,20,91,54,5.037128686904907,True,10.0,10.0,0.3000000000000001
686,wuf20-0716.mwcnf,20,91,38,3.496814489364624,True,10.0,10.0,0.3000000000000001
687,wuf20-0717.mwcnf,20,91,275,26.150310039520264,True,550.0,550.0,0.3000000000000001
688,wuf20-0718.mwcnf,20,91,14,1.3256638050079346,True,1622.0,1622.0,0.04
689,wuf20-0719.mwcnf,20,91,37,3.4304497241973877,True,1515.0,1515.0,0.3000000000000001
690,wuf20-072.mwcnf,20,91,10,0.9568002223968506,True,2168.0,2168.0,0.07
691,wuf20-0720.mwcnf,20,91,10,0.9456121921539307,True,1854.0,1854.0,0.09
692,wuf20-0721.mwcnf,20,91,12,1.1186292171478271,True,3599.0,3599.0,0.05
693,wuf20-0722.mwcnf,20,91,500,45.82502031326294,False,4432.0,3241.0,0.08
694,wuf20-0723.mwcnf,20,91,8,0.7853000164031982,True,1088.0,1088.0,0.060000000000000005
695,wuf20-0724.mwcnf,20,91,37,3.36911940574646,True,3954.0,3954.0,0.05
696,wuf20-0725.mwcnf,20,91,6,0.5900070667266846,True,8.0,8.0,0.060000000000000005
697,wuf20-0726.mwcnf,20,91,80,7.678956508636475,True,2971.0,2971.0,0.05
698,wuf20-0727.mwcnf,20,91,500,45.50650453567505,False,5002.0,4120.0,0.3000000000000001
699,wuf20-0728.mwcnf,20,91,16,1.5839176177978516,True,1448.0,1448.0,0.060000000000000005
700,wuf20-0729.mwcnf,20,91,16,1.5817596912384033,True,9.0,9.0,0.17
701,wuf20-073.mwcnf,20,91,18,1.6803770065307617,True,733.0,733.0,0.17
702,wuf20-0730.mwcnf,20,91,10,1.0189392566680908,True,3222.0,3222.0,0.060000000000000005
703,wuf20-0731.mwcnf,20,91,11,1.0268404483795166,True,1452.0,1452.0,0.09999999999999999
704,wuf20-0732.mwcnf,20,91,500,45.5927255153656,False,3753.0,3322.0,0.060000000000000005
705,wuf20-0733.mwcnf,20,91,13,1.2030189037322998,True,14.0,14.0,0.12999999999999998
706,wuf20-0734.mwcnf,20,91,12,1.0303797721862793,True,5144.0,5144.0,0.05
707,wuf20-0735.mwcnf,20,91,8,0.7348718643188477,True,6.0,6.0,0.08
708,wuf20-0736.mwcnf,20,91,210,20.032118558883667,True,730.0,730.0,0.3000000000000001
709,wuf20-0737.mwcnf,20,91,68,6.551482439041138,True,3611.0,3611.0,0.3000000000000001
710,wuf20-0738.mwcnf,20,91,500,46.30984973907471,False,10095.0,2167.0,0.3000000000000001
711,wuf20-0739.mwcnf,20,91,7,0.5854463577270508,True,970.0,970.0,0.060000000000000005
712,wuf20-074.mwcnf,20,91,41,3.626420497894287,True,8.0,8.0,0.3000000000000001
713,wuf20-0740.mwcnf,20,91,9,0.7703351974487305,True,730.0,730.0,0.08
714,wuf20-0741.mwcnf,20,91,7,0.6316955089569092,True,8172.0,8172.0,0.05
715,wuf20-0742.mwcnf,20,91,500,46.181623220443726,False,7309.0,4726.0,0.060000000000000005
716,wuf20-0743.mwcnf,20,91,10,0.8966004848480225,True,1449.0,1449.0,0.07
717,wuf20-0744.mwcnf,20,91,19,1.601858139038086,True,2317.0,2317.0,0.05
718,wuf20-0745.mwcnf,20,91,500,43.6802921295166,False,10236.0,3035.0,0.060000000000000005
719,wuf20-0746.mwcnf,20,91,7,0.5847675800323486,True,1863.0,1863.0,0.04
720,wuf20-0747.mwcnf,20,91,16,1.3380730152130127,True,2891.0,2891.0,0.060000000000000005
721,wuf20-0748.mwcnf,20,91,8,0.6944375038146973,True,6026.0,6026.0,0.04
722,wuf20-0749.mwcnf,20,91,26,2.3193352222442627,True,1741.0,1741.0,0.08
723,wuf20-075.mwcnf,20,91,8,0.73128342628479,True,4511.0,4511.0,0.04
724,wuf20-0750.mwcnf,20,91,67,5.997166395187378,True,734.0,734.0,0.3000000000000001
725,wuf20-0751.mwcnf,20,91,13,1.1356163024902344,True,1451.0,1451.0,0.09
726,wuf20-0752.mwcnf,20,91,10,0.8916232585906982,True,3252.0,3252.0,0.05
727,wuf20-0753.mwcnf,20,91,500,43.58488941192627,False,4905.0,4619.0,0.3000000000000001
728,wuf20-0754.mwcnf,20,91,500,43.53990697860718,False,4882.0,2887.0,0.07
729,wuf20-0755.mwcnf,20,91,34,2.9738881587982178,True,11.0,11.0,0.3000000000000001
730,wuf20-0756.mwcnf,20,91,14,1.2424602508544922,True,2891.0,2891.0,0.03
731,wuf20-0757.mwcnf,20,91,9,0.8305456638336182,True,1738.0,1738.0,0.08
732,wuf20-0758.mwcnf,20,91,500,44.37295460700989,False,7021.0,4015.0,0.08
733,wuf20-0759.mwcnf,20,91,8,0.6641879081726074,True,9.0,9.0,0.08
734,wuf20-076.mwcnf,20,91,100,9.248409986495972,True,9.0,9.0,0.3000000000000001
735,wuf20-0760.mwcnf,20,91,500,45.158668994903564,False,7933.0,3491.0,0.07
736,wuf20-0761.mwcnf,20,91,12,1.1366431713104248,True,8206.0,8206.0,0.060000000000000005
737,wuf20-0762.mwcnf,20,91,160,14.542030096054077,True,1451.0,1451.0,0.3000000000000001
738,wuf20-0763.mwcnf,20,91,18,1.6494293212890625,True,8.0,8.0,0.18000000000000002
739,wuf20-0764.mwcnf,20,91,128,11.588313817977905,True,11.0,11.0,0.3000000000000001
740,wuf20-0765.mwcnf,20,91,74,6.4357850551605225,True,3611.0,3611.0,0.3000000000000001
741,wuf20-0766.mwcnf,20,91,500,44.63397812843323,False,5053.0,4764.0,0.08
742,wuf20-0767.mwcnf,20,91,500,44.35420846939087,False,7472.0,4711.0,0.05
743,wuf20-0768.mwcnf,20,91,500,44.59288167953491,False,4404.0,4252.0,0.060000000000000005
744,wuf20-0769.mwcnf,20,91,30,2.651780605316162,True,1452.0,1452.0,0.2700000000000001
745,wuf20-077.mwcnf,20,91,13,1.1530466079711914,True,6490.0,6490.0,0.11999999999999998
746,wuf20-0770.mwcnf,20,91,500,45.39432144165039,False,3131.0,1209.0,0.07
747,wuf20-0771.mwcnf,20,91,277,25.988223552703857,True,732.0,732.0,0.3000000000000001
748,wuf20-0772.mwcnf,20,91,8,0.6927900314331055,True,6078.0,6078.0,0.02
749,wuf20-0773.mwcnf,20,91,8,0.5839047431945801,True,4812.0,4812.0,0.03
750,wuf20-0774.mwcnf,20,91,8,0.7042725086212158,True,2755.0,2755.0,0.05
751,wuf20-0775.mwcnf,20,91,10,0.8565776348114014,True,8.0,8.0,0.09999999999999999
752,wuf20-0776.mwcnf,20,91,500,44.4489049911499,False,6550.0,4194.0,0.060000000000000005
753,wuf20-0777.mwcnf,20,91,167,16.050583839416504,True,731.0,731.0,0.3000000000000001
754,wuf20-0778.mwcnf,20,91,19,1.5588619709014893,True,2893.0,2893.0,0.04
755,wuf20-0779.mwcnf,20,91,6,0.5419528484344482,True,2531.0,2531.0,0.05
756,wuf20-078.mwcnf,20,91,7,0.5337204933166504,True,3613.0,3613.0,0.05
757,wuf20-0780.mwcnf,20,91,9,0.8562138080596924,True,2890.0,2890.0,0.07
758,wuf20-0781.mwcnf,20,91,9,0.8264050483703613,True,729.0,729.0,0.08
759,wuf20-0782.mwcnf,20,91,8,0.6612310409545898,True,9.0,9.0,0.08
760,wuf20-0783.mwcnf,20,91,199,18.466766119003296,True,733.0,733.0,0.3000000000000001
761,wuf20-0784.mwcnf,20,91,500,45.33416509628296,False,5130.0,2892.0,0.09
762,wuf20-0785.mwcnf,20,91,500,45.0893132686615,False,4601.0,3608.0,0.060000000000000005
763,wuf20-0786.mwcnf,20,91,10,0.8786566257476807,True,5974.0,5974.0,0.05
764,wuf20-0787.mwcnf,20,91,500,44.791632890701294,False,8854.0,5909.0,0.060000000000000005
765,wuf20-0788.mwcnf,20,91,500,43.792184829711914,False,4116.0,3181.0,0.060000000000000005
766,wuf20-0789.mwcnf,20,91,18,1.4424412250518799,True,974.0,974.0,0.15
767,wuf20-079.mwcnf,20,91,500,44.237465143203735,False,5048.0,4561.0,0.060000000000000005
768,wuf20-0790.mwcnf,20,91,37,3.4000322818756104,True,2172.0,2172.0,0.3000000000000001
769,wuf20-0791.mwcnf,20,91,39,3.6943600177764893,True,9.0,9.0,0.3000000000000001
770,wuf20-0792.mwcnf,20,91,500,45.686495542526245,False,7169.0,6334.0,0.060000000000000005
771,wuf20-0793.mwcnf,20,91,500,44.44059920310974,False,2684.0,2273.0,0.060000000000000005
772,wuf20-0794.mwcnf,20,91,9,0.6954407691955566,True,732.0,732.0,0.07
773,wuf20-0795.mwcnf,20,91,500,41.915305376052856,False,7932.0,4243.0,0.060000000000000005
774,wuf20-0796.mwcnf,20,91,8,0.6918454170227051,True,9.0,9.0,0.08
775,wuf20-0797.mwcnf,20,91,11,0.98777174949646,True,7107.0,7107.0,0.05
776,wuf20-0798.mwcnf,20,91,5,0.4405803680419922,True,734.0,734.0,0.04
777,wuf20-0799.mwcnf,20,91,29,2.623236656188965,True,4331.0,4331.0,0.2900000000000001
778,wuf20-08.mwcnf,20,91,37,3.252135992050171,True,880.0,880.0,0.3000000000000001
779,wuf20-080.mwcnf,20,91,500,44.984737396240234,False,6827.0,4456.0,0.060000000000000005
780,wuf20-0800.mwcnf,20,91,9,0.7926115989685059,True,2174.0,2174.0,0.08
781,wuf20-0801.mwcnf,20,91,500,45.8804566860199,False,6495.0,4152.0,0.060000000000000005
782,wuf20-0802.mwcnf,20,91,10,0.9901301860809326,True,2533.0,2533.0,0.060000000000000005
783,wuf20-0803.mwcnf,20,91,8,0.6450245380401611,True,4331.0,4331.0,0.04
784,wuf20-0804.mwcnf,20,91,500,42.97999429702759,False,7050.0,5892.0,0.05
785,wuf20-0805.mwcnf,20,91,23,1.8928289413452148,True,2414.0,2414.0,0.09
786,wuf20-0806.mwcnf,20,91,24,2.0320332050323486,True,732.0,732.0,0.24000000000000007
787,wuf20-0807.mwcnf,20,91,7,0.6799416542053223,True,3070.0,3070.0,0.05
788,wuf20-0808.mwcnf,20,91,8,0.7445428371429443,True,8.0,8.0,0.08
789,wuf20-0809.mwcnf,20,91,500,42.453495025634766,False,7896.0,3699.0,0.060000000000000005
790,wuf20-081.mwcnf,20,91,9,0.650223970413208,True,730.0,730.0,0.08
791,wuf20-0810.mwcnf,20,91,500,45.224968671798706,False,9803.0,3753.0,0.060000000000000005
792,wuf20-0811.mwcnf,20,91,500,46.49183225631714,False,5772.0,5385.0,0.08
793,wuf20-0812.mwcnf,20,91,4,0.3319211006164551,True,12.0,12.0,0.05
794,wuf20-0813.mwcnf,20,91,500,45.35006666183472,False,9129.0,6432.0,0.08
795,wuf20-0814.mwcnf,20,91,500,45.50395107269287,False,4328.0,4074.0,0.07
796,wuf20-0815.mwcnf,20,91,47,4.271225452423096,True,10.0,10.0,0.3000000000000001
797,wuf20-0816.mwcnf,20,91,500,45.70790195465088,False,3712.0,2065.0,0.3000000000000001
798,wuf20-0817.mwcnf,20,91,9,0.6812138557434082,True,5611.0,5611.0,0.060000000000000005
799,wuf20-0818.mwcnf,20,91,7,0.6988794803619385,True,1449.0,1449.0,0.060000000000000005
800,wuf20-0819.mwcnf,20,91,8,0.7164983749389648,True,7893.0,7893.0,0.04
801,wuf20-082.mwcnf,20,91,500,45.875678300857544,False,3269.0,2587.0,0.060000000000000005
802,wuf20-0820.mwcnf,20,91,500,42.644323110580444,False,6614.0,3683.0,0.060000000000000005
803,wuf20-0821.mwcnf,20,91,19,1.652728796005249,True,3661.0,3661.0,0.04
804,wuf20-0822.mwcnf,20,91,500,44.09515142440796,False,5733.0,4941.0,0.060000000000000005
805,wuf20-0823.mwcnf,20,91,36,3.116631507873535,True,1451.0,1451.0,0.3000000000000001
806,wuf20-0824.mwcnf,20,91,500,44.20090198516846,False,6732.0,4452.0,0.060000000000000005
807,wuf20-0825.mwcnf,20,91,71,6.474084138870239,True,1449.0,1449.0,0.3000000000000001
808,wuf20-0826.mwcnf,20,91,10,0.7862222194671631,True,11.0,11.0,0.09999999999999999
809,wuf20-0827.mwcnf,20,91,39,3.7845873832702637,True,10.0,10.0,0.3000000000000001
810,wuf20-0828.mwcnf,20,91,24,2.19931697845459,True,5666.0,5666.0,0.05
811,wuf20-0829.mwcnf,20,91,10,0.9524502754211426,True,1450.0,1450.0,0.09
812,wuf20-083.mwcnf,20,91,500,44.299901485443115,False,3851.0,3050.0,0.07
813,wuf20-0830.mwcnf,20,91,38,3.553138256072998,True,729.0,729.0,0.3000000000000001
814,wuf20-0831.mwcnf,20,91,6,0.47055697441101074,True,3613.0,3613.0,0.05
815,wuf20-0832.mwcnf,20,91,16,1.4965705871582031,True,4210.0,4210.0,0.04
816,wuf20-0833.mwcnf,20,91,500,45.79807448387146,False,6924.0,2025.0,0.060000000000000005
817,wuf20-0834.mwcnf,20,91,500,41.54849672317505,False,2168.0,1446.0,0.060000000000000005
818,wuf20-0835.mwcnf,20,91,5,0.4101438522338867,True,5456.0,5456.0,0.04
819,wuf20-0836.mwcnf,20,91,11,0.9163818359375,True,1451.0,1451.0,0.09999999999999999
820,wuf20-0837.mwcnf,20,91,10,0.8863253593444824,True,12.0,12.0,0.09999999999999999
821,wuf20-0838.mwcnf,20,91,500,42.16143560409546,False,6488.0,5817.0,0.07
822,wuf20-0839.mwcnf,20,91,9,0.7467198371887207,True,2531.0,2531.0,0.04
823,wuf20-084.mwcnf,20,91,6,0.47884297370910645,True,2173.0,2173.0,0.03
824,wuf20-0840.mwcnf,20,91,36,3.1251816749572754,True,11.0,11.0,0.3000000000000001
825,wuf20-0841.mwcnf,20,91,70,6.131695508956909,True,975.0,975.0,0.3000000000000001
826,wuf20-0842.mwcnf,20,91,188,17.49793004989624,True,10.0,10.0,0.3000000000000001
827,wuf20-0843.mwcnf,20,91,8,0.6559197902679443,True,3721.0,3721.0,0.04
828,wuf20-0844.mwcnf,20,91,7,0.5298635959625244,True,6894.0,6894.0,0.04
829,wuf20-0845.mwcnf,20,91,8,0.768277645111084,True,7691.0,7691.0,0.07
830,wuf20-0846.mwcnf,20,91,6,0.5882904529571533,True,5419.0,5419.0,0.05
831,wuf20-0847.mwcnf,20,91,28,2.465944766998291,True,2410.0,2410.0,0.07
832,wuf20-0848.mwcnf,20,91,71,6.471814870834351,True,729.0,729.0,0.3000000000000001
833,wuf20-0849.mwcnf,20,91,130,12.010802268981934,True,9.0,9.0,0.3000000000000001
834,wuf20-085.mwcnf,20,91,13,1.1457276344299316,True,734.0,734.0,0.11999999999999998
835,wuf20-0850.mwcnf,20,91,258,22.84891152381897,True,3130.0,3130.0,0.05
836,wuf20-0851.mwcnf,20,91,131,11.717874526977539,True,1736.0,1736.0,0.3000000000000001
837,wuf20-0852.mwcnf,20,91,500,43.56304359436035,False,4474.0,3609.0,0.09
838,wuf20-0853.mwcnf,20,91,80,7.325875282287598,True,733.0,733.0,0.3000000000000001
839,wuf20-0854.mwcnf,20,91,500,44.62193489074707,False,6090.0,5451.0,0.07
840,wuf20-0855.mwcnf,20,91,101,8.26961088180542,True,731.0,731.0,0.3000000000000001
841,wuf20-0856.mwcnf,20,91,500,45.86976671218872,False,10382.0,6441.0,0.060000000000000005
842,wuf20-0857.mwcnf,20,91,5,0.4031221866607666,True,3609.0,3609.0,0.04
843,wuf20-0858.mwcnf,20,91,218,19.577935695648193,True,12.0,12.0,0.3000000000000001
844,wuf20-0859.mwcnf,20,91,500,44.07276272773743,False,5053.0,3613.0,0.09
845,wuf20-086.mwcnf,20,91,500,43.29845070838928,False,1950.0,1657.0,0.060000000000000005
846,wuf20-0860.mwcnf,20,91,500,45.827192544937134,False,6602.0,5115.0,0.060000000000000005
847,wuf20-0861.mwcnf,20,91,10,0.8982629776000977,True,11437.0,11437.0,0.09
848,wuf20-0862.mwcnf,20,91,500,45.24361443519592,False,2216.0,1422.0,0.060000000000000005
849,wuf20-0863.mwcnf,20,91,15,1.425227165222168,True,735.0,735.0,0.09999999999999999
850,wuf20-0864.mwcnf,20,91,6,0.4907534122467041,True,1176.0,1176.0,0.03
851,wuf20-0865.mwcnf,20,91,10,0.9313292503356934,True,999.0,999.0,0.04
852,wuf20-0866.mwcnf,20,91,10,0.8831534385681152,True,1097.0,1097.0,0.05
853,wuf20-0867.mwcnf,20,91,25,2.030883550643921,True,10.0,10.0,0.25000000000000006
854,wuf20-0868.mwcnf,20,91,11,1.0021758079528809,True,3011.0,3011.0,0.05
855,wuf20-0869.mwcnf,20,91,39,3.554079055786133,True,881.0,881.0,0.3000000000000001
856,wuf20-087.mwcnf,20,91,7,0.6303966045379639,True,2488.0,2488.0,0.060000000000000005
857,wuf20-0870.mwcnf,20,91,7,0.6222875118255615,True,1242.0,1242.0,0.03
858,wuf20-0871.mwcnf,20,91,40,3.613895893096924,True,885.0,885.0,0.3000000000000001
859,wuf20-0872.mwcnf,20,91,12,1.0930860042572021,True,1841.0,1841.0,0.07
860,wuf20-0873.mwcnf,20,91,48,4.355435371398926,True,16.0,16.0,0.3000000000000001
861,wuf20-0874.mwcnf,20,91,500,42.99396562576294,False,3049.0,2249.0,0.08
862,wuf20-0875.mwcnf,20,91,8,0.6336050033569336,True,825.0,825.0,0.04
863,wuf20-0876.mwcnf,20,91,3,0.28840065002441406,True,1582.0,1582.0,0.02
864,wuf20-0877.mwcnf,20,91,72,6.2517993450164795,True,302.0,302.0,0.3000000000000001
865,wuf20-0878.mwcnf,20,91,9,0.852808952331543,True,2956.0,2956.0,0.02
866,wuf20-0879.mwcnf,20,91,36,3.205634355545044,True,593.0,593.0,0.3000000000000001
867,wuf20-088.mwcnf,20,91,500,45.52026104927063,False,2250.0,1981.0,0.08
868,wuf20-0880.mwcnf,20,91,8,0.6573612689971924,True,1349.0,1349.0,0.060000000000000005
869,wuf20-0881.mwcnf,20,91,8,0.612762451171875,True,16.0,16.0,0.08
870,wuf20-0882.mwcnf,20,91,12,1.143657922744751,True,2083.0,2083.0,0.060000000000000005
871,wuf20-0883.mwcnf,20,91,15,1.4287798404693604,True,10.0,10.0,0.15
872,wuf20-0884.mwcnf,20,91,78,7.007916212081909,True,592.0,592.0,0.3000000000000001
873,wuf20-0885.mwcnf,20,91,89,7.883534669876099,True,1258.0,1258.0,0.3000000000000001
874,wuf20-0886.mwcnf,20,91,6,0.5755107402801514,True,594.0,594.0,0.05
875,wuf20-0887.mwcnf,20,91,349,32.04520344734192,True,9.0,9.0,0.3000000000000001
876,wuf20-0888.mwcnf,20,91,21,1.9757180213928223,True,1078.0,1078.0,0.15
877,wuf20-0889.mwcnf,20,91,8,0.7348012924194336,True,982.0,982.0,0.07
878,wuf20-089.mwcnf,20,91,500,44.385985136032104,False,1546.0,1298.0,0.060000000000000005
879,wuf20-0890.mwcnf,20,91,500,44.82261657714844,False,1902.0,1610.0,0.060000000000000005
880,wuf20-0891.mwcnf,20,91,163,14.779114484786987,True,592.0,592.0,0.3000000000000001
881,wuf20-0892.mwcnf,20,91,8,0.7241733074188232,True,1077.0,1077.0,0.03
882,wuf20-0893.mwcnf,20,91,38,3.5365214347839355,True,7.0,7.0,0.3000000000000001
883,wuf20-0894.mwcnf,20,91,138,12.015406370162964,True,594.0,594.0,0.3000000000000001
884,wuf20-0895.mwcnf,20,91,11,0.938148021697998,True,1089.0,1089.0,0.05
885,wuf20-0896.mwcnf,20,91,6,0.5162069797515869,True,5.0,5.0,0.060000000000000005
886,wuf20-0897.mwcnf,20,91,5,0.4152698516845703,True,1032.0,1032.0,0.04
887,wuf20-0898.mwcnf,20,91,10,0.8810756206512451,True,2858.0,2858.0,0.08
888,wuf20-0899.mwcnf,20,91,39,3.5806989669799805,True,1178.0,1178.0,0.3000000000000001
889,wuf20-09.mwcnf,20,91,45,3.8493313789367676,True,11.0,11.0,0.3000000000000001
890,wuf20-090.mwcnf,20,91,500,45.1747567653656,False,2754.0,2171.0,0.060000000000000005
891,wuf20-0900.mwcnf,20,91,36,3.009465456008911,True,2500.0,2500.0,0.2700000000000001
892,wuf20-0901.mwcnf,20,91,12,1.001563310623169,True,305.0,305.0,0.11999999999999998
893,wuf20-0902.mwcnf,20,91,500,44.34587836265564,False,1564.0,850.0,0.3000000000000001
894,wuf20-0903.mwcnf,20,91,9,0.8337748050689697,True,593.0,593.0,0.07
895,wuf20-0904.mwcnf,20,91,8,0.8047752380371094,True,710.0,710.0,0.05
896,wuf20-0905.mwcnf,20,91,500,45.9038143157959,False,2270.0,2030.0,0.09
897,wuf20-0906.mwcnf,20,91,8,0.6986804008483887,True,2338.0,2338.0,0.07
898,wuf20-0907.mwcnf,20,91,10,0.8407740592956543,True,1392.0,1392.0,0.07
899,wuf20-0908.mwcnf,20,91,8,0.6364662647247314,True,297.0,297.0,0.060000000000000005
900,wuf20-0909.mwcnf,20,91,20,1.6930742263793945,True,1059.0,1059.0,0.04
901,wuf20-091.mwcnf,20,91,40,3.928703546524048,True,7.0,7.0,0.3000000000000001
902,wuf20-0910.mwcnf,20,91,500,46.92476463317871,False,1979.0,1711.0,0.3000000000000001
903,wuf20-0911.mwcnf,20,91,500,45.645771980285645,False,2247.0,2089.0,0.08
904,wuf20-0912.mwcnf,20,91,9,0.8649475574493408,True,593.0,593.0,0.08
905,wuf20-0913.mwcnf,20,91,500,44.38577055931091,False,1996.0,1450.0,0.060000000000000005
906,wuf20-0914.mwcnf,20,91,19,1.8001079559326172,True,303.0,303.0,0.18000000000000002
907,wuf20-0915.mwcnf,20,91,18,1.5640208721160889,True,1044.0,1044.0,0.09
908,wuf20-0916.mwcnf,20,91,10,0.8572657108306885,True,887.0,887.0,0.07
909,wuf20-0917.mwcnf,20,91,8,0.7516064643859863,True,1348.0,1348.0,0.060000000000000005
910,wuf20-0918.mwcnf,20,91,8,0.6163251399993896,True,397.0,397.0,0.07
911,wuf20-0919.mwcnf,20,91,14,1.0743026733398438,True,2048.0,2048.0,0.09999999999999999
912,wuf20-092.mwcnf,20,91,9,0.9431295394897461,True,595.0,595.0,0.060000000000000005
913,wuf20-0920.mwcnf,20,91,500,44.989720582962036,False,1642.0,1524.0,0.060000000000000005
914,wuf20-0921.mwcnf,20,91,9,0.7368783950805664,True,2092.0,2092.0,0.08
915,wuf20-0922.mwcnf,20,91,6,0.47991418838500977,True,596.0,596.0,0.05
916,wuf20-0923.mwcnf,20,91,500,44.31121802330017,False,1718.0,1691.0,0.07
917,wuf20-0924.mwcnf,20,91,55,4.794713973999023,True,13.0,13.0,0.3000000000000001
918,wuf20-0925.mwcnf,20,91,8,0.6476020812988281,True,2269.0,2269.0,0.02
919,wuf20-0926.mwcnf,20,91,9,0.704401969909668,True,1175.0,1175.0,0.08
920,wuf20-0927.mwcnf,20,91,98,9.0352041721344,True,884.0,884.0,0.3000000000000001
921,wuf20-0928.mwcnf,20,91,283,26.232297897338867,True,300.0,300.0,0.3000000000000001
922,wuf20-0929.mwcnf,20,91,28,2.56235671043396,True,592.0,592.0,0.09
923,wuf20-093.mwcnf,20,91,500,45.397679805755615,False,2144.0,589.0,0.12999999999999998
924,wuf20-0930.mwcnf,20,91,19,1.7862861156463623,True,300.0,300.0,0.19000000000000003
925,wuf20-0931.mwcnf,20,91,12,1.0556635856628418,True,1033.0,1033.0,0.060000000000000005
926,wuf20-0932.mwcnf,20,91,7,0.5494050979614258,True,3507.0,3507.0,0.03
927,wuf20-0933.mwcnf,20,91,500,45.47506523132324,False,1029.0,737.0,0.10999999999999999
928,wuf20-0934.mwcnf,20,91,15,1.4399561882019043,True,1047.0,1047.0,0.060000000000000005
929,wuf20-0935.mwcnf,20,91,15,1.3738646507263184,True,1410.0,1410.0,0.060000000000000005
930,wuf20-0936.mwcnf,20,91,9,0.7231130599975586,True,11.0,11.0,0.09
931,wuf20-0937.mwcnf,20,91,220,20.78594732284546,True,9.0,9.0,0.3000000000000001
932,wuf20-0938.mwcnf,20,91,68,5.9873998165130615,True,14.0,14.0,0.3000000000000001
933,wuf20-0939.mwcnf,20,91,500,44.60108494758606,False,1273.0,495.0,0.08
934,wuf20-094.mwcnf,20,91,5,0.4658188819885254,True,302.0,302.0,0.04
935,wuf20-0940.mwcnf,20,91,39,3.9492387771606445,True,1125.0,1125.0,0.3000000000000001
936,wuf20-0941.mwcnf,20,91,500,44.27662467956543,False,1583.0,1241.0,0.07
937,wuf20-0942.mwcnf,20,91,17,1.3837049007415771,True,2981.0,2981.0,0.02
938,wuf20-0943.mwcnf,20,91,99,8.697399616241455,True,8.0,8.0,0.3000000000000001
939,wuf20-0944.mwcnf,20,91,69,6.129729270935059,True,590.0,590.0,0.3000000000000001
940,wuf20-0945.mwcnf,20,91,45,3.701871395111084,True,300.0,300.0,0.3000000000000001
941,wuf20-0946.mwcnf,20,91,500,43.11119556427002,False,1301.0,1299.0,0.060000000000000005
942,wuf20-0947.mwcnf,20,91,500,43.141799449920654,False,4712.0,1171.0,0.060000000000000005
943,wuf20-0948.mwcnf,20,91,9,0.797856330871582,True,304.0,304.0,0.08
944,wuf20-0949.mwcnf,20,91,500,41.96319246292114,False,2006.0,841.0,0.09
945,wuf20-095.mwcnf,20,91,8,0.7182052135467529,True,597.0,597.0,0.02
946,wuf20-0950.mwcnf,20,91,7,0.5633800029754639,True,11.0,11.0,0.07
947,wuf20-0951.mwcnf,20,91,500,42.88161849975586,False,2894.0,2566.0,0.060000000000000005
948,wuf20-0952.mwcnf,20,91,500,42.03351664543152,False,1873.0,1057.0,0.3000000000000001
949,wuf20-0953.mwcnf,20,91,53,4.395073413848877,True,2371.0,2371.0,0.09
950,wuf20-0954.mwcnf,20,91,75,6.856338024139404,True,11.0,11.0,0.3000000000000001
951,wuf20-0955.mwcnf,20,91,500,42.93369793891907,False,2126.0,2067.0,0.060000000000000005
952,wuf20-0956.mwcnf,20,91,66,5.519984722137451,True,399.0,399.0,0.3000000000000001
953,wuf20-0957.mwcnf,20,91,9,0.6873579025268555,True,786.0,786.0,0.08
954,wuf20-0958.mwcnf,20,91,43,3.664785385131836,True,707.0,707.0,0.3000000000000001
955,wuf20-0959.mwcnf,20,91,10,0.8355493545532227,True,2485.0,2485.0,0.09
956,wuf20-096.mwcnf,20,91,198,16.735294580459595,True,8.0,8.0,0.3000000000000001
957,wuf20-0960.mwcnf,20,91,8,0.6790995597839355,True,10.0,10.0,0.08
958,wuf20-0961.mwcnf,20,91,500,42.38551998138428,False,1755.0,1288.0,0.060000000000000005
959,wuf20-0962.mwcnf,20,91,190,17.132720470428467,True,8.0,8.0,0.3000000000000001
960,wuf20-0963.mwcnf,20,91,13,1.0155158042907715,True,1321.0,1321.0,0.08
961,wuf20-0964.mwcnf,20,91,500,42.74416399002075,False,3044.0,2621.0,0.060000000000000005
962,wuf20-0965.mwcnf,20,91,94,8.620129823684692,True,2474.0,2474.0,0.05
963,wuf20-0966.mwcnf,20,91,28,2.7115631103515625,True,1830.0,1830.0,0.05
964,wuf20-0967.mwcnf,20,91,43,3.9730234146118164,True,985.0,985.0,0.3000000000000001
965,wuf20-0968.mwcnf,20,91,65,5.989434242248535,True,2997.0,2997.0,0.3000000000000001
966,wuf20-0969.mwcnf,20,91,11,1.0242118835449219,True,709.0,709.0,0.07
967,wuf20-097.mwcnf,20,91,18,1.7266671657562256,True,1028.0,1028.0,0.060000000000000005
968,wuf20-0970.mwcnf,20,91,19,1.6579387187957764,True,1466.0,1466.0,0.07
969,wuf20-0971.mwcnf,20,91,67,6.292545557022095,True,13.0,13.0,0.3000000000000001
970,wuf20-0972.mwcnf,20,91,75,6.736283779144287,True,8.0,8.0,0.3000000000000001
971,wuf20-0973.mwcnf,20,91,15,1.2482483386993408,True,302.0,302.0,0.13999999999999999
972,wuf20-0974.mwcnf,20,91,8,0.6372249126434326,True,591.0,591.0,0.08
973,wuf20-0975.mwcnf,20,91,10,0.8986861705780029,True,1340.0,1340.0,0.03
974,wuf20-0976.mwcnf,20,91,19,1.7631018161773682,True,299.0,299.0,0.19000000000000003
975,wuf20-0977.mwcnf,20,91,251,23.441040515899658,True,301.0,301.0,0.3000000000000001
976,wuf20-0978.mwcnf,20,91,37,3.3685829639434814,True,11.0,11.0,0.3000000000000001
977,wuf20-0979.mwcnf,20,91,46,4.394557952880859,True,12.0,12.0,0.3000000000000001
978,wuf20-098.mwcnf,20,91,500,45.34719777107239,False,2109.0,825.0,0.3000000000000001
979,wuf20-0980.mwcnf,20,91,7,0.6598231792449951,True,7.0,7.0,0.07
980,wuf20-0981.mwcnf,20,91,500,45.350146770477295,False,942.0,709.0,0.3000000000000001
981,wuf20-0982.mwcnf,20,91,500,44.6937530040741,False,1466.0,882.0,0.07
982,wuf20-0983.mwcnf,20,91,5,0.34261441230773926,True,1465.0,1465.0,0.04
983,wuf20-0984.mwcnf,20,91,95,8.0844566822052,True,9.0,9.0,0.3000000000000001
984,wuf20-0985.mwcnf,20,91,10,0.7507157325744629,True,302.0,302.0,0.09
985,wuf20-0986.mwcnf,20,91,500,44.25996971130371,False,1950.0,880.0,0.11999999999999998
986,wuf20-0987.mwcnf,20,91,8,0.7845103740692139,True,1464.0,1464.0,0.04
987,wuf20-0988.mwcnf,20,91,9,0.8064975738525391,True,1669.0,1669.0,0.060000000000000005
988,wuf20-0989.mwcnf,20,91,500,42.847233295440674,False,1872.0,1172.0,0.09999999999999999
989,wuf20-099.mwcnf,20,91,500,44.14811944961548,False,3261.0,2242.0,0.3000000000000001
990,wuf20-0990.mwcnf,20,91,10,0.7462615966796875,True,693.0,693.0,0.07
991,wuf20-0991.mwcnf,20,91,500,44.11167788505554,False,3667.0,2261.0,0.05
992,wuf20-0992.mwcnf,20,91,8,0.6662631034851074,True,590.0,590.0,0.060000000000000005
993,wuf20-0993.mwcnf,20,91,15,1.2320785522460938,True,302.0,302.0,0.12999999999999998
994,wuf20-0994.mwcnf,20,91,18,1.5752286911010742,True,2463.0,2463.0,0.07
995,wuf20-0995.mwcnf,20,91,47,4.055517196655273,True,594.0,594.0,0.3000000000000001
996,wuf20-0996.mwcnf,20,91,7,0.49106788635253906,True,707.0,707.0,0.060000000000000005
997,wuf20-0997.mwcnf,20,91,500,43.52149748802185,False,4881.0,1225.0,0.060000000000000005
998,wuf20-0998.mwcnf,20,91,67,5.6797966957092285,True,1818.0,1818.0,0.10999999999999999
999,wuf20-0999.mwcnf,20,91,500,31.999154806137085,False,2468.0,2047.0,0.060000000000000005
