,Task,numVariables,numClauses,endGeneration,Duration,isSolutionFound,optWeight,bestWeight,maxMutation
0,wuf20-01.mwcnf,20,91,500,146.78204655647278,False,52527.0,15860.0,0.09
1,wuf20-010.mwcnf,20,91,500,152.39782118797302,False,27313.0,21147.0,0.07
2,wuf20-0100.mwcnf,20,91,500,154.97185921669006,False,23792.0,13882.0,0.2700000000000001
3,wuf20-01000.mwcnf,20,91,71,22.00411105155945,True,8.0,8.0,0.3000000000000001
4,wuf20-0101.mwcnf,20,91,9,2.859626293182373,True,11900.0,11900.0,0.08
5,wuf20-0102.mwcnf,20,91,67,20.678200006484985,True,11902.0,11902.0,0.3000000000000001
6,wuf20-0103.mwcnf,20,91,36,10.679510831832886,True,11.0,11.0,0.3000000000000001
7,wuf20-0104.mwcnf,20,91,9,2.6853179931640625,True,22906.0,22906.0,0.02
8,wuf20-0105.mwcnf,20,91,8,2.457732677459717,True,8.0,8.0,0.08
9,wuf20-0106.mwcnf,20,91,40,12.884681463241577,True,9.0,9.0,0.3000000000000001
10,wuf20-0107.mwcnf,20,91,8,2.4228339195251465,True,11.0,11.0,0.07
11,wuf20-0108.mwcnf,20,91,216,67.79695057868958,True,31717.0,31717.0,0.3000000000000001
12,wuf20-0109.mwcnf,20,91,22,6.930161714553833,True,3972.0,3972.0,0.21000000000000005
13,wuf20-011.mwcnf,20,91,10,3.1451828479766846,True,30661.0,30661.0,0.04
14,wuf20-0110.mwcnf,20,91,500,83.03240370750427,False,50452.0,25517.0,0.05
15,wuf20-0111.mwcnf,20,91,10,1.0301830768585205,True,28886.0,28886.0,0.04
16,wuf20-0112.mwcnf,20,91,500,57.26311469078064,False,14734.0,9072.0,0.08
17,wuf20-0113.mwcnf,20,91,10,0.980950117111206,True,11.0,11.0,0.10999999999999999
18,wuf20-0114.mwcnf,20,91,500,51.57186937332153,False,25008.0,17692.0,0.060000000000000005
19,wuf20-0115.mwcnf,20,91,500,53.188971519470215,False,29733.0,13877.0,0.060000000000000005
20,wuf20-0116.mwcnf,20,91,500,52.96153521537781,False,39641.0,18504.0,0.3000000000000001
21,wuf20-0117.mwcnf,20,91,12,1.3022739887237549,True,3973.0,3973.0,0.10999999999999999
22,wuf20-0118.mwcnf,20,91,25,2.6561989784240723,True,26762.0,26762.0,0.05
23,wuf20-0119.mwcnf,20,91,159,17.37358593940735,True,7934.0,7934.0,0.3000000000000001
24,wuf20-012.mwcnf,20,91,41,4.347482442855835,True,31620.0,31620.0,0.04
25,wuf20-0120.mwcnf,20,91,377,41.17189311981201,True,18662.0,18662.0,0.17
26,wuf20-0121.mwcnf,20,91,500,54.69151473045349,False,26763.0,17844.0,0.08
27,wuf20-0122.mwcnf,20,91,7,0.7448310852050781,True,7941.0,7941.0,0.060000000000000005
28,wuf20-0123.mwcnf,20,91,7,0.7045509815216064,True,3976.0,3976.0,0.060000000000000005
29,wuf20-0124.mwcnf,20,91,20,2.0113377571105957,True,41148.0,41148.0,0.03
30,wuf20-0125.mwcnf,20,91,6,0.5521149635314941,True,31721.0,31721.0,0.05
31,wuf20-0126.mwcnf,20,91,193,20.525277376174927,True,42283.0,42283.0,0.3000000000000001
32,wuf20-0127.mwcnf,20,91,500,50.369117975234985,False,40304.0,24779.0,0.060000000000000005
33,wuf20-0128.mwcnf,20,91,8,0.7804412841796875,True,10580.0,10580.0,0.05
34,wuf20-0129.mwcnf,20,91,6,0.601494550704956,True,14732.0,14732.0,0.05
35,wuf20-013.mwcnf,20,91,67,7.076660394668579,True,7933.0,7933.0,0.3000000000000001
36,wuf20-0130.mwcnf,20,91,15,1.5276474952697754,True,11897.0,11897.0,0.11999999999999998
37,wuf20-0131.mwcnf,20,91,4,0.4288163185119629,True,36147.0,36147.0,0.03
38,wuf20-0132.mwcnf,20,91,12,1.2074778079986572,True,13.0,13.0,0.10999999999999999
39,wuf20-0133.mwcnf,20,91,500,50.876399755477905,False,20622.0,14279.0,0.07
40,wuf20-0134.mwcnf,20,91,6,0.6696341037750244,True,26709.0,26709.0,0.03
41,wuf20-0135.mwcnf,20,91,12,1.1430151462554932,True,3975.0,3975.0,0.10999999999999999
42,wuf20-0136.mwcnf,20,91,11,1.136627435684204,True,11904.0,11904.0,0.09999999999999999
43,wuf20-0137.mwcnf,20,91,500,50.716773986816406,False,48241.0,42061.0,0.08
44,wuf20-0138.mwcnf,20,91,5,0.45352768898010254,True,5295.0,5295.0,0.04
45,wuf20-0139.mwcnf,20,91,500,51.48174571990967,False,52322.0,27909.0,0.07
46,wuf20-014.mwcnf,20,91,7,0.7538559436798096,True,11901.0,11901.0,0.060000000000000005
47,wuf20-0140.mwcnf,20,91,10,1.1213622093200684,True,33303.0,33303.0,0.09
48,wuf20-0141.mwcnf,20,91,6,0.6996827125549316,True,9.0,9.0,0.05
49,wuf20-0142.mwcnf,20,91,10,1.0306100845336914,True,19828.0,19828.0,0.05
50,wuf20-0143.mwcnf,20,91,8,0.7838923931121826,True,29250.0,29250.0,0.05
51,wuf20-0144.mwcnf,20,91,500,51.375715255737305,False,34734.0,23598.0,0.07
52,wuf20-0145.mwcnf,20,91,8,0.8171095848083496,True,15864.0,15864.0,0.03
53,wuf20-0146.mwcnf,20,91,500,51.75209403038025,False,22656.0,12465.0,0.08
54,wuf20-0147.mwcnf,20,91,116,11.936397552490234,True,3975.0,3975.0,0.3000000000000001
55,wuf20-0148.mwcnf,20,91,9,0.9015178680419922,True,15863.0,15863.0,0.08
56,wuf20-0149.mwcnf,20,91,10,1.0502426624298096,True,15861.0,15861.0,0.04
57,wuf20-015.mwcnf,20,91,32,3.211744785308838,True,42907.0,42907.0,0.060000000000000005
58,wuf20-0150.mwcnf,20,91,11,1.1554009914398193,True,16654.0,16654.0,0.04
59,wuf20-0151.mwcnf,20,91,500,51.60840320587158,False,25113.0,21151.0,0.09
60,wuf20-0152.mwcnf,20,91,500,51.155513525009155,False,39175.0,27051.0,0.060000000000000005
61,wuf20-0153.mwcnf,20,91,10,0.9613370895385742,True,32690.0,32690.0,0.04
62,wuf20-0154.mwcnf,20,91,8,0.7431509494781494,True,13.0,13.0,0.08
63,wuf20-0155.mwcnf,20,91,5,0.4725041389465332,True,26822.0,26822.0,0.02
64,wuf20-0156.mwcnf,20,91,11,1.1335046291351318,True,39641.0,39641.0,0.08
65,wuf20-0157.mwcnf,20,91,9,0.9062440395355225,True,9255.0,9255.0,0.060000000000000005
66,wuf20-0158.mwcnf,20,91,500,49.95099759101868,False,44171.0,20388.0,0.07
67,wuf20-0159.mwcnf,20,91,159,15.787187814712524,True,15862.0,15862.0,0.07
68,wuf20-016.mwcnf,20,91,500,50.80227279663086,False,17450.0,12694.0,0.05
69,wuf20-0160.mwcnf,20,91,38,4.013801336288452,True,7939.0,7939.0,0.3000000000000001
70,wuf20-0161.mwcnf,20,91,8,0.7403140068054199,True,18243.0,18243.0,0.07
71,wuf20-0162.mwcnf,20,91,312,31.84967613220215,True,23248.0,23248.0,0.08
72,wuf20-0163.mwcnf,20,91,500,51.07994747161865,False,32078.0,20546.0,0.07
73,wuf20-0164.mwcnf,20,91,31,3.15487003326416,True,37813.0,37813.0,0.04
74,wuf20-0165.mwcnf,20,91,9,0.930701494216919,True,25774.0,25774.0,0.04
75,wuf20-0166.mwcnf,20,91,9,0.9675607681274414,True,7939.0,7939.0,0.08
76,wuf20-0167.mwcnf,20,91,13,1.3539960384368896,True,3972.0,3972.0,0.10999999999999999
77,wuf20-0168.mwcnf,20,91,500,51.357295989990234,False,17844.0,9916.0,0.07
78,wuf20-0169.mwcnf,20,91,8,0.8807864189147949,True,19035.0,19035.0,0.03
79,wuf20-017.mwcnf,20,91,500,50.8455376625061,False,27757.0,13883.0,0.060000000000000005
80,wuf20-0170.mwcnf,20,91,5,0.5331940650939941,True,15866.0,15866.0,0.03
81,wuf20-0171.mwcnf,20,91,23,2.2189671993255615,True,18027.0,18027.0,0.05
82,wuf20-0172.mwcnf,20,91,67,6.969815492630005,True,8.0,8.0,0.3000000000000001
83,wuf20-0173.mwcnf,20,91,500,51.20144844055176,False,30390.0,25109.0,0.060000000000000005
84,wuf20-0174.mwcnf,20,91,7,0.7357358932495117,True,11902.0,11902.0,0.04
85,wuf20-0175.mwcnf,20,91,10,0.9773783683776855,True,11108.0,11108.0,0.09
86,wuf20-0176.mwcnf,20,91,78,8.08849573135376,True,6.0,6.0,0.3000000000000001
87,wuf20-0177.mwcnf,20,91,16,1.6346471309661865,True,7937.0,7937.0,0.08
88,wuf20-0178.mwcnf,20,91,18,1.7850093841552734,True,11898.0,11898.0,0.08
89,wuf20-0179.mwcnf,20,91,6,0.6643555164337158,True,10581.0,10581.0,0.03
90,wuf20-018.mwcnf,20,91,110,11.383991003036499,True,13.0,13.0,0.3000000000000001
91,wuf20-0180.mwcnf,20,91,17,1.7121384143829346,True,3975.0,3975.0,0.16
92,wuf20-0181.mwcnf,20,91,8,0.8264408111572266,True,21149.0,21149.0,0.05
93,wuf20-0182.mwcnf,20,91,500,51.10152316093445,False,29448.0,13595.0,0.060000000000000005
94,wuf20-0183.mwcnf,20,91,16,1.788971185684204,True,10578.0,10578.0,0.07
95,wuf20-0184.mwcnf,20,91,500,51.20016860961914,False,16654.0,14277.0,0.07
96,wuf20-0185.mwcnf,20,91,39,4.1342103481292725,True,11.0,11.0,0.3000000000000001
97,wuf20-0186.mwcnf,20,91,500,51.440861225128174,False,19827.0,17187.0,0.07
98,wuf20-0187.mwcnf,20,91,500,51.51195979118347,False,28955.0,16893.0,0.060000000000000005
99,wuf20-0188.mwcnf,20,91,500,51.0885751247406,False,19826.0,11899.0,0.07
100,wuf20-0189.mwcnf,20,91,500,51.888771057128906,False,44172.0,12460.0,0.08
101,wuf20-019.mwcnf,20,91,9,0.8914244174957275,True,3974.0,3974.0,0.08
102,wuf20-0190.mwcnf,20,91,7,0.7930407524108887,True,40863.0,40863.0,0.060000000000000005
103,wuf20-0191.mwcnf,20,91,12,1.2374913692474365,True,3974.0,3974.0,0.10999999999999999
104,wuf20-0192.mwcnf,20,91,164,17.143595933914185,True,3970.0,3970.0,0.3000000000000001
105,wuf20-0193.mwcnf,20,91,130,13.490375280380249,True,3973.0,3973.0,0.3000000000000001
106,wuf20-0194.mwcnf,20,91,7,0.6815464496612549,True,16389.0,16389.0,0.05
107,wuf20-0195.mwcnf,20,91,500,50.51384997367859,False,28633.0,21148.0,0.060000000000000005
108,wuf20-0196.mwcnf,20,91,500,52.08951711654663,False,17844.0,9916.0,0.07
109,wuf20-0197.mwcnf,20,91,41,4.279667139053345,True,12.0,12.0,0.3000000000000001
110,wuf20-0198.mwcnf,20,91,10,0.9245896339416504,True,7937.0,7937.0,0.08
111,wuf20-0199.mwcnf,20,91,7,0.682631254196167,True,11902.0,11902.0,0.03
112,wuf20-02.mwcnf,20,91,8,0.8281996250152588,True,46357.0,46357.0,0.04
113,wuf20-020.mwcnf,20,91,500,50.993475675582886,False,41906.0,15861.0,0.07
114,wuf20-0200.mwcnf,20,91,500,51.88597536087036,False,31715.0,10575.0,0.3000000000000001
115,wuf20-0201.mwcnf,20,91,18,1.9315638542175293,True,11899.0,11899.0,0.04
116,wuf20-0202.mwcnf,20,91,500,50.64746713638306,False,17448.0,15863.0,0.09
117,wuf20-0203.mwcnf,20,91,68,7.141180753707886,True,3972.0,3972.0,0.3000000000000001
118,wuf20-0204.mwcnf,20,91,500,50.6939172744751,False,23790.0,18503.0,0.060000000000000005
119,wuf20-0205.mwcnf,20,91,7,0.6801276206970215,True,15862.0,15862.0,0.03
120,wuf20-0206.mwcnf,20,91,500,51.39472413063049,False,22030.0,17627.0,0.07
121,wuf20-0207.mwcnf,20,91,10,1.0436756610870361,True,3973.0,3973.0,0.09
122,wuf20-0208.mwcnf,20,91,500,51.11696743965149,False,28288.0,23573.0,0.05
123,wuf20-0209.mwcnf,20,91,39,3.898200750350952,True,3974.0,3974.0,0.3000000000000001
124,wuf20-021.mwcnf,20,91,7,0.7068088054656982,True,15863.0,15863.0,0.060000000000000005
125,wuf20-0210.mwcnf,20,91,500,51.46426606178284,False,39760.0,38799.0,0.060000000000000005
126,wuf20-0211.mwcnf,20,91,500,51.14800763130188,False,27752.0,20620.0,0.08
127,wuf20-0212.mwcnf,20,91,13,1.2485630512237549,True,31298.0,31298.0,0.04
128,wuf20-0213.mwcnf,20,91,47,5.056763172149658,True,11107.0,11107.0,0.3000000000000001
129,wuf20-0214.mwcnf,20,91,9,0.8658559322357178,True,14.0,14.0,0.09
130,wuf20-0215.mwcnf,20,91,19,2.0980401039123535,True,49626.0,49626.0,0.17
131,wuf20-0216.mwcnf,20,91,37,3.9588136672973633,True,7939.0,7939.0,0.3000000000000001
132,wuf20-0217.mwcnf,20,91,7,0.6730449199676514,True,14733.0,14733.0,0.07
133,wuf20-0218.mwcnf,20,91,13,1.3356356620788574,True,29153.0,29153.0,0.05
134,wuf20-0219.mwcnf,20,91,101,10.916547536849976,True,8.0,8.0,0.3000000000000001
135,wuf20-022.mwcnf,20,91,15,1.560990810394287,True,15861.0,15861.0,0.07
136,wuf20-0220.mwcnf,20,91,10,1.0998444557189941,True,27188.0,27188.0,0.07
137,wuf20-0221.mwcnf,20,91,7,0.7822980880737305,True,9921.0,9921.0,0.04
138,wuf20-0222.mwcnf,20,91,500,52.11660957336426,False,21148.0,15865.0,0.3000000000000001
139,wuf20-0223.mwcnf,20,91,500,51.178595781326294,False,10580.0,5295.0,0.09999999999999999
140,wuf20-0224.mwcnf,20,91,130,13.980605840682983,True,3971.0,3971.0,0.3000000000000001
141,wuf20-0225.mwcnf,20,91,36,3.870224714279175,True,7931.0,7931.0,0.3000000000000001
142,wuf20-0226.mwcnf,20,91,500,52.32055425643921,False,51533.0,38243.0,0.05
143,wuf20-0227.mwcnf,20,91,500,51.01121807098389,False,36120.0,24669.0,0.3000000000000001
144,wuf20-0228.mwcnf,20,91,290,29.245863676071167,True,7938.0,7938.0,0.12999999999999998
145,wuf20-0229.mwcnf,20,91,36,3.566149950027466,True,30726.0,30726.0,0.3000000000000001
146,wuf20-023.mwcnf,20,91,14,1.424264669418335,True,37344.0,37344.0,0.07
147,wuf20-0230.mwcnf,20,91,500,51.44246172904968,False,73323.0,52956.0,0.07
148,wuf20-0231.mwcnf,20,91,69,7.06689715385437,True,11.0,11.0,0.3000000000000001
149,wuf20-0232.mwcnf,20,91,11,1.045501470565796,True,6800.0,6800.0,0.09999999999999999
150,wuf20-0233.mwcnf,20,91,8,0.779449462890625,True,23285.0,23285.0,0.05
151,wuf20-0234.mwcnf,20,91,7,0.7223637104034424,True,22639.0,22639.0,0.05
152,wuf20-0235.mwcnf,20,91,6,0.569720983505249,True,33201.0,33201.0,0.03
153,wuf20-0236.mwcnf,20,91,11,1.167081594467163,True,6802.0,6802.0,0.10999999999999999
154,wuf20-0237.mwcnf,20,91,500,51.04725456237793,False,77896.0,38594.0,0.060000000000000005
155,wuf20-0238.mwcnf,20,91,8,0.819326639175415,True,13585.0,13585.0,0.05
156,wuf20-0239.mwcnf,20,91,500,51.94784760475159,False,67894.0,13583.0,0.09999999999999999
157,wuf20-024.mwcnf,20,91,500,51.528605937957764,False,47529.0,33951.0,0.3000000000000001
158,wuf20-0240.mwcnf,20,91,9,0.9352972507476807,True,15850.0,15850.0,0.08
159,wuf20-0241.mwcnf,20,91,7,0.6693782806396484,True,40739.0,40739.0,0.04
160,wuf20-0242.mwcnf,20,91,20,2.06472110748291,True,37450.0,37450.0,0.03
161,wuf20-0243.mwcnf,20,91,10,1.0929279327392578,True,29424.0,29424.0,0.05
162,wuf20-0244.mwcnf,20,91,16,1.7163140773773193,True,13587.0,13587.0,0.060000000000000005
163,wuf20-0245.mwcnf,20,91,11,1.202810525894165,True,6794.0,6794.0,0.09999999999999999
164,wuf20-0246.mwcnf,20,91,12,1.229318380355835,True,45026.0,45026.0,0.03
165,wuf20-0247.mwcnf,20,91,41,4.166054964065552,True,13.0,13.0,0.3000000000000001
166,wuf20-0248.mwcnf,20,91,31,3.0912678241729736,True,13.0,13.0,0.3000000000000001
167,wuf20-0249.mwcnf,20,91,10,1.0139615535736084,True,29881.0,29881.0,0.02
168,wuf20-025.mwcnf,20,91,39,3.968207359313965,True,16.0,16.0,0.3000000000000001
169,wuf20-0250.mwcnf,20,91,500,51.43759822845459,False,45267.0,42034.0,0.07
170,wuf20-0251.mwcnf,20,91,10,1.0798759460449219,True,9064.0,9064.0,0.08
171,wuf20-0252.mwcnf,20,91,10,1.0870115756988525,True,36970.0,36970.0,0.04
172,wuf20-0253.mwcnf,20,91,8,0.7884907722473145,True,9063.0,9063.0,0.04
173,wuf20-0254.mwcnf,20,91,500,51.17602777481079,False,45679.0,27165.0,0.24000000000000007
174,wuf20-0255.mwcnf,20,91,17,1.7331321239471436,True,18678.0,18678.0,0.09
175,wuf20-0256.mwcnf,20,91,500,50.71459245681763,False,56970.0,56084.0,0.060000000000000005
176,wuf20-0257.mwcnf,20,91,27,2.8444712162017822,True,20373.0,20373.0,0.19000000000000003
177,wuf20-0258.mwcnf,20,91,500,51.04489302635193,False,45674.0,39505.0,0.07
178,wuf20-0259.mwcnf,20,91,8,0.7857425212860107,True,26195.0,26195.0,0.04
179,wuf20-026.mwcnf,20,91,27,2.731898546218872,True,6799.0,6799.0,0.25000000000000006
180,wuf20-0260.mwcnf,20,91,129,13.367472648620605,True,6.0,6.0,0.3000000000000001
181,wuf20-0261.mwcnf,20,91,10,0.9679672718048096,True,13587.0,13587.0,0.060000000000000005
182,wuf20-0262.mwcnf,20,91,41,4.424429416656494,True,6797.0,6797.0,0.3000000000000001
183,wuf20-0263.mwcnf,20,91,500,51.53973078727722,False,45263.0,36211.0,0.07
184,wuf20-0264.mwcnf,20,91,7,0.7138047218322754,True,9063.0,9063.0,0.060000000000000005
185,wuf20-0265.mwcnf,20,91,38,3.998114824295044,True,50614.0,50614.0,0.3000000000000001
186,wuf20-0266.mwcnf,20,91,500,51.332181453704834,False,22638.0,18112.0,0.11999999999999998
187,wuf20-0267.mwcnf,20,91,16,1.6826319694519043,True,27162.0,27162.0,0.08
188,wuf20-0268.mwcnf,20,91,7,0.7773966789245605,True,35311.0,35311.0,0.02
189,wuf20-0269.mwcnf,20,91,28,2.902708053588867,True,65856.0,65856.0,0.04
190,wuf20-027.mwcnf,20,91,23,2.3073551654815674,True,39230.0,39230.0,0.03
191,wuf20-0270.mwcnf,20,91,39,4.181694030761719,True,14.0,14.0,0.3000000000000001
192,wuf20-0271.mwcnf,20,91,500,50.999656438827515,False,56861.0,48800.0,0.060000000000000005
193,wuf20-0272.mwcnf,20,91,10,0.9885072708129883,True,52228.0,52228.0,0.060000000000000005
194,wuf20-0273.mwcnf,20,91,500,51.213167905807495,False,65177.0,56126.0,0.07
195,wuf20-0274.mwcnf,20,91,39,4.068856716156006,True,13588.0,13588.0,0.3000000000000001
196,wuf20-0275.mwcnf,20,91,500,51.21776461601257,False,77120.0,71323.0,0.08
197,wuf20-0276.mwcnf,20,91,9,0.8783860206604004,True,41785.0,41785.0,0.03
198,wuf20-0277.mwcnf,20,91,23,2.2949347496032715,True,27163.0,27163.0,0.05
199,wuf20-0278.mwcnf,20,91,12,1.141371726989746,True,6792.0,6792.0,0.10999999999999999
200,wuf20-0279.mwcnf,20,91,11,1.0543193817138672,True,22640.0,22640.0,0.09999999999999999
201,wuf20-028.mwcnf,20,91,7,0.674715518951416,True,15849.0,15849.0,0.060000000000000005
202,wuf20-0280.mwcnf,20,91,500,52.10834527015686,False,58841.0,45263.0,0.3000000000000001
203,wuf20-0281.mwcnf,20,91,500,52.00555920600891,False,66449.0,59227.0,0.060000000000000005
204,wuf20-0282.mwcnf,20,91,7,0.6735303401947021,True,20375.0,20375.0,0.05
205,wuf20-0283.mwcnf,20,91,11,1.0951707363128662,True,67893.0,67893.0,0.03
206,wuf20-0284.mwcnf,20,91,500,51.230782985687256,False,56580.0,38476.0,0.08
207,wuf20-0285.mwcnf,20,91,12,1.1573290824890137,True,31688.0,31688.0,0.10999999999999999
208,wuf20-0286.mwcnf,20,91,44,4.597390651702881,True,6800.0,6800.0,0.3000000000000001
209,wuf20-0287.mwcnf,20,91,9,0.8489408493041992,True,6799.0,6799.0,0.08
210,wuf20-0288.mwcnf,20,91,99,10.058353900909424,True,15849.0,15849.0,0.3000000000000001
211,wuf20-0289.mwcnf,20,91,20,1.9979238510131836,True,13588.0,13588.0,0.10999999999999999
212,wuf20-029.mwcnf,20,91,9,0.8802902698516846,True,3.0,3.0,0.09
213,wuf20-0290.mwcnf,20,91,11,1.1250226497650146,True,9.0,9.0,0.10999999999999999
214,wuf20-0291.mwcnf,20,91,10,0.997779369354248,True,28403.0,28403.0,0.07
215,wuf20-0292.mwcnf,20,91,500,51.389771938323975,False,74681.0,28861.0,0.07
216,wuf20-0293.mwcnf,20,91,33,3.5593421459198,True,37484.0,37484.0,0.060000000000000005
217,wuf20-0294.mwcnf,20,91,20,2.0013442039489746,True,13587.0,13587.0,0.15
218,wuf20-0295.mwcnf,20,91,15,1.4438176155090332,True,6799.0,6799.0,0.13999999999999999
219,wuf20-0296.mwcnf,20,91,8,0.8702318668365479,True,55219.0,55219.0,0.060000000000000005
220,wuf20-0297.mwcnf,20,91,12,1.203153371810913,True,24446.0,24446.0,0.05
221,wuf20-0298.mwcnf,20,91,6,0.6157364845275879,True,47529.0,47529.0,0.05
222,wuf20-0299.mwcnf,20,91,9,0.8818440437316895,True,24445.0,24445.0,0.05
223,wuf20-03.mwcnf,20,91,8,0.8233356475830078,True,15.0,15.0,0.08
224,wuf20-030.mwcnf,20,91,8,0.7531335353851318,True,42100.0,42100.0,0.03
225,wuf20-0300.mwcnf,20,91,12,1.2753808498382568,True,33951.0,33951.0,0.03
226,wuf20-0301.mwcnf,20,91,10,1.0914368629455566,True,8.0,8.0,0.09999999999999999
227,wuf20-0302.mwcnf,20,91,10,1.0838606357574463,True,35649.0,35649.0,0.05
228,wuf20-0303.mwcnf,20,91,10,1.0994071960449219,True,13587.0,13587.0,0.03
229,wuf20-0304.mwcnf,20,91,6,0.6330547332763672,True,45267.0,45267.0,0.04
230,wuf20-0305.mwcnf,20,91,11,1.1619174480438232,True,27164.0,27164.0,0.09999999999999999
231,wuf20-0306.mwcnf,20,91,500,51.86503267288208,False,31951.0,28756.0,0.060000000000000005
232,wuf20-0307.mwcnf,20,91,10,0.9559638500213623,True,58560.0,58560.0,0.07
233,wuf20-0308.mwcnf,20,91,500,51.383113384246826,False,16983.0,10194.0,0.09999999999999999
234,wuf20-0309.mwcnf,20,91,500,51.25458335876465,False,80187.0,47397.0,0.05
235,wuf20-031.mwcnf,20,91,38,3.890794277191162,True,10.0,10.0,0.3000000000000001
236,wuf20-0310.mwcnf,20,91,6,0.6122047901153564,True,9061.0,9061.0,0.05
237,wuf20-0311.mwcnf,20,91,500,51.41496205329895,False,46172.0,43456.0,0.08
238,wuf20-0312.mwcnf,20,91,44,4.602596044540405,True,7.0,7.0,0.3000000000000001
239,wuf20-0313.mwcnf,20,91,41,3.970963716506958,True,22638.0,22638.0,0.3000000000000001
240,wuf20-0314.mwcnf,20,91,500,51.04560327529907,False,66988.0,42550.0,0.060000000000000005
241,wuf20-0315.mwcnf,20,91,11,1.0665981769561768,True,27162.0,27162.0,0.09999999999999999
242,wuf20-0316.mwcnf,20,91,500,52.226064682006836,False,13585.0,0.0,0.3000000000000001
243,wuf20-0317.mwcnf,20,91,500,51.664270639419556,False,61102.0,45261.0,0.060000000000000005
244,wuf20-0318.mwcnf,20,91,500,51.36204409599304,False,38480.0,20376.0,0.07
245,wuf20-0319.mwcnf,20,91,500,50.785913705825806,False,65176.0,59746.0,0.05
246,wuf20-032.mwcnf,20,91,37,3.697615623474121,True,9.0,9.0,0.3000000000000001
247,wuf20-0320.mwcnf,20,91,4,0.39610981941223145,True,28523.0,28523.0,0.02
248,wuf20-0321.mwcnf,20,91,61,6.267701148986816,True,13586.0,13586.0,0.3000000000000001
249,wuf20-0322.mwcnf,20,91,66,6.89938497543335,True,11.0,11.0,0.3000000000000001
250,wuf20-0323.mwcnf,20,91,500,50.78401589393616,False,52055.0,33951.0,0.07
251,wuf20-0324.mwcnf,20,91,39,4.134028434753418,True,9061.0,9061.0,0.3000000000000001
252,wuf20-0325.mwcnf,20,91,47,4.97510552406311,True,22641.0,22641.0,0.3000000000000001
253,wuf20-0326.mwcnf,20,91,9,0.9133336544036865,True,13585.0,13585.0,0.07
254,wuf20-0327.mwcnf,20,91,500,51.31053614616394,False,36017.0,34836.0,0.060000000000000005
255,wuf20-0328.mwcnf,20,91,13,1.3705050945281982,True,6.0,6.0,0.12999999999999998
256,wuf20-0329.mwcnf,20,91,105,11.182425498962402,True,9059.0,9059.0,0.3000000000000001
257,wuf20-033.mwcnf,20,91,153,15.557419300079346,True,24691.0,24691.0,0.07
258,wuf20-0330.mwcnf,20,91,17,1.7102677822113037,True,6794.0,6794.0,0.16
259,wuf20-0331.mwcnf,20,91,21,2.2193849086761475,True,22638.0,22638.0,0.05
260,wuf20-0332.mwcnf,20,91,8,0.8484447002410889,True,13583.0,13583.0,0.060000000000000005
261,wuf20-0333.mwcnf,20,91,98,10.506896018981934,True,11.0,11.0,0.3000000000000001
262,wuf20-0334.mwcnf,20,91,500,51.151036739349365,False,30864.0,17286.0,0.08
263,wuf20-0335.mwcnf,20,91,500,51.38966464996338,False,67892.0,37345.0,0.09999999999999999
264,wuf20-0336.mwcnf,20,91,14,1.4368689060211182,True,7.0,7.0,0.13999999999999999
265,wuf20-0337.mwcnf,20,91,8,0.8384261131286621,True,20377.0,20377.0,0.07
266,wuf20-0338.mwcnf,20,91,19,1.9581851959228516,True,76946.0,76946.0,0.18000000000000002
267,wuf20-0339.mwcnf,20,91,500,51.35946869850159,False,47528.0,27163.0,0.07
268,wuf20-034.mwcnf,20,91,500,50.09962320327759,False,66083.0,49791.0,0.060000000000000005
269,wuf20-0340.mwcnf,20,91,8,0.875598669052124,True,49787.0,49787.0,0.04
270,wuf20-0341.mwcnf,20,91,9,0.8303050994873047,True,58466.0,58466.0,0.04
271,wuf20-0342.mwcnf,20,91,8,0.8162469863891602,True,13584.0,13584.0,0.07
272,wuf20-0343.mwcnf,20,91,39,4.198116779327393,True,6799.0,6799.0,0.3000000000000001
273,wuf20-0344.mwcnf,20,91,6,0.5338647365570068,True,9063.0,9063.0,0.060000000000000005
274,wuf20-0345.mwcnf,20,91,6,0.5578570365905762,True,27162.0,27162.0,0.03
275,wuf20-0346.mwcnf,20,91,7,0.7749042510986328,True,31686.0,31686.0,0.04
276,wuf20-0347.mwcnf,20,91,70,7.27281928062439,True,25807.0,25807.0,0.3000000000000001
277,wuf20-0348.mwcnf,20,91,53,5.562726974487305,True,6803.0,6803.0,0.3000000000000001
278,wuf20-0349.mwcnf,20,91,13,1.295384407043457,True,49225.0,49225.0,0.060000000000000005
279,wuf20-035.mwcnf,20,91,500,51.08690619468689,False,29878.0,27159.0,0.3000000000000001
280,wuf20-0350.mwcnf,20,91,38,3.958310842514038,True,16298.0,16298.0,0.3000000000000001
281,wuf20-0351.mwcnf,20,91,18,1.9829471111297607,True,20378.0,20378.0,0.08
282,wuf20-0352.mwcnf,20,91,6,0.6284935474395752,True,15850.0,15850.0,0.05
283,wuf20-0353.mwcnf,20,91,500,51.063162326812744,False,49528.0,29560.0,0.060000000000000005
284,wuf20-0354.mwcnf,20,91,16,1.6727118492126465,True,13585.0,13585.0,0.07
285,wuf20-0355.mwcnf,20,91,28,2.830767869949341,True,20378.0,20378.0,0.26000000000000006
286,wuf20-0356.mwcnf,20,91,42,4.387848138809204,True,13585.0,13585.0,0.3000000000000001
287,wuf20-0357.mwcnf,20,91,8,0.7597711086273193,True,6798.0,6798.0,0.07
288,wuf20-0358.mwcnf,20,91,500,50.82817316055298,False,51185.0,26117.0,0.05
289,wuf20-0359.mwcnf,20,91,500,50.94517278671265,False,57263.0,47232.0,0.060000000000000005
290,wuf20-036.mwcnf,20,91,500,51.071921586990356,False,45773.0,21130.0,0.08
291,wuf20-0360.mwcnf,20,91,500,51.03440833091736,False,58391.0,51603.0,0.060000000000000005
292,wuf20-0361.mwcnf,20,91,8,0.7978522777557373,True,22636.0,22636.0,0.05
293,wuf20-0362.mwcnf,20,91,10,1.0702197551727295,True,29102.0,29102.0,0.060000000000000005
294,wuf20-0363.mwcnf,20,91,500,51.17987632751465,False,90525.0,27161.0,0.07
295,wuf20-0364.mwcnf,20,91,7,0.6548256874084473,True,13587.0,13587.0,0.05
296,wuf20-0365.mwcnf,20,91,9,0.8596658706665039,True,36072.0,36072.0,0.03
297,wuf20-0366.mwcnf,20,91,11,1.0469169616699219,True,21129.0,21129.0,0.10999999999999999
298,wuf20-0367.mwcnf,20,91,12,1.2156236171722412,True,14087.0,14087.0,0.09
299,wuf20-0368.mwcnf,20,91,13,1.36722731590271,True,32862.0,32862.0,0.09999999999999999
300,wuf20-0369.mwcnf,20,91,11,1.0274245738983154,True,9395.0,9395.0,0.09999999999999999
301,wuf20-037.mwcnf,20,91,249,25.72621440887451,True,10.0,10.0,0.3000000000000001
302,wuf20-0370.mwcnf,20,91,9,0.9179081916809082,True,23476.0,23476.0,0.060000000000000005
303,wuf20-0371.mwcnf,20,91,500,51.896339654922485,False,63368.0,25821.0,0.060000000000000005
304,wuf20-0372.mwcnf,20,91,500,50.973047494888306,False,53511.0,44126.0,0.060000000000000005
305,wuf20-0373.mwcnf,20,91,500,51.218585729599,False,37278.0,33138.0,0.05
306,wuf20-0374.mwcnf,20,91,39,4.027677774429321,True,7050.0,7050.0,0.3000000000000001
307,wuf20-0375.mwcnf,20,91,10,0.9094204902648926,True,75100.0,75100.0,0.02
308,wuf20-0376.mwcnf,20,91,41,4.348368167877197,True,9398.0,9398.0,0.3000000000000001
309,wuf20-0377.mwcnf,20,91,500,51.130499601364136,False,40683.0,35988.0,0.07
310,wuf20-0378.mwcnf,20,91,26,2.6170527935028076,True,21131.0,21131.0,0.18000000000000002
311,wuf20-0379.mwcnf,20,91,14,1.4698128700256348,True,7051.0,7051.0,0.12999999999999998
312,wuf20-038.mwcnf,20,91,9,0.8223965167999268,True,64779.0,64779.0,0.02
313,wuf20-0380.mwcnf,20,91,7,0.772878885269165,True,48406.0,48406.0,0.04
314,wuf20-0381.mwcnf,20,91,10,0.939702033996582,True,49291.0,49291.0,0.09
315,wuf20-0382.mwcnf,20,91,500,50.9392032623291,False,39283.0,30390.0,0.060000000000000005
316,wuf20-0383.mwcnf,20,91,12,1.322113037109375,True,14088.0,14088.0,0.060000000000000005
317,wuf20-0384.mwcnf,20,91,39,4.154637575149536,True,20123.0,20123.0,0.3000000000000001
318,wuf20-0385.mwcnf,20,91,73,7.558346509933472,True,14091.0,14091.0,0.3000000000000001
319,wuf20-0386.mwcnf,20,91,321,33.19747877120972,True,7054.0,7054.0,0.3000000000000001
320,wuf20-0387.mwcnf,20,91,500,51.54905581474304,False,121934.0,45241.0,0.060000000000000005
321,wuf20-0388.mwcnf,20,91,7,0.6932640075683594,True,16906.0,16906.0,0.03
322,wuf20-0389.mwcnf,20,91,15,1.569392204284668,True,21128.0,21128.0,0.13999999999999999
323,wuf20-039.mwcnf,20,91,11,1.074470043182373,True,9397.0,9397.0,0.09999999999999999
324,wuf20-0390.mwcnf,20,91,500,51.06973886489868,False,92940.0,19719.0,0.17
325,wuf20-0391.mwcnf,20,91,34,3.611109495162964,True,36972.0,36972.0,0.3000000000000001
326,wuf20-0392.mwcnf,20,91,8,0.8119008541107178,True,36620.0,36620.0,0.07
327,wuf20-0393.mwcnf,20,91,10,0.9953579902648926,True,33453.0,33453.0,0.02
328,wuf20-0394.mwcnf,20,91,30,3.0099411010742188,True,39435.0,39435.0,0.04
329,wuf20-0395.mwcnf,20,91,13,1.2836971282958984,True,58768.0,58768.0,0.05
330,wuf20-0396.mwcnf,20,91,500,51.6245903968811,False,18778.0,9391.0,0.3000000000000001
331,wuf20-0397.mwcnf,20,91,104,10.571171283721924,True,16905.0,16905.0,0.3000000000000001
332,wuf20-0398.mwcnf,20,91,8,0.8443398475646973,True,14091.0,14091.0,0.07
333,wuf20-0399.mwcnf,20,91,500,50.527241945266724,False,22541.0,5641.0,0.3000000000000001
334,wuf20-04.mwcnf,20,91,31,3.165642261505127,True,6088.0,6088.0,0.11999999999999998
335,wuf20-040.mwcnf,20,91,7,0.732844352722168,True,14088.0,14088.0,0.060000000000000005
336,wuf20-0400.mwcnf,20,91,4,0.42234086990356445,True,9398.0,9398.0,0.03
337,wuf20-0401.mwcnf,20,91,157,16.444297075271606,True,61560.0,61560.0,0.07
338,wuf20-0402.mwcnf,20,91,68,7.001793384552002,True,4.0,4.0,0.3000000000000001
339,wuf20-0403.mwcnf,20,91,500,51.020394802093506,False,48821.0,39435.0,0.060000000000000005
340,wuf20-0404.mwcnf,20,91,33,3.300938606262207,True,39435.0,39435.0,0.060000000000000005
341,wuf20-0405.mwcnf,20,91,500,50.50770831108093,False,69905.0,44761.0,0.060000000000000005
342,wuf20-0406.mwcnf,20,91,9,0.9923582077026367,True,14088.0,14088.0,0.08
343,wuf20-0407.mwcnf,20,91,25,2.4944722652435303,True,14090.0,14090.0,0.20000000000000004
344,wuf20-0408.mwcnf,20,91,8,0.7678408622741699,True,16436.0,16436.0,0.05
345,wuf20-0409.mwcnf,20,91,6,0.5976300239562988,True,25357.0,25357.0,0.05
346,wuf20-041.mwcnf,20,91,54,5.479639530181885,True,12.0,12.0,0.3000000000000001
347,wuf20-0410.mwcnf,20,91,49,5.2988269329071045,True,14091.0,14091.0,0.3000000000000001
348,wuf20-0411.mwcnf,20,91,24,2.515197277069092,True,7051.0,7051.0,0.23000000000000007
349,wuf20-0412.mwcnf,20,91,8,0.8026564121246338,True,47124.0,47124.0,0.04
350,wuf20-0413.mwcnf,20,91,7,0.7541725635528564,True,32194.0,32194.0,0.060000000000000005
351,wuf20-0414.mwcnf,20,91,15,1.5179734230041504,True,7050.0,7050.0,0.13999999999999999
352,wuf20-0415.mwcnf,20,91,6,0.5936844348907471,True,45066.0,45066.0,0.060000000000000005
353,wuf20-0416.mwcnf,20,91,7,0.7536447048187256,True,39541.0,39541.0,0.03
354,wuf20-0417.mwcnf,20,91,6,0.5977964401245117,True,51637.0,51637.0,0.03
355,wuf20-0418.mwcnf,20,91,500,51.54369020462036,False,50701.0,22541.0,0.060000000000000005
356,wuf20-0419.mwcnf,20,91,47,4.465202331542969,True,10.0,10.0,0.3000000000000001
357,wuf20-042.mwcnf,20,91,6,0.586754322052002,True,14091.0,14091.0,0.03
358,wuf20-0420.mwcnf,20,91,29,2.8486313819885254,True,7049.0,7049.0,0.2800000000000001
359,wuf20-0421.mwcnf,20,91,500,51.321093797683716,False,79211.0,28168.0,0.3000000000000001
360,wuf20-0422.mwcnf,20,91,14,1.4485344886779785,True,19728.0,19728.0,0.04
361,wuf20-0423.mwcnf,20,91,17,1.8384363651275635,True,14092.0,14092.0,0.09
362,wuf20-0424.mwcnf,20,91,4,0.421201229095459,True,14086.0,14086.0,0.04
363,wuf20-0425.mwcnf,20,91,10,1.103132963180542,True,7050.0,7050.0,0.09
364,wuf20-0426.mwcnf,20,91,8,0.7868049144744873,True,39120.0,39120.0,0.060000000000000005
365,wuf20-0427.mwcnf,20,91,500,51.252593994140625,False,64780.0,41549.0,0.060000000000000005
366,wuf20-0428.mwcnf,20,91,12,1.2156322002410889,True,21133.0,21133.0,0.08
367,wuf20-0429.mwcnf,20,91,20,1.9928348064422607,True,39004.0,39004.0,0.060000000000000005
368,wuf20-043.mwcnf,20,91,99,10.37830901145935,True,7052.0,7052.0,0.3000000000000001
369,wuf20-0430.mwcnf,20,91,500,50.99870586395264,False,41240.0,36212.0,0.060000000000000005
370,wuf20-0431.mwcnf,20,91,500,51.58846735954285,False,45767.0,32861.0,0.060000000000000005
371,wuf20-0432.mwcnf,20,91,6,0.6590597629547119,True,9397.0,9397.0,0.04
372,wuf20-0433.mwcnf,20,91,500,52.01622414588928,False,38933.0,33965.0,0.060000000000000005
373,wuf20-0434.mwcnf,20,91,40,4.174040079116821,True,81357.0,81357.0,0.3000000000000001
374,wuf20-0435.mwcnf,20,91,11,1.072664499282837,True,7047.0,7047.0,0.09999999999999999
375,wuf20-0436.mwcnf,20,91,16,1.6183645725250244,True,49289.0,49289.0,0.060000000000000005
376,wuf20-0437.mwcnf,20,91,38,3.9300763607025146,True,7054.0,7054.0,0.3000000000000001
377,wuf20-0438.mwcnf,20,91,14,1.4341676235198975,True,9394.0,9394.0,0.11999999999999998
378,wuf20-0439.mwcnf,20,91,9,0.9633517265319824,True,44735.0,44735.0,0.04
379,wuf20-044.mwcnf,20,91,44,4.478552341461182,True,28170.0,28170.0,0.3000000000000001
380,wuf20-0440.mwcnf,20,91,13,1.3213691711425781,True,25352.0,25352.0,0.04
381,wuf20-0441.mwcnf,20,91,500,50.142335653305054,False,77930.0,57291.0,0.060000000000000005
382,wuf20-0442.mwcnf,20,91,13,1.2480864524841309,True,14086.0,14086.0,0.09
383,wuf20-0443.mwcnf,20,91,9,0.9227259159088135,True,48504.0,48504.0,0.07
384,wuf20-0444.mwcnf,20,91,8,0.7914013862609863,True,14087.0,14087.0,0.07
385,wuf20-0445.mwcnf,20,91,500,50.80912637710571,False,66450.0,54572.0,0.05
386,wuf20-0446.mwcnf,20,91,500,51.12271809577942,False,56526.0,55724.0,0.060000000000000005
387,wuf20-0447.mwcnf,20,91,8,0.8169074058532715,True,63372.0,63372.0,0.07
388,wuf20-0448.mwcnf,20,91,26,2.4768412113189697,True,24652.0,24652.0,0.09999999999999999
389,wuf20-0449.mwcnf,20,91,493,50.813180685043335,True,8.0,8.0,0.3000000000000001
390,wuf20-045.mwcnf,20,91,500,50.79280114173889,False,58675.0,30515.0,0.060000000000000005
391,wuf20-0450.mwcnf,20,91,500,51.24917459487915,False,68750.0,38934.0,0.07
392,wuf20-0451.mwcnf,20,91,500,50.93267798423767,False,57017.0,41219.0,0.060000000000000005
393,wuf20-0452.mwcnf,20,91,13,1.3234343528747559,True,17608.0,17608.0,0.08
394,wuf20-0453.mwcnf,20,91,5,0.5277278423309326,True,22539.0,22539.0,0.04
395,wuf20-0454.mwcnf,20,91,82,8.77569842338562,True,23478.0,23478.0,0.3000000000000001
396,wuf20-0455.mwcnf,20,91,12,1.3580615520477295,True,9398.0,9398.0,0.09999999999999999
397,wuf20-0456.mwcnf,20,91,500,50.5561318397522,False,61965.0,14089.0,0.09
398,wuf20-0457.mwcnf,20,91,500,50.342321157455444,False,33802.0,25356.0,0.11999999999999998
399,wuf20-0458.mwcnf,20,91,37,3.822892427444458,True,12.0,12.0,0.3000000000000001
400,wuf20-0459.mwcnf,20,91,26,2.5619797706604004,True,33291.0,33291.0,0.05
401,wuf20-046.mwcnf,20,91,500,50.617555141448975,False,73222.0,34737.0,0.060000000000000005
402,wuf20-0460.mwcnf,20,91,500,50.94454860687256,False,58340.0,26155.0,0.060000000000000005
403,wuf20-0461.mwcnf,20,91,8,0.8318982124328613,True,13.0,13.0,0.09
404,wuf20-0462.mwcnf,20,91,11,1.0210669040679932,True,7053.0,7053.0,0.09999999999999999
405,wuf20-0463.mwcnf,20,91,10,0.9785840511322021,True,14095.0,14095.0,0.060000000000000005
406,wuf20-0464.mwcnf,20,91,156,15.773025512695312,True,5.0,5.0,0.3000000000000001
407,wuf20-0465.mwcnf,20,91,8,0.82261061668396,True,8.0,8.0,0.08
408,wuf20-0466.mwcnf,20,91,37,3.8693487644195557,True,7049.0,7049.0,0.3000000000000001
409,wuf20-0467.mwcnf,20,91,500,50.72416639328003,False,40846.0,15497.0,0.060000000000000005
410,wuf20-0468.mwcnf,20,91,11,1.0988214015960693,True,14090.0,14090.0,0.09999999999999999
411,wuf20-0469.mwcnf,20,91,18,1.7135121822357178,True,14089.0,14089.0,0.18000000000000002
412,wuf20-047.mwcnf,20,91,10,0.9455640316009521,True,21132.0,21132.0,0.08
413,wuf20-0470.mwcnf,20,91,500,51.39276313781738,False,91534.0,30281.0,0.05
414,wuf20-0471.mwcnf,20,91,11,1.1058478355407715,True,43530.0,43530.0,0.03
415,wuf20-0472.mwcnf,20,91,8,0.7529985904693604,True,21133.0,21133.0,0.07
416,wuf20-0473.mwcnf,20,91,11,1.0692846775054932,True,39338.0,39338.0,0.04
417,wuf20-0474.mwcnf,20,91,8,0.8434498310089111,True,21131.0,21131.0,0.04
418,wuf20-0475.mwcnf,20,91,41,4.175693511962891,True,7049.0,7049.0,0.3000000000000001
419,wuf20-0476.mwcnf,20,91,41,4.166611433029175,True,7049.0,7049.0,0.3000000000000001
420,wuf20-0477.mwcnf,20,91,42,4.3920722007751465,True,12.0,12.0,0.3000000000000001
421,wuf20-0478.mwcnf,20,91,12,1.1816473007202148,True,21131.0,21131.0,0.08
422,wuf20-0479.mwcnf,20,91,7,0.7406942844390869,True,14092.0,14092.0,0.04
423,wuf20-048.mwcnf,20,91,15,1.4053270816802979,True,11.0,11.0,0.16
424,wuf20-0480.mwcnf,20,91,500,51.45456004142761,False,53515.0,30048.0,0.060000000000000005
425,wuf20-0481.mwcnf,20,91,8,0.7197375297546387,True,9393.0,9393.0,0.07
426,wuf20-0482.mwcnf,20,91,16,1.5693070888519287,True,31690.0,31690.0,0.060000000000000005
427,wuf20-0483.mwcnf,20,91,500,51.45150804519653,False,57480.0,41963.0,0.060000000000000005
428,wuf20-0484.mwcnf,20,91,8,0.8076751232147217,True,14088.0,14088.0,0.060000000000000005
429,wuf20-0485.mwcnf,20,91,500,50.371485233306885,False,49801.0,35720.0,0.060000000000000005
430,wuf20-0486.mwcnf,20,91,500,50.6480929851532,False,35208.0,26762.0,0.060000000000000005
431,wuf20-0487.mwcnf,20,91,7,0.7133972644805908,True,37805.0,37805.0,0.060000000000000005
432,wuf20-0488.mwcnf,20,91,70,7.120944261550903,True,46942.0,46942.0,0.3000000000000001
433,wuf20-0489.mwcnf,20,91,36,3.9482192993164062,True,23477.0,23477.0,0.3000000000000001
434,wuf20-049.mwcnf,20,91,13,1.3092620372772217,True,3047.0,3047.0,0.11999999999999998
435,wuf20-0490.mwcnf,20,91,20,1.8371810913085938,True,13.0,13.0,0.19000000000000003
436,wuf20-0491.mwcnf,20,91,34,3.4157750606536865,True,22540.0,22540.0,0.07
437,wuf20-0492.mwcnf,20,91,7,0.7375016212463379,True,57506.0,57506.0,0.03
438,wuf20-0493.mwcnf,20,91,40,4.114240407943726,True,12.0,12.0,0.3000000000000001
439,wuf20-0494.mwcnf,20,91,500,50.5022554397583,False,57613.0,53772.0,0.060000000000000005
440,wuf20-0495.mwcnf,20,91,66,6.958564758300781,True,14091.0,14091.0,0.3000000000000001
441,wuf20-0496.mwcnf,20,91,500,50.463183641433716,False,46941.0,37558.0,0.060000000000000005
442,wuf20-0497.mwcnf,20,91,9,0.9968690872192383,True,42248.0,42248.0,0.03
443,wuf20-0498.mwcnf,20,91,10,0.9883439540863037,True,28171.0,28171.0,0.09
444,wuf20-0499.mwcnf,20,91,500,51.123902797698975,False,45776.0,35215.0,0.09
445,wuf20-05.mwcnf,20,91,8,0.7608969211578369,True,3049.0,3049.0,0.07
446,wuf20-050.mwcnf,20,91,216,22.72502303123474,True,9.0,9.0,0.3000000000000001
447,wuf20-0500.mwcnf,20,91,500,51.28998398780823,False,12171.0,6090.0,0.09
448,wuf20-0501.mwcnf,20,91,10,1.0150516033172607,True,16224.0,16224.0,0.060000000000000005
449,wuf20-0502.mwcnf,20,91,10,0.9573261737823486,True,20656.0,20656.0,0.03
450,wuf20-0503.mwcnf,20,91,14,1.3932175636291504,True,13825.0,13825.0,0.07
451,wuf20-0504.mwcnf,20,91,129,13.453825950622559,True,11.0,11.0,0.3000000000000001
452,wuf20-0505.mwcnf,20,91,10,0.9914393424987793,True,8116.0,8116.0,0.07
453,wuf20-0506.mwcnf,20,91,9,0.8777081966400146,True,10146.0,10146.0,0.060000000000000005
454,wuf20-0507.mwcnf,20,91,500,50.275832653045654,False,22300.0,19806.0,0.05
455,wuf20-0508.mwcnf,20,91,17,1.7239654064178467,True,12166.0,12166.0,0.05
456,wuf20-0509.mwcnf,20,91,37,3.8016626834869385,True,4063.0,4063.0,0.3000000000000001
457,wuf20-051.mwcnf,20,91,10,0.9379982948303223,True,9132.0,9132.0,0.05
458,wuf20-0510.mwcnf,20,91,13,1.3049240112304688,True,40910.0,40910.0,0.11999999999999998
459,wuf20-0511.mwcnf,20,91,7,0.7697088718414307,True,21292.0,21292.0,0.03
460,wuf20-0512.mwcnf,20,91,13,1.2637958526611328,True,12169.0,12169.0,0.09
461,wuf20-0513.mwcnf,20,91,115,11.803450345993042,True,12171.0,12171.0,0.3000000000000001
462,wuf20-0514.mwcnf,20,91,192,19.987048149108887,True,10.0,10.0,0.3000000000000001
463,wuf20-0515.mwcnf,20,91,500,50.85175371170044,False,13993.0,12777.0,0.07
464,wuf20-0516.mwcnf,20,91,500,51.437660694122314,False,26768.0,16429.0,0.060000000000000005
465,wuf20-0517.mwcnf,20,91,72,7.503476142883301,True,13.0,13.0,0.3000000000000001
466,wuf20-0518.mwcnf,20,91,8,0.8680555820465088,True,10.0,10.0,0.09
467,wuf20-0519.mwcnf,20,91,22,2.2561845779418945,True,9.0,9.0,0.22000000000000006
468,wuf20-052.mwcnf,20,91,500,51.4248526096344,False,13691.0,10653.0,0.060000000000000005
469,wuf20-0520.mwcnf,20,91,40,4.049993276596069,True,6092.0,6092.0,0.3000000000000001
470,wuf20-0521.mwcnf,20,91,16,1.6667051315307617,True,6090.0,6090.0,0.10999999999999999
471,wuf20-0522.mwcnf,20,91,500,50.41287136077881,False,24636.0,19776.0,0.07
472,wuf20-0523.mwcnf,20,91,8,0.7816805839538574,True,4065.0,4065.0,0.08
473,wuf20-0524.mwcnf,20,91,9,0.7903130054473877,True,12.0,12.0,0.09
474,wuf20-0525.mwcnf,20,91,12,1.1558728218078613,True,28130.0,28130.0,0.05
475,wuf20-0526.mwcnf,20,91,67,6.990191459655762,True,3052.0,3052.0,0.3000000000000001
476,wuf20-0527.mwcnf,20,91,10,0.9921703338623047,True,6095.0,6095.0,0.03
477,wuf20-0528.mwcnf,20,91,7,0.7529468536376953,True,9.0,9.0,0.07
478,wuf20-0529.mwcnf,20,91,42,4.5328826904296875,True,12172.0,12172.0,0.3000000000000001
479,wuf20-053.mwcnf,20,91,7,0.7533168792724609,True,3049.0,3049.0,0.060000000000000005
480,wuf20-0530.mwcnf,20,91,500,51.03651571273804,False,10955.0,9741.0,0.060000000000000005
481,wuf20-0531.mwcnf,20,91,500,50.724284172058105,False,29599.0,19059.0,0.060000000000000005
482,wuf20-0532.mwcnf,20,91,227,24.392914056777954,True,3044.0,3044.0,0.3000000000000001
483,wuf20-0533.mwcnf,20,91,78,8.000632047653198,True,4063.0,4063.0,0.3000000000000001
484,wuf20-0534.mwcnf,20,91,8,0.8246066570281982,True,15213.0,15213.0,0.05
485,wuf20-0535.mwcnf,20,91,500,51.56712484359741,False,21669.0,16221.0,0.07
486,wuf20-0536.mwcnf,20,91,67,7.235254764556885,True,10.0,10.0,0.3000000000000001
487,wuf20-0537.mwcnf,20,91,93,9.381716966629028,True,12168.0,12168.0,0.04
488,wuf20-0538.mwcnf,20,91,7,0.7155148983001709,True,9131.0,9131.0,0.05
489,wuf20-0539.mwcnf,20,91,500,50.94220447540283,False,28380.0,25341.0,0.060000000000000005
490,wuf20-054.mwcnf,20,91,14,1.4457614421844482,True,16512.0,16512.0,0.060000000000000005
491,wuf20-0540.mwcnf,20,91,500,50.823967933654785,False,16732.0,9131.0,0.09
492,wuf20-0541.mwcnf,20,91,500,51.97048377990723,False,23113.0,21895.0,0.060000000000000005
493,wuf20-0542.mwcnf,20,91,73,7.516961097717285,True,3053.0,3053.0,0.3000000000000001
494,wuf20-0543.mwcnf,20,91,16,1.649808645248413,True,3053.0,3053.0,0.15
495,wuf20-0544.mwcnf,20,91,10,1.0437636375427246,True,17380.0,17380.0,0.07
496,wuf20-0545.mwcnf,20,91,11,1.121006727218628,True,3053.0,3053.0,0.09999999999999999
497,wuf20-0546.mwcnf,20,91,10,0.9672873020172119,True,12172.0,12172.0,0.08
498,wuf20-0547.mwcnf,20,91,35,3.522407293319702,True,3054.0,3054.0,0.3000000000000001
499,wuf20-0548.mwcnf,20,91,8,0.9076383113861084,True,16221.0,16221.0,0.060000000000000005
500,wuf20-0549.mwcnf,20,91,6,0.5752170085906982,True,17236.0,17236.0,0.05
501,wuf20-055.mwcnf,20,91,5,0.48067450523376465,True,18248.0,18248.0,0.04
502,wuf20-0550.mwcnf,20,91,8,0.8364901542663574,True,13.0,13.0,0.08
503,wuf20-0551.mwcnf,20,91,16,1.642848014831543,True,6090.0,6090.0,0.08
504,wuf20-0552.mwcnf,20,91,109,11.26955246925354,True,3049.0,3049.0,0.3000000000000001
505,wuf20-0553.mwcnf,20,91,9,0.9418060779571533,True,3049.0,3049.0,0.08
506,wuf20-0554.mwcnf,20,91,13,1.2862069606781006,True,21295.0,21295.0,0.03
507,wuf20-0555.mwcnf,20,91,8,0.8091921806335449,True,16224.0,16224.0,0.060000000000000005
508,wuf20-0556.mwcnf,20,91,70,7.388531684875488,True,4064.0,4064.0,0.3000000000000001
509,wuf20-0557.mwcnf,20,91,500,50.69660997390747,False,22508.0,3046.0,0.12999999999999998
510,wuf20-0558.mwcnf,20,91,44,4.468632459640503,True,9887.0,9887.0,0.10999999999999999
511,wuf20-0559.mwcnf,20,91,500,51.13634157180786,False,15212.0,13691.0,0.060000000000000005
512,wuf20-056.mwcnf,20,91,8,0.8793458938598633,True,13104.0,13104.0,0.03
513,wuf20-0560.mwcnf,20,91,40,4.2575156688690186,True,6091.0,6091.0,0.3000000000000001
514,wuf20-0561.mwcnf,20,91,8,0.8174924850463867,True,8700.0,8700.0,0.060000000000000005
515,wuf20-0562.mwcnf,20,91,93,9.667035102844238,True,4061.0,4061.0,0.3000000000000001
516,wuf20-0563.mwcnf,20,91,500,50.10703897476196,False,22053.0,13692.0,0.060000000000000005
517,wuf20-0564.mwcnf,20,91,8,0.7817361354827881,True,6091.0,6091.0,0.03
518,wuf20-0565.mwcnf,20,91,8,0.8160891532897949,True,10347.0,10347.0,0.05
519,wuf20-0566.mwcnf,20,91,500,50.9935736656189,False,30411.0,19009.0,0.11999999999999998
520,wuf20-0567.mwcnf,20,91,42,4.199944257736206,True,31503.0,31503.0,0.04
521,wuf20-0568.mwcnf,20,91,7,0.766646146774292,True,9129.0,9129.0,0.05
522,wuf20-0569.mwcnf,20,91,500,50.907243490219116,False,24329.0,6955.0,0.060000000000000005
523,wuf20-057.mwcnf,20,91,500,50.37780261039734,False,17643.0,10348.0,0.09
524,wuf20-0570.mwcnf,20,91,500,50.3260715007782,False,25091.0,11405.0,0.07
525,wuf20-0571.mwcnf,20,91,500,50.49677348136902,False,29195.0,12169.0,0.08
526,wuf20-0572.mwcnf,20,91,8,0.8625075817108154,True,3049.0,3049.0,0.07
527,wuf20-0573.mwcnf,20,91,12,1.194291591644287,True,12935.0,12935.0,0.07
528,wuf20-0574.mwcnf,20,91,12,1.1069602966308594,True,3048.0,3048.0,0.10999999999999999
529,wuf20-0575.mwcnf,20,91,355,35.94593596458435,True,10652.0,10652.0,0.09999999999999999
530,wuf20-0576.mwcnf,20,91,8,0.7852530479431152,True,9.0,9.0,0.08
531,wuf20-0577.mwcnf,20,91,500,50.65732932090759,False,20679.0,12571.0,0.060000000000000005
532,wuf20-0578.mwcnf,20,91,7,0.6292154788970947,True,10143.0,10143.0,0.03
533,wuf20-0579.mwcnf,20,91,39,4.052818059921265,True,6095.0,6095.0,0.3000000000000001
534,wuf20-058.mwcnf,20,91,8,0.7649400234222412,True,17382.0,17382.0,0.03
535,wuf20-0580.mwcnf,20,91,9,0.8408982753753662,True,27372.0,27372.0,0.05
536,wuf20-0581.mwcnf,20,91,37,3.9511823654174805,True,4066.0,4066.0,0.3000000000000001
537,wuf20-0582.mwcnf,20,91,464,48.53566575050354,True,10.0,10.0,0.3000000000000001
538,wuf20-0583.mwcnf,20,91,9,0.8114371299743652,True,6091.0,6091.0,0.07
539,wuf20-0584.mwcnf,20,91,8,0.820075511932373,True,3048.0,3048.0,0.07
540,wuf20-0585.mwcnf,20,91,500,50.254451513290405,False,21797.0,12170.0,0.060000000000000005
541,wuf20-0586.mwcnf,20,91,103,10.706182956695557,True,9.0,9.0,0.3000000000000001
542,wuf20-0587.mwcnf,20,91,500,50.51043701171875,False,10954.0,8520.0,0.07
543,wuf20-0588.mwcnf,20,91,500,50.82129502296448,False,39484.0,19337.0,0.060000000000000005
544,wuf20-0589.mwcnf,20,91,6,0.6122658252716064,True,13392.0,13392.0,0.05
545,wuf20-059.mwcnf,20,91,126,13.158316850662231,True,9.0,9.0,0.3000000000000001
546,wuf20-0590.mwcnf,20,91,51,5.0223774909973145,True,15209.0,15209.0,0.05
547,wuf20-0591.mwcnf,20,91,7,0.6571111679077148,True,3050.0,3050.0,0.07
548,wuf20-0592.mwcnf,20,91,8,0.7820134162902832,True,9892.0,9892.0,0.07
549,wuf20-0593.mwcnf,20,91,41,4.125916957855225,True,34058.0,34058.0,0.3000000000000001
550,wuf20-0594.mwcnf,20,91,6,0.6383359432220459,True,7.0,7.0,0.060000000000000005
551,wuf20-0595.mwcnf,20,91,10,0.9506106376647949,True,4065.0,4065.0,0.09
552,wuf20-0596.mwcnf,20,91,18,1.7786762714385986,True,3049.0,3049.0,0.17
553,wuf20-0597.mwcnf,20,91,8,0.8567013740539551,True,3053.0,3053.0,0.07
554,wuf20-0598.mwcnf,20,91,8,0.7317295074462891,True,3051.0,3051.0,0.04
555,wuf20-0599.mwcnf,20,91,9,0.8953514099121094,True,3050.0,3050.0,0.08
556,wuf20-06.mwcnf,20,91,68,7.264812707901001,True,14718.0,14718.0,0.3000000000000001
557,wuf20-060.mwcnf,20,91,9,0.8944745063781738,True,9132.0,9132.0,0.08
558,wuf20-0600.mwcnf,20,91,38,3.993229627609253,True,8.0,8.0,0.3000000000000001
559,wuf20-0601.mwcnf,20,91,82,8.262277126312256,True,6088.0,6088.0,0.3000000000000001
560,wuf20-0602.mwcnf,20,91,10,1.0271694660186768,True,15209.0,15209.0,0.04
561,wuf20-0603.mwcnf,20,91,500,51.420429944992065,False,13902.0,13033.0,0.060000000000000005
562,wuf20-0604.mwcnf,20,91,20,1.9378740787506104,True,25486.0,25486.0,0.05
563,wuf20-0605.mwcnf,20,91,500,50.57975935935974,False,22815.0,20534.0,0.09999999999999999
564,wuf20-0606.mwcnf,20,91,36,3.7695858478546143,True,12.0,12.0,0.3000000000000001
565,wuf20-0607.mwcnf,20,91,10,0.9919877052307129,True,11.0,11.0,0.09999999999999999
566,wuf20-0608.mwcnf,20,91,75,7.807005405426025,True,12168.0,12168.0,0.3000000000000001
567,wuf20-0609.mwcnf,20,91,37,3.7711739540100098,True,32434.0,32434.0,0.3000000000000001
568,wuf20-061.mwcnf,20,91,98,10.221028089523315,True,11.0,11.0,0.3000000000000001
569,wuf20-0610.mwcnf,20,91,8,0.8052797317504883,True,10956.0,10956.0,0.03
570,wuf20-0611.mwcnf,20,91,12,1.2455792427062988,True,12166.0,12166.0,0.10999999999999999
571,wuf20-0612.mwcnf,20,91,42,4.542707204818726,True,3050.0,3050.0,0.3000000000000001
572,wuf20-0613.mwcnf,20,91,61,6.268876075744629,True,10142.0,10142.0,0.3000000000000001
573,wuf20-0614.mwcnf,20,91,52,5.442138910293579,True,12.0,12.0,0.3000000000000001
574,wuf20-0615.mwcnf,20,91,5,0.5592546463012695,True,9129.0,9129.0,0.04
575,wuf20-0616.mwcnf,20,91,9,0.9418375492095947,True,6088.0,6088.0,0.07
576,wuf20-0617.mwcnf,20,91,22,2.356070041656494,True,13828.0,13828.0,0.060000000000000005
577,wuf20-0618.mwcnf,20,91,39,3.9411253929138184,True,3049.0,3049.0,0.3000000000000001
578,wuf20-0619.mwcnf,20,91,12,1.3976576328277588,True,20878.0,20878.0,0.04
579,wuf20-062.mwcnf,20,91,36,3.744861364364624,True,15689.0,15689.0,0.3000000000000001
580,wuf20-0620.mwcnf,20,91,500,51.52003622055054,False,36486.0,34121.0,0.060000000000000005
581,wuf20-0621.mwcnf,20,91,57,5.927896022796631,True,9737.0,9737.0,0.3000000000000001
582,wuf20-0622.mwcnf,20,91,11,1.0828166007995605,True,20020.0,20020.0,0.04
583,wuf20-0623.mwcnf,20,91,7,0.6496338844299316,True,6087.0,6087.0,0.05
584,wuf20-0624.mwcnf,20,91,500,50.471118688583374,False,23115.0,14604.0,0.060000000000000005
585,wuf20-0625.mwcnf,20,91,13,1.1855356693267822,True,11.0,11.0,0.12999999999999998
586,wuf20-0626.mwcnf,20,91,23,2.1427571773529053,True,13184.0,13184.0,0.07
587,wuf20-0627.mwcnf,20,91,500,47.11739993095398,False,31630.0,16430.0,0.060000000000000005
588,wuf20-0628.mwcnf,20,91,18,1.5889627933502197,True,10652.0,10652.0,0.08
589,wuf20-0629.mwcnf,20,91,18,1.8100872039794922,True,16040.0,16040.0,0.03
590,wuf20-063.mwcnf,20,91,12,1.0546462535858154,True,39224.0,39224.0,0.03
591,wuf20-0630.mwcnf,20,91,7,0.6526753902435303,True,13.0,13.0,0.08
592,wuf20-0631.mwcnf,20,91,11,0.9975569248199463,True,10.0,10.0,0.10999999999999999
593,wuf20-0632.mwcnf,20,91,7,0.5628781318664551,True,7104.0,7104.0,0.07
594,wuf20-0633.mwcnf,20,91,500,47.292515993118286,False,14505.0,11233.0,0.05
595,wuf20-0634.mwcnf,20,91,33,3.14685320854187,True,59512.0,59512.0,0.04
596,wuf20-0635.mwcnf,20,91,15,1.4122638702392578,True,9812.0,9812.0,0.08
597,wuf20-0636.mwcnf,20,91,500,46.75989580154419,False,67229.0,29417.0,0.09
598,wuf20-0637.mwcnf,20,91,104,9.795156955718994,True,17654.0,17654.0,0.3000000000000001
599,wuf20-0638.mwcnf,20,91,7,0.5582253932952881,True,21012.0,21012.0,0.03
600,wuf20-0639.mwcnf,20,91,11,1.120345115661621,True,22068.0,22068.0,0.060000000000000005
601,wuf20-064.mwcnf,20,91,64,5.64669394493103,True,29421.0,29421.0,0.05
602,wuf20-0640.mwcnf,20,91,500,46.80407404899597,False,58828.0,55888.0,0.060000000000000005
603,wuf20-0641.mwcnf,20,91,500,46.17879629135132,False,29419.0,22066.0,0.3000000000000001
604,wuf20-0642.mwcnf,20,91,500,46.70129084587097,False,48132.0,39107.0,0.07
605,wuf20-0643.mwcnf,20,91,500,45.51778483390808,False,66851.0,58826.0,0.060000000000000005
606,wuf20-0644.mwcnf,20,91,8,0.8047316074371338,True,30469.0,30469.0,0.05
607,wuf20-0645.mwcnf,20,91,500,46.41937255859375,False,53925.0,36768.0,0.3000000000000001
608,wuf20-0646.mwcnf,20,91,7,0.615898847579956,True,29420.0,29420.0,0.07
609,wuf20-0647.mwcnf,20,91,18,1.6639440059661865,True,7362.0,7362.0,0.17
610,wuf20-0648.mwcnf,20,91,500,46.18382525444031,False,55561.0,35953.0,0.09
611,wuf20-0649.mwcnf,20,91,500,46.23268675804138,False,59748.0,37687.0,0.09
612,wuf20-065.mwcnf,20,91,10,0.839277982711792,True,29418.0,29418.0,0.09
613,wuf20-0650.mwcnf,20,91,500,46.451287031173706,False,71930.0,58826.0,0.060000000000000005
614,wuf20-0651.mwcnf,20,91,5,0.4038529396057129,True,33096.0,33096.0,0.04
615,wuf20-0652.mwcnf,20,91,39,3.6238059997558594,True,7365.0,7365.0,0.3000000000000001
616,wuf20-0653.mwcnf,20,91,500,46.807090282440186,False,63181.0,55013.0,0.060000000000000005
617,wuf20-0654.mwcnf,20,91,10,1.013035535812378,True,28287.0,28287.0,0.03
618,wuf20-0655.mwcnf,20,91,500,47.069008350372314,False,64022.0,48449.0,0.10999999999999999
619,wuf20-0656.mwcnf,20,91,44,4.366255283355713,True,7361.0,7361.0,0.3000000000000001
620,wuf20-0657.mwcnf,20,91,5,0.4520142078399658,True,35852.0,35852.0,0.04
621,wuf20-0658.mwcnf,20,91,11,1.0590574741363525,True,31521.0,31521.0,0.09999999999999999
622,wuf20-0659.mwcnf,20,91,8,0.7101552486419678,True,52107.0,52107.0,0.05
623,wuf20-066.mwcnf,20,91,18,1.70982027053833,True,29422.0,29422.0,0.07
624,wuf20-0660.mwcnf,20,91,5,0.4562051296234131,True,7364.0,7364.0,0.04
625,wuf20-0661.mwcnf,20,91,11,1.0513513088226318,True,14715.0,14715.0,0.08
626,wuf20-0662.mwcnf,20,91,11,1.035149335861206,True,43558.0,43558.0,0.02
627,wuf20-0663.mwcnf,20,91,13,1.2421908378601074,True,17164.0,17164.0,0.08
628,wuf20-0664.mwcnf,20,91,38,3.433962345123291,True,12.0,12.0,0.3000000000000001
629,wuf20-0665.mwcnf,20,91,500,46.272374629974365,False,59406.0,40086.0,0.060000000000000005
630,wuf20-0666.mwcnf,20,91,37,3.447086811065674,True,14713.0,14713.0,0.3000000000000001
631,wuf20-0667.mwcnf,20,91,500,46.580739974975586,False,95594.0,19613.0,0.2800000000000001
632,wuf20-0668.mwcnf,20,91,500,47.10415077209473,False,35301.0,26480.0,0.07
633,wuf20-0669.mwcnf,20,91,28,2.6426217555999756,True,7363.0,7363.0,0.2700000000000001
634,wuf20-067.mwcnf,20,91,500,47.09961938858032,False,100793.0,51296.0,0.060000000000000005
635,wuf20-0670.mwcnf,20,91,38,3.6279349327087402,True,7360.0,7360.0,0.3000000000000001
636,wuf20-0671.mwcnf,20,91,500,46.79464840888977,False,41800.0,34834.0,0.060000000000000005
637,wuf20-0672.mwcnf,20,91,11,1.0849134922027588,True,9813.0,9813.0,0.09999999999999999
638,wuf20-0673.mwcnf,20,91,500,46.250842332839966,False,101470.0,45100.0,0.07
639,wuf20-0674.mwcnf,20,91,113,10.774717330932617,True,7.0,7.0,0.3000000000000001
640,wuf20-0675.mwcnf,20,91,8,0.8444907665252686,True,7365.0,7365.0,0.07
641,wuf20-0676.mwcnf,20,91,500,46.700597047805786,False,53311.0,47798.0,0.060000000000000005
642,wuf20-0677.mwcnf,20,91,500,46.79200506210327,False,46223.0,25216.0,0.060000000000000005
643,wuf20-0678.mwcnf,20,91,131,12.572098016738892,True,10.0,10.0,0.3000000000000001
644,wuf20-0679.mwcnf,20,91,500,46.285255670547485,False,37826.0,23120.0,0.09999999999999999
645,wuf20-068.mwcnf,20,91,6,0.5639846324920654,True,39222.0,39222.0,0.05
646,wuf20-0680.mwcnf,20,91,10,0.929811954498291,True,7365.0,7365.0,0.09
647,wuf20-0681.mwcnf,20,91,5,0.47691869735717773,True,32363.0,32363.0,0.03
648,wuf20-0682.mwcnf,20,91,8,0.7206363677978516,True,49371.0,49371.0,0.05
649,wuf20-0683.mwcnf,20,91,38,3.5090439319610596,True,12.0,12.0,0.3000000000000001
650,wuf20-0684.mwcnf,20,91,128,12.390348196029663,True,9.0,9.0,0.3000000000000001
651,wuf20-0685.mwcnf,20,91,8,0.8749911785125732,True,33834.0,33834.0,0.07
652,wuf20-0686.mwcnf,20,91,9,0.6793954372406006,True,21015.0,21015.0,0.08
653,wuf20-0687.mwcnf,20,91,40,3.5797629356384277,True,7363.0,7363.0,0.3000000000000001
654,wuf20-0688.mwcnf,20,91,500,46.59995675086975,False,84560.0,47795.0,0.25000000000000006
655,wuf20-0689.mwcnf,20,91,9,0.7558877468109131,True,29419.0,29419.0,0.04
656,wuf20-069.mwcnf,20,91,7,0.7793548107147217,True,7362.0,7362.0,0.060000000000000005
657,wuf20-0690.mwcnf,20,91,500,45.83989500999451,False,75903.0,43647.0,0.07
658,wuf20-0691.mwcnf,20,91,11,1.0527069568634033,True,12.0,12.0,0.10999999999999999
659,wuf20-0692.mwcnf,20,91,19,1.7902119159698486,True,14716.0,14716.0,0.09999999999999999
660,wuf20-0693.mwcnf,20,91,41,3.932593584060669,True,7364.0,7364.0,0.3000000000000001
661,wuf20-0694.mwcnf,20,91,98,9.555958271026611,True,7365.0,7365.0,0.3000000000000001
662,wuf20-0695.mwcnf,20,91,70,6.582706928253174,True,7368.0,7368.0,0.3000000000000001
663,wuf20-0696.mwcnf,20,91,11,0.989534854888916,True,26967.0,26967.0,0.07
664,wuf20-0697.mwcnf,20,91,500,46.53586459159851,False,53926.0,38608.0,0.060000000000000005
665,wuf20-0698.mwcnf,20,91,39,3.650346517562866,True,14.0,14.0,0.3000000000000001
666,wuf20-0699.mwcnf,20,91,21,2.0319695472717285,True,14712.0,14712.0,0.09999999999999999
667,wuf20-07.mwcnf,20,91,500,46.553035259246826,False,22529.0,12036.0,0.08
668,wuf20-070.mwcnf,20,91,500,45.7335205078125,False,54205.0,51265.0,0.08
669,wuf20-0700.mwcnf,20,91,10,0.8512747287750244,True,11.0,11.0,0.09999999999999999
670,wuf20-0701.mwcnf,20,91,37,3.430758476257324,True,9.0,9.0,0.3000000000000001
671,wuf20-0702.mwcnf,20,91,500,45.824803829193115,False,94777.0,65365.0,0.060000000000000005
672,wuf20-0703.mwcnf,20,91,500,45.98199915885925,False,53683.0,47064.0,0.05
673,wuf20-0704.mwcnf,20,91,500,45.71841335296631,False,68629.0,44119.0,0.060000000000000005
674,wuf20-0705.mwcnf,20,91,34,3.2735538482666016,True,7364.0,7364.0,0.3000000000000001
675,wuf20-0706.mwcnf,20,91,500,45.47270345687866,False,90818.0,51860.0,0.07
676,wuf20-0707.mwcnf,20,91,17,1.6716973781585693,True,29418.0,29418.0,0.04
677,wuf20-0708.mwcnf,20,91,40,3.556713819503784,True,11.0,11.0,0.3000000000000001
678,wuf20-0709.mwcnf,20,91,10,1.0753018856048584,True,44129.0,44129.0,0.09
679,wuf20-071.mwcnf,20,91,500,45.681761026382446,False,58827.0,27781.0,0.060000000000000005
680,wuf20-0710.mwcnf,20,91,10,0.925722599029541,True,22064.0,22064.0,0.07
681,wuf20-0711.mwcnf,20,91,12,1.105095624923706,True,18390.0,18390.0,0.10999999999999999
682,wuf20-0712.mwcnf,20,91,8,0.7758944034576416,True,11.0,11.0,0.08
683,wuf20-0713.mwcnf,20,91,500,46.19526934623718,False,41672.0,37587.0,0.22000000000000006
684,wuf20-0714.mwcnf,20,91,500,46.60290265083313,False,46332.0,41184.0,0.09
685,wuf20-0715.mwcnf,20,91,101,9.940447568893433,True,10.0,10.0,0.3000000000000001
686,wuf20-0716.mwcnf,20,91,14,1.414370059967041,True,10.0,10.0,0.13999999999999999
687,wuf20-0717.mwcnf,20,91,70,6.539322376251221,True,7364.0,7364.0,0.3000000000000001
688,wuf20-0718.mwcnf,20,91,19,1.7271523475646973,True,22064.0,22064.0,0.19000000000000003
689,wuf20-0719.mwcnf,20,91,37,3.5119688510894775,True,20596.0,20596.0,0.3000000000000001
690,wuf20-072.mwcnf,20,91,15,1.3821747303009033,True,22064.0,22064.0,0.09
691,wuf20-0720.mwcnf,20,91,46,4.296692371368408,True,25216.0,25216.0,0.3000000000000001
692,wuf20-0721.mwcnf,20,91,260,23.380391120910645,True,49026.0,49026.0,0.05
693,wuf20-0722.mwcnf,20,91,500,46.27573084831238,False,60378.0,44124.0,0.060000000000000005
694,wuf20-0723.mwcnf,20,91,10,0.9097521305084229,True,14716.0,14716.0,0.07
695,wuf20-0724.mwcnf,20,91,61,5.635294198989868,True,53860.0,53860.0,0.07
696,wuf20-0725.mwcnf,20,91,69,6.3392627239227295,True,8.0,8.0,0.3000000000000001
697,wuf20-0726.mwcnf,20,91,10,1.1258559226989746,True,40448.0,40448.0,0.07
698,wuf20-0727.mwcnf,20,91,15,1.3547329902648926,True,68185.0,68185.0,0.13999999999999999
699,wuf20-0728.mwcnf,20,91,50,4.424413442611694,True,14712.0,14712.0,0.3000000000000001
700,wuf20-0729.mwcnf,20,91,8,0.6267521381378174,True,9.0,9.0,0.08
701,wuf20-073.mwcnf,20,91,8,0.8492431640625,True,7365.0,7365.0,0.07
702,wuf20-0730.mwcnf,20,91,10,0.9790418148040771,True,32812.0,32812.0,0.04
703,wuf20-0731.mwcnf,20,91,8,0.7170426845550537,True,14716.0,14716.0,0.060000000000000005
704,wuf20-0732.mwcnf,20,91,500,46.24803805351257,False,38243.0,33831.0,0.07
705,wuf20-0733.mwcnf,20,91,6,0.5751235485076904,True,14.0,14.0,0.05
706,wuf20-0734.mwcnf,20,91,28,2.4806196689605713,True,52422.0,52422.0,0.05
707,wuf20-0735.mwcnf,20,91,9,0.936863899230957,True,6.0,6.0,0.09
708,wuf20-0736.mwcnf,20,91,21,1.9714782238006592,True,7362.0,7362.0,0.20000000000000004
709,wuf20-0737.mwcnf,20,91,13,1.122565746307373,True,36771.0,36771.0,0.05
710,wuf20-0738.mwcnf,20,91,41,3.839641809463501,True,102943.0,102943.0,0.3000000000000001
711,wuf20-0739.mwcnf,20,91,7,0.6740026473999023,True,9812.0,9812.0,0.060000000000000005
712,wuf20-074.mwcnf,20,91,69,6.895150423049927,True,8.0,8.0,0.3000000000000001
713,wuf20-0740.mwcnf,20,91,125,11.599011898040771,True,7362.0,7362.0,0.3000000000000001
714,wuf20-0741.mwcnf,20,91,500,46.03098678588867,False,83337.0,37993.0,0.060000000000000005
715,wuf20-0742.mwcnf,20,91,356,32.27572774887085,True,74549.0,74549.0,0.060000000000000005
716,wuf20-0743.mwcnf,20,91,6,0.5470638275146484,True,14713.0,14713.0,0.03
717,wuf20-0744.mwcnf,20,91,21,1.858255386352539,True,23541.0,23541.0,0.08
718,wuf20-0745.mwcnf,20,91,500,46.26630473136902,False,104413.0,30888.0,0.060000000000000005
719,wuf20-0746.mwcnf,20,91,8,0.7715249061584473,True,18918.0,18918.0,0.05
720,wuf20-0747.mwcnf,20,91,23,2.082786798477173,True,29419.0,29419.0,0.09999999999999999
721,wuf20-0748.mwcnf,20,91,500,45.26716113090515,False,61453.0,39395.0,0.07
722,wuf20-0749.mwcnf,20,91,7,0.6165413856506348,True,17659.0,17659.0,0.05
723,wuf20-075.mwcnf,20,91,9,0.8204855918884277,True,45961.0,45961.0,0.04
724,wuf20-0750.mwcnf,20,91,12,1.029613733291626,True,7366.0,7366.0,0.10999999999999999
725,wuf20-0751.mwcnf,20,91,10,0.8960170745849609,True,14716.0,14716.0,0.08
726,wuf20-0752.mwcnf,20,91,11,0.9209589958190918,True,33096.0,33096.0,0.05
727,wuf20-0753.mwcnf,20,91,7,0.5711073875427246,True,50006.0,50006.0,0.060000000000000005
728,wuf20-0754.mwcnf,20,91,500,43.38168740272522,False,49777.0,29420.0,0.17
729,wuf20-0755.mwcnf,20,91,38,3.4823946952819824,True,11.0,11.0,0.3000000000000001
730,wuf20-0756.mwcnf,20,91,45,3.715759038925171,True,29419.0,29419.0,0.05
731,wuf20-0757.mwcnf,20,91,500,44.02567386627197,False,17656.0,11773.0,0.3000000000000001
732,wuf20-0758.mwcnf,20,91,10,0.852837085723877,True,71617.0,71617.0,0.03
733,wuf20-0759.mwcnf,20,91,45,3.8513288497924805,True,9.0,9.0,0.3000000000000001
734,wuf20-076.mwcnf,20,91,44,3.8592350482940674,True,9.0,9.0,0.3000000000000001
735,wuf20-0760.mwcnf,20,91,12,1.0591285228729248,True,80886.0,80886.0,0.10999999999999999
736,wuf20-0761.mwcnf,20,91,15,1.098215103149414,True,83717.0,83717.0,0.05
737,wuf20-0762.mwcnf,20,91,255,22.738556146621704,True,14715.0,14715.0,0.3000000000000001
738,wuf20-0763.mwcnf,20,91,44,4.032015800476074,True,8.0,8.0,0.3000000000000001
739,wuf20-0764.mwcnf,20,91,49,4.1287782192230225,True,11.0,11.0,0.3000000000000001
740,wuf20-0765.mwcnf,20,91,41,3.624998092651367,True,36771.0,36771.0,0.3000000000000001
741,wuf20-0766.mwcnf,20,91,500,44.101964473724365,False,51477.0,25008.0,0.11999999999999998
742,wuf20-0767.mwcnf,20,91,500,45.23986458778381,False,30516.0,21870.0,0.060000000000000005
743,wuf20-0768.mwcnf,20,91,9,0.7872047424316406,True,17976.0,17976.0,0.07
744,wuf20-0769.mwcnf,20,91,9,0.8561933040618896,True,5898.0,5898.0,0.08
745,wuf20-077.mwcnf,20,91,500,43.858642578125,False,26493.0,14722.0,0.3000000000000001
746,wuf20-0770.mwcnf,20,91,33,3.139171838760376,True,12764.0,12764.0,0.04
747,wuf20-0771.mwcnf,20,91,277,24.905863761901855,True,2955.0,2955.0,0.3000000000000001
748,wuf20-0772.mwcnf,20,91,77,7.229322195053101,True,24821.0,24821.0,0.05
749,wuf20-0773.mwcnf,20,91,10,0.8401205539703369,True,19632.0,19632.0,0.04
750,wuf20-0774.mwcnf,20,91,20,1.6947495937347412,True,11245.0,11245.0,0.05
751,wuf20-0775.mwcnf,20,91,399,36.76116180419922,True,8.0,8.0,0.3000000000000001
752,wuf20-0776.mwcnf,20,91,500,45.25606441497803,False,26761.0,17127.0,0.060000000000000005
753,wuf20-0777.mwcnf,20,91,117,10.378093481063843,True,2954.0,2954.0,0.3000000000000001
754,wuf20-0778.mwcnf,20,91,9,0.7621893882751465,True,11783.0,11783.0,0.04
755,wuf20-0779.mwcnf,20,91,37,3.432166576385498,True,10310.0,10310.0,0.3000000000000001
756,wuf20-078.mwcnf,20,91,18,1.5499343872070312,True,14728.0,14728.0,0.09
757,wuf20-0780.mwcnf,20,91,10,0.946298360824585,True,11781.0,11781.0,0.09
758,wuf20-0781.mwcnf,20,91,6,0.508115291595459,True,2952.0,2952.0,0.04
759,wuf20-0782.mwcnf,20,91,40,3.6547579765319824,True,9.0,9.0,0.3000000000000001
760,wuf20-0783.mwcnf,20,91,7,0.6100163459777832,True,2956.0,2956.0,0.060000000000000005
761,wuf20-0784.mwcnf,20,91,500,45.62885761260986,False,20938.0,11784.0,0.07
762,wuf20-0785.mwcnf,20,91,9,0.7545630931854248,True,18768.0,18768.0,0.02
763,wuf20-0786.mwcnf,20,91,9,0.8578705787658691,True,24375.0,24375.0,0.03
764,wuf20-0787.mwcnf,20,91,500,44.794164180755615,False,36177.0,24138.0,0.07
765,wuf20-0788.mwcnf,20,91,500,45.57673263549805,False,16785.0,12960.0,0.060000000000000005
766,wuf20-0789.mwcnf,20,91,8,0.7125489711761475,True,3938.0,3938.0,0.07
767,wuf20-079.mwcnf,20,91,500,45.45266079902649,False,20609.0,18615.0,0.07
768,wuf20-0790.mwcnf,20,91,39,3.657388925552368,True,8840.0,8840.0,0.3000000000000001
769,wuf20-0791.mwcnf,20,91,18,1.5730702877044678,True,9.0,9.0,0.19000000000000003
770,wuf20-0792.mwcnf,20,91,15,1.230370044708252,True,29282.0,29282.0,0.03
771,wuf20-0793.mwcnf,20,91,500,45.274813652038574,False,10941.0,9259.0,0.060000000000000005
772,wuf20-0794.mwcnf,20,91,10,0.8480796813964844,True,2955.0,2955.0,0.09
773,wuf20-0795.mwcnf,20,91,12,1.0109999179840088,True,32383.0,32383.0,0.09
774,wuf20-0796.mwcnf,20,91,7,0.5365250110626221,True,9.0,9.0,0.08
775,wuf20-0797.mwcnf,20,91,8,0.7117710113525391,True,29018.0,29018.0,0.03
776,wuf20-0798.mwcnf,20,91,9,0.8044116497039795,True,2957.0,2957.0,0.08
777,wuf20-0799.mwcnf,20,91,7,0.6266162395477295,True,17669.0,17669.0,0.060000000000000005
778,wuf20-08.mwcnf,20,91,10,0.8682401180267334,True,8835.0,8835.0,0.060000000000000005
779,wuf20-080.mwcnf,20,91,500,44.897366523742676,False,27881.0,18533.0,0.07
780,wuf20-0800.mwcnf,20,91,27,2.43381929397583,True,8843.0,8843.0,0.18000000000000002
781,wuf20-0801.mwcnf,20,91,500,43.484365463256836,False,26500.0,13990.0,0.08
782,wuf20-0802.mwcnf,20,91,14,1.1474711894989014,True,10312.0,10312.0,0.060000000000000005
783,wuf20-0803.mwcnf,20,91,9,0.7803225517272949,True,17666.0,17666.0,0.02
784,wuf20-0804.mwcnf,20,91,500,44.62066030502319,False,28798.0,17537.0,0.060000000000000005
785,wuf20-0805.mwcnf,20,91,38,3.7631328105926514,True,9824.0,9824.0,0.3000000000000001
786,wuf20-0806.mwcnf,20,91,23,2.206052541732788,True,2955.0,2955.0,0.22000000000000006
787,wuf20-0807.mwcnf,20,91,500,45.44104313850403,False,12516.0,11045.0,0.08
788,wuf20-0808.mwcnf,20,91,11,0.9500524997711182,True,8.0,8.0,0.10999999999999999
789,wuf20-0809.mwcnf,20,91,500,44.17645716667175,False,32253.0,15873.0,0.07
790,wuf20-081.mwcnf,20,91,39,3.5410399436950684,True,2953.0,2953.0,0.3000000000000001
791,wuf20-0810.mwcnf,20,91,500,42.53174567222595,False,40029.0,15309.0,0.060000000000000005
792,wuf20-0811.mwcnf,20,91,500,45.1704843044281,False,23554.0,21982.0,0.07
793,wuf20-0812.mwcnf,20,91,94,9.062276363372803,True,12.0,12.0,0.3000000000000001
794,wuf20-0813.mwcnf,20,91,500,45.47383189201355,False,37287.0,26268.0,0.07
795,wuf20-0814.mwcnf,20,91,500,43.05835008621216,False,17665.0,16628.0,0.09
796,wuf20-0815.mwcnf,20,91,41,3.6914663314819336,True,10.0,10.0,0.3000000000000001
797,wuf20-0816.mwcnf,20,91,500,42.07703518867493,False,15145.0,8417.0,0.08
798,wuf20-0817.mwcnf,20,91,4,0.3049297332763672,True,22901.0,22901.0,0.03
799,wuf20-0818.mwcnf,20,91,37,3.307865858078003,True,5895.0,5895.0,0.3000000000000001
800,wuf20-0819.mwcnf,20,91,20,1.8241782188415527,True,32240.0,32240.0,0.04
801,wuf20-082.mwcnf,20,91,10,0.8778817653656006,True,13331.0,13331.0,0.060000000000000005
802,wuf20-0820.mwcnf,20,91,500,45.76808977127075,False,27003.0,15026.0,0.05
803,wuf20-0821.mwcnf,20,91,18,1.672875165939331,True,14947.0,14947.0,0.060000000000000005
804,wuf20-0822.mwcnf,20,91,500,46.846556425094604,False,23402.0,20166.0,0.07
805,wuf20-0823.mwcnf,20,91,37,3.2297186851501465,True,5897.0,5897.0,0.3000000000000001
806,wuf20-0824.mwcnf,20,91,500,45.64241099357605,False,27478.0,18158.0,0.060000000000000005
807,wuf20-0825.mwcnf,20,91,42,4.101891279220581,True,5894.0,5894.0,0.3000000000000001
808,wuf20-0826.mwcnf,20,91,9,0.753589391708374,True,11.0,11.0,0.09
809,wuf20-0827.mwcnf,20,91,102,9.285068035125732,True,10.0,10.0,0.3000000000000001
810,wuf20-0828.mwcnf,20,91,124,11.4166259765625,True,23134.0,23134.0,0.060000000000000005
811,wuf20-0829.mwcnf,20,91,9,0.8426408767700195,True,5896.0,5896.0,0.07
812,wuf20-083.mwcnf,20,91,10,0.8459839820861816,True,15707.0,15707.0,0.05
813,wuf20-0830.mwcnf,20,91,13,1.0182194709777832,True,2952.0,2952.0,0.11999999999999998
814,wuf20-0831.mwcnf,20,91,42,3.914106845855713,True,14728.0,14728.0,0.3000000000000001
815,wuf20-0832.mwcnf,20,91,9,0.8011698722839355,True,17175.0,17175.0,0.04
816,wuf20-0833.mwcnf,20,91,500,45.810908794403076,False,28260.0,8248.0,0.3000000000000001
817,wuf20-0834.mwcnf,20,91,11,0.943307638168335,True,8835.0,8835.0,0.07
818,wuf20-0835.mwcnf,20,91,43,3.708752393722534,True,22281.0,22281.0,0.060000000000000005
819,wuf20-0836.mwcnf,20,91,9,0.7971155643463135,True,5896.0,5896.0,0.060000000000000005
820,wuf20-0837.mwcnf,20,91,43,4.002761602401733,True,12.0,12.0,0.3000000000000001
821,wuf20-0838.mwcnf,20,91,500,45.8018057346344,False,26492.0,18582.0,0.060000000000000005
822,wuf20-0839.mwcnf,20,91,30,2.595079183578491,True,10311.0,10311.0,0.2800000000000001
823,wuf20-084.mwcnf,20,91,8,0.6266984939575195,True,8842.0,8842.0,0.05
824,wuf20-0840.mwcnf,20,91,8,0.5962305068969727,True,11.0,11.0,0.07
825,wuf20-0841.mwcnf,20,91,38,3.3913605213165283,True,3939.0,3939.0,0.3000000000000001
826,wuf20-0842.mwcnf,20,91,252,22.02309823036194,True,10.0,10.0,0.3000000000000001
827,wuf20-0843.mwcnf,20,91,500,44.44630837440491,False,15187.0,11158.0,0.07
828,wuf20-0844.mwcnf,20,91,500,44.051241397857666,False,28136.0,18325.0,0.060000000000000005
829,wuf20-0845.mwcnf,20,91,500,44.248125314712524,False,31403.0,14725.0,0.060000000000000005
830,wuf20-0846.mwcnf,20,91,500,46.040966510772705,False,22130.0,20100.0,0.060000000000000005
831,wuf20-0847.mwcnf,20,91,9,0.6955041885375977,True,9820.0,9820.0,0.060000000000000005
832,wuf20-0848.mwcnf,20,91,39,3.544674873352051,True,2952.0,2952.0,0.3000000000000001
833,wuf20-0849.mwcnf,20,91,10,0.8382048606872559,True,9.0,9.0,0.09999999999999999
834,wuf20-085.mwcnf,20,91,38,3.7000014781951904,True,2957.0,2957.0,0.3000000000000001
835,wuf20-0850.mwcnf,20,91,500,43.797343730926514,False,12763.0,5894.0,0.08
836,wuf20-0851.mwcnf,20,91,10,0.7395517826080322,True,7070.0,7070.0,0.04
837,wuf20-0852.mwcnf,20,91,7,0.5966982841491699,True,18255.0,18255.0,0.04
838,wuf20-0853.mwcnf,20,91,35,2.8526670932769775,True,2956.0,2956.0,0.3000000000000001
839,wuf20-0854.mwcnf,20,91,500,42.16896653175354,False,24862.0,15706.0,0.07
840,wuf20-0855.mwcnf,20,91,41,3.729475259780884,True,2954.0,2954.0,0.3000000000000001
841,wuf20-0856.mwcnf,20,91,12,0.9596962928771973,True,42387.0,42387.0,0.02
842,wuf20-0857.mwcnf,20,91,42,3.4626355171203613,True,14724.0,14724.0,0.3000000000000001
843,wuf20-0858.mwcnf,20,91,14,1.3542704582214355,True,12.0,12.0,0.13999999999999999
844,wuf20-0859.mwcnf,20,91,500,43.768160820007324,False,20614.0,14728.0,0.08
845,wuf20-086.mwcnf,20,91,6,0.551140546798706,True,19630.0,19630.0,0.04
846,wuf20-0860.mwcnf,20,91,500,44.66217231750488,False,26968.0,20892.0,0.060000000000000005
847,wuf20-0861.mwcnf,20,91,11,1.0884127616882324,True,46703.0,46703.0,0.09
848,wuf20-0862.mwcnf,20,91,9,0.7721796035766602,True,22290.0,22290.0,0.060000000000000005
849,wuf20-0863.mwcnf,20,91,10,0.8760175704956055,True,7364.0,7364.0,0.05
850,wuf20-0864.mwcnf,20,91,7,0.591996431350708,True,11785.0,11785.0,0.060000000000000005
851,wuf20-0865.mwcnf,20,91,23,1.9316928386688232,True,10014.0,10014.0,0.09999999999999999
852,wuf20-0866.mwcnf,20,91,12,0.9455633163452148,True,10997.0,10997.0,0.05
853,wuf20-0867.mwcnf,20,91,115,10.399332761764526,True,10.0,10.0,0.3000000000000001
854,wuf20-0868.mwcnf,20,91,500,44.05742907524109,False,30333.0,20862.0,0.060000000000000005
855,wuf20-0869.mwcnf,20,91,38,3.5266168117523193,True,8837.0,8837.0,0.3000000000000001
856,wuf20-087.mwcnf,20,91,6,0.4754955768585205,True,25028.0,25028.0,0.04
857,wuf20-0870.mwcnf,20,91,11,1.0091667175292969,True,12441.0,12441.0,0.05
858,wuf20-0871.mwcnf,20,91,11,1.0144069194793701,True,8841.0,8841.0,0.060000000000000005
859,wuf20-0872.mwcnf,20,91,500,43.79262971878052,False,18547.0,15309.0,0.07
860,wuf20-0873.mwcnf,20,91,186,17.584482669830322,True,16.0,16.0,0.3000000000000001
861,wuf20-0874.mwcnf,20,91,500,44.81344246864319,False,30675.0,22604.0,0.07
862,wuf20-0875.mwcnf,20,91,8,0.720106840133667,True,8249.0,8249.0,0.03
863,wuf20-0876.mwcnf,20,91,8,0.6319520473480225,True,15901.0,15901.0,0.02
864,wuf20-0877.mwcnf,20,91,104,9.151870965957642,True,2954.0,2954.0,0.3000000000000001
865,wuf20-0878.mwcnf,20,91,500,44.771690368652344,False,29772.0,18504.0,0.07
866,wuf20-0879.mwcnf,20,91,20,1.647242546081543,True,5897.0,5897.0,0.19000000000000003
867,wuf20-088.mwcnf,20,91,4,0.3870558738708496,True,22646.0,22646.0,0.03
868,wuf20-0880.mwcnf,20,91,6,0.4134669303894043,True,13548.0,13548.0,0.05
869,wuf20-0881.mwcnf,20,91,13,1.1742420196533203,True,16.0,16.0,0.12999999999999998
870,wuf20-0882.mwcnf,20,91,19,1.6801021099090576,True,20940.0,20940.0,0.04
871,wuf20-0883.mwcnf,20,91,10,0.7936632633209229,True,10.0,10.0,0.09999999999999999
872,wuf20-0884.mwcnf,20,91,30,2.6543362140655518,True,5896.0,5896.0,0.2900000000000001
873,wuf20-0885.mwcnf,20,91,29,2.7400732040405273,True,12623.0,12623.0,0.060000000000000005
874,wuf20-0886.mwcnf,20,91,500,43.51380944252014,False,5898.0,3935.0,0.07
875,wuf20-0887.mwcnf,20,91,108,10.473234176635742,True,9.0,9.0,0.3000000000000001
876,wuf20-0888.mwcnf,20,91,14,1.4518406391143799,True,10802.0,10802.0,0.05
877,wuf20-0889.mwcnf,20,91,9,0.6973466873168945,True,9822.0,9822.0,0.08
878,wuf20-089.mwcnf,20,91,500,45.603708028793335,False,15562.0,13039.0,0.060000000000000005
879,wuf20-0890.mwcnf,20,91,57,5.04863977432251,True,19139.0,19139.0,0.3000000000000001
880,wuf20-0891.mwcnf,20,91,137,12.515137672424316,True,5896.0,5896.0,0.3000000000000001
881,wuf20-0892.mwcnf,20,91,6,0.6142218112945557,True,10801.0,10801.0,0.04
882,wuf20-0893.mwcnf,20,91,127,11.505114078521729,True,7.0,7.0,0.3000000000000001
883,wuf20-0894.mwcnf,20,91,12,1.0942394733428955,True,5898.0,5898.0,0.09999999999999999
884,wuf20-0895.mwcnf,20,91,10,0.9029195308685303,True,10938.0,10938.0,0.09
885,wuf20-0896.mwcnf,20,91,8,0.6589400768280029,True,5.0,5.0,0.09
886,wuf20-0897.mwcnf,20,91,500,43.43219876289368,False,10313.0,7369.0,0.08
887,wuf20-0898.mwcnf,20,91,11,0.879155158996582,True,28785.0,28785.0,0.09999999999999999
888,wuf20-0899.mwcnf,20,91,11,0.9109776020050049,True,11785.0,11785.0,0.060000000000000005
889,wuf20-09.mwcnf,20,91,77,6.740797996520996,True,11.0,11.0,0.3000000000000001
890,wuf20-090.mwcnf,20,91,12,0.967484712600708,True,29093.0,29093.0,0.04
891,wuf20-0900.mwcnf,20,91,500,45.601908683776855,False,25189.0,21757.0,0.08
892,wuf20-0901.mwcnf,20,91,12,1.1184332370758057,True,2957.0,2957.0,0.10999999999999999
893,wuf20-0902.mwcnf,20,91,500,44.55920910835266,False,16463.0,8921.0,0.07
894,wuf20-0903.mwcnf,20,91,12,1.0863001346588135,True,6181.0,6181.0,0.10999999999999999
895,wuf20-0904.mwcnf,20,91,11,0.9540314674377441,True,7416.0,7416.0,0.04
896,wuf20-0905.mwcnf,20,91,500,44.76119685173035,False,23960.0,23597.0,0.07
897,wuf20-0906.mwcnf,20,91,500,44.49233031272888,False,24689.0,23147.0,0.060000000000000005
898,wuf20-0907.mwcnf,20,91,500,43.95358467102051,False,14662.0,14661.0,0.060000000000000005
899,wuf20-0908.mwcnf,20,91,71,6.415891170501709,True,3091.0,3091.0,0.3000000000000001
900,wuf20-0909.mwcnf,20,91,42,3.6135916709899902,True,11117.0,11117.0,0.060000000000000005
901,wuf20-091.mwcnf,20,91,5,0.44707465171813965,True,7.0,7.0,0.04
902,wuf20-0910.mwcnf,20,91,500,44.834805488586426,False,20890.0,18045.0,0.08
903,wuf20-0911.mwcnf,20,91,500,44.216827154159546,False,23689.0,22522.0,0.060000000000000005
904,wuf20-0912.mwcnf,20,91,61,5.503692388534546,True,6180.0,6180.0,0.3000000000000001
905,wuf20-0913.mwcnf,20,91,500,46.04745316505432,False,21059.0,15251.0,0.060000000000000005
906,wuf20-0914.mwcnf,20,91,48,4.213836193084717,True,3097.0,3097.0,0.3000000000000001
907,wuf20-0915.mwcnf,20,91,10,0.9808814525604248,True,10977.0,10977.0,0.07
908,wuf20-0916.mwcnf,20,91,9,0.8890297412872314,True,9268.0,9268.0,0.08
909,wuf20-0917.mwcnf,20,91,500,46.87644648551941,False,14201.0,6795.0,0.07
910,wuf20-0918.mwcnf,20,91,3,0.2806508541107178,True,4122.0,4122.0,0.02
911,wuf20-0919.mwcnf,20,91,37,3.247379779815674,True,21606.0,21606.0,0.3000000000000001
912,wuf20-092.mwcnf,20,91,13,1.2519292831420898,True,6183.0,6183.0,0.09
913,wuf20-0920.mwcnf,20,91,500,45.53023028373718,False,17291.0,16054.0,0.07
914,wuf20-0921.mwcnf,20,91,14,1.21492338180542,True,22045.0,22045.0,0.08
915,wuf20-0922.mwcnf,20,91,7,0.6342976093292236,True,6184.0,6184.0,0.060000000000000005
916,wuf20-0923.mwcnf,20,91,50,4.248030424118042,True,18078.0,18078.0,0.07
917,wuf20-0924.mwcnf,20,91,89,8.359527826309204,True,13.0,13.0,0.3000000000000001
918,wuf20-0925.mwcnf,20,91,500,44.312092542648315,False,23948.0,18518.0,0.060000000000000005
919,wuf20-0926.mwcnf,20,91,70,6.402084589004517,True,12350.0,12350.0,0.3000000000000001
920,wuf20-0927.mwcnf,20,91,15,1.3634870052337646,True,9266.0,9266.0,0.09
921,wuf20-0928.mwcnf,20,91,8,0.6501913070678711,True,3094.0,3094.0,0.07
922,wuf20-0929.mwcnf,20,91,14,1.0929327011108398,True,6180.0,6180.0,0.12999999999999998
923,wuf20-093.mwcnf,20,91,500,45.152916431427,False,22631.0,6175.0,0.07
924,wuf20-0930.mwcnf,20,91,44,3.9916229248046875,True,3094.0,3094.0,0.3000000000000001
925,wuf20-0931.mwcnf,20,91,9,0.8309717178344727,True,10811.0,10811.0,0.060000000000000005
926,wuf20-0932.mwcnf,20,91,500,43.821518898010254,False,37029.0,23578.0,0.060000000000000005
927,wuf20-0933.mwcnf,20,91,70,6.4016172885894775,True,10807.0,10807.0,0.3000000000000001
928,wuf20-0934.mwcnf,20,91,39,3.684952974319458,True,10979.0,10979.0,0.3000000000000001
929,wuf20-0935.mwcnf,20,91,7,0.5499567985534668,True,14824.0,14824.0,0.05
930,wuf20-0936.mwcnf,20,91,11,1.0926103591918945,True,11.0,11.0,0.10999999999999999
931,wuf20-0937.mwcnf,20,91,34,3.340343952178955,True,9.0,9.0,0.3000000000000001
932,wuf20-0938.mwcnf,20,91,40,3.725459575653076,True,14.0,14.0,0.3000000000000001
933,wuf20-0939.mwcnf,20,91,500,45.367202043533325,False,13379.0,5151.0,0.060000000000000005
934,wuf20-094.mwcnf,20,91,11,1.0959484577178955,True,3096.0,3096.0,0.09999999999999999
935,wuf20-0940.mwcnf,20,91,4,0.3430478572845459,True,11790.0,11790.0,0.02
936,wuf20-0941.mwcnf,20,91,6,0.6110785007476807,True,16702.0,16702.0,0.03
937,wuf20-0942.mwcnf,20,91,100,9.061213731765747,True,31478.0,31478.0,0.07
938,wuf20-0943.mwcnf,20,91,67,6.201006889343262,True,8.0,8.0,0.3000000000000001
939,wuf20-0944.mwcnf,20,91,152,14.396600484848022,True,6178.0,6178.0,0.3000000000000001
940,wuf20-0945.mwcnf,20,91,500,46.73113656044006,False,3094.0,0.0,0.3000000000000001
941,wuf20-0946.mwcnf,20,91,500,44.77666926383972,False,13671.0,13670.0,0.060000000000000005
942,wuf20-0947.mwcnf,20,91,500,44.533344745635986,False,49809.0,12346.0,0.05
943,wuf20-0948.mwcnf,20,91,11,0.890618085861206,True,3098.0,3098.0,0.09999999999999999
944,wuf20-0949.mwcnf,20,91,500,43.387120723724365,False,21162.0,8822.0,0.07
945,wuf20-095.mwcnf,20,91,8,0.595726728439331,True,6184.0,6184.0,0.07
946,wuf20-0950.mwcnf,20,91,11,0.8163158893585205,True,11.0,11.0,0.11999999999999998
947,wuf20-0951.mwcnf,20,91,500,43.798449993133545,False,30585.0,27102.0,0.3000000000000001
948,wuf20-0952.mwcnf,20,91,500,42.50176453590393,False,19755.0,11116.0,0.060000000000000005
949,wuf20-0953.mwcnf,20,91,21,1.8272442817687988,True,25014.0,25014.0,0.05
950,wuf20-0954.mwcnf,20,91,6,0.5326776504516602,True,11.0,11.0,0.060000000000000005
951,wuf20-0955.mwcnf,20,91,12,0.9605808258056641,True,22425.0,22425.0,0.060000000000000005
952,wuf20-0956.mwcnf,20,91,69,5.951711177825928,True,4124.0,4124.0,0.3000000000000001
953,wuf20-0957.mwcnf,20,91,8,0.6170380115509033,True,8236.0,8236.0,0.060000000000000005
954,wuf20-0958.mwcnf,20,91,57,4.758228302001953,True,7412.0,7412.0,0.3000000000000001
955,wuf20-0959.mwcnf,20,91,500,42.51629877090454,False,26231.0,13890.0,0.09
956,wuf20-096.mwcnf,20,91,424,37.24405884742737,True,8.0,8.0,0.3000000000000001
957,wuf20-0960.mwcnf,20,91,13,1.0202291011810303,True,10.0,10.0,0.12999999999999998
958,wuf20-0961.mwcnf,20,91,500,42.63016438484192,False,18515.0,13581.0,0.060000000000000005
959,wuf20-0962.mwcnf,20,91,47,4.116369724273682,True,8.0,8.0,0.3000000000000001
960,wuf20-0963.mwcnf,20,91,45,3.8796825408935547,True,13892.0,13892.0,0.04
961,wuf20-0964.mwcnf,20,91,500,42.16454005241394,False,32133.0,17239.0,0.060000000000000005
962,wuf20-0965.mwcnf,20,91,500,42.115110635757446,False,26101.0,19996.0,0.060000000000000005
963,wuf20-0966.mwcnf,20,91,18,1.4808988571166992,True,19290.0,19290.0,0.03
964,wuf20-0967.mwcnf,20,91,41,3.6064677238464355,True,10297.0,10297.0,0.3000000000000001
965,wuf20-0968.mwcnf,20,91,6,0.4544792175292969,True,31630.0,31630.0,0.05
966,wuf20-0969.mwcnf,20,91,7,0.6070611476898193,True,7414.0,7414.0,0.04
967,wuf20-097.mwcnf,20,91,500,42.96075987815857,False,10806.0,7720.0,0.20000000000000004
968,wuf20-0970.mwcnf,20,91,5,0.4174189567565918,True,15434.0,15434.0,0.04
969,wuf20-0971.mwcnf,20,91,464,42.7382435798645,True,13.0,13.0,0.3000000000000001
970,wuf20-0972.mwcnf,20,91,100,9.22290325164795,True,8.0,8.0,0.3000000000000001
971,wuf20-0973.mwcnf,20,91,6,0.5289640426635742,True,3096.0,3096.0,0.05
972,wuf20-0974.mwcnf,20,91,3,0.21609091758728027,True,6179.0,6179.0,0.03
973,wuf20-0975.mwcnf,20,91,10,0.8700463771820068,True,14066.0,14066.0,0.03
974,wuf20-0976.mwcnf,20,91,12,1.0730228424072266,True,3093.0,3093.0,0.10999999999999999
975,wuf20-0977.mwcnf,20,91,9,0.7388527393341064,True,3095.0,3095.0,0.07
976,wuf20-0978.mwcnf,20,91,8,0.629878044128418,True,11.0,11.0,0.07
977,wuf20-0979.mwcnf,20,91,13,1.1818828582763672,True,12.0,12.0,0.12999999999999998
978,wuf20-098.mwcnf,20,91,500,45.81095051765442,False,22224.0,8649.0,0.08
979,wuf20-0980.mwcnf,20,91,41,3.676571846008301,True,7.0,7.0,0.3000000000000001
980,wuf20-0981.mwcnf,20,91,500,45.921677112579346,False,9883.0,7415.0,0.3000000000000001
981,wuf20-0982.mwcnf,20,91,500,46.096834897994995,False,15436.0,9264.0,0.08
982,wuf20-0983.mwcnf,20,91,11,0.9335806369781494,True,15432.0,15432.0,0.09999999999999999
983,wuf20-0984.mwcnf,20,91,8,0.766838788986206,True,9.0,9.0,0.08
984,wuf20-0985.mwcnf,20,91,39,3.570007085800171,True,3096.0,3096.0,0.3000000000000001
985,wuf20-0986.mwcnf,20,91,500,42.682321548461914,False,20575.0,9261.0,0.060000000000000005
986,wuf20-0987.mwcnf,20,91,9,0.8411850929260254,True,15433.0,15433.0,0.08
987,wuf20-0988.mwcnf,20,91,12,0.9663984775543213,True,17548.0,17548.0,0.060000000000000005
988,wuf20-0989.mwcnf,20,91,36,3.2984893321990967,True,19752.0,19752.0,0.3000000000000001
989,wuf20-099.mwcnf,20,91,500,44.872748613357544,False,26997.0,18516.0,0.060000000000000005
990,wuf20-0990.mwcnf,20,91,19,1.5804626941680908,True,7210.0,7210.0,0.09999999999999999
991,wuf20-0991.mwcnf,20,91,500,43.57617449760437,False,38709.0,23844.0,0.07
992,wuf20-0992.mwcnf,20,91,6,0.5721774101257324,True,6178.0,6178.0,0.05
993,wuf20-0993.mwcnf,20,91,8,0.7670650482177734,True,3096.0,3096.0,0.07
994,wuf20-0994.mwcnf,20,91,500,43.72308564186096,False,26011.0,13667.0,0.060000000000000005
995,wuf20-0995.mwcnf,20,91,6,0.6420941352844238,True,6181.0,6181.0,0.03
996,wuf20-0996.mwcnf,20,91,10,0.8913648128509521,True,7413.0,7413.0,0.07
997,wuf20-0997.mwcnf,20,91,7,0.5815742015838623,True,40398.0,40398.0,0.07
998,wuf20-0998.mwcnf,20,91,500,43.05688166618347,False,14996.0,7944.0,0.060000000000000005
999,wuf20-0999.mwcnf,20,91,500,44.48265099525452,False,20396.0,16908.0,0.060000000000000005
