,Task,numVariables,numClauses,endGeneration,Duration,isSolutionFound,optWeight,bestWeight,maxMutation
0,wuf50-01.mwcnf,50,218,500,153.9910111427307,False,264936.0,0.0,0.3000000000000001
1,wuf50-010.mwcnf,50,218,500,156.46735548973083,False,191520.0,0.0,0.3000000000000001
2,wuf50-0100.mwcnf,50,218,500,141.1778862476349,False,201069.0,0.0,0.3000000000000001
3,wuf50-01000.mwcnf,50,218,500,141.34426975250244,False,207499.0,0.0,0.3000000000000001
4,wuf50-0101.mwcnf,50,218,500,144.03222942352295,False,201811.0,0.0,0.3000000000000001
5,wuf50-0102.mwcnf,50,218,500,142.07662105560303,False,185303.0,0.0,0.3000000000000001
6,wuf50-0103.mwcnf,50,218,55,14.642062664031982,True,182112.0,182112.0,0.3000000000000001
7,wuf50-0104.mwcnf,50,218,500,156.2950644493103,False,120270.0,0.0,0.3000000000000001
8,wuf50-0105.mwcnf,50,218,500,158.2455701828003,False,173483.0,0.0,0.3000000000000001
9,wuf50-0106.mwcnf,50,218,500,157.60988235473633,False,153906.0,0.0,0.3000000000000001
10,wuf50-0107.mwcnf,50,218,500,158.02591967582703,False,178730.0,0.0,0.3000000000000001
11,wuf50-0108.mwcnf,50,218,500,156.88189387321472,False,157909.0,0.0,0.3000000000000001
12,wuf50-0109.mwcnf,50,218,500,150.4515402317047,False,152011.0,150456.0,0.3000000000000001
13,wuf50-011.mwcnf,50,218,500,161.4329960346222,False,204794.0,0.0,0.3000000000000001
14,wuf50-0110.mwcnf,50,218,500,138.43338131904602,False,169473.0,0.0,0.3000000000000001
15,wuf50-0111.mwcnf,50,218,500,122.199387550354,False,212241.0,0.0,0.3000000000000001
16,wuf50-0112.mwcnf,50,218,500,128.63882899284363,False,144390.0,0.0,0.3000000000000001
17,wuf50-0113.mwcnf,50,218,500,138.33559775352478,False,176814.0,0.0,0.3000000000000001
18,wuf50-0114.mwcnf,50,218,183,50.374096155166626,True,197503.0,197503.0,0.3000000000000001
19,wuf50-0115.mwcnf,50,218,500,148.98735690116882,False,180593.0,0.0,0.3000000000000001
20,wuf50-0116.mwcnf,50,218,500,151.9912142753601,False,199826.0,107878.0,0.3000000000000001
21,wuf50-0117.mwcnf,50,218,112,33.09763836860657,True,216276.0,216276.0,0.3000000000000001
22,wuf50-0118.mwcnf,50,218,500,155.85630321502686,False,195609.0,0.0,0.3000000000000001
23,wuf50-0119.mwcnf,50,218,500,149.37617945671082,False,153582.0,146618.0,0.3000000000000001
24,wuf50-012.mwcnf,50,218,500,152.6618161201477,False,167941.0,0.0,0.3000000000000001
25,wuf50-0120.mwcnf,50,218,500,138.68271565437317,False,227135.0,0.0,0.3000000000000001
26,wuf50-0121.mwcnf,50,218,500,147.69797015190125,False,208517.0,0.0,0.3000000000000001
27,wuf50-0122.mwcnf,50,218,142,44.42057418823242,True,153486.0,153486.0,0.3000000000000001
28,wuf50-0123.mwcnf,50,218,38,11.445213556289673,True,187992.0,187992.0,0.3000000000000001
29,wuf50-0124.mwcnf,50,218,500,143.2501242160797,False,176766.0,0.0,0.3000000000000001
30,wuf50-0125.mwcnf,50,218,500,138.37671208381653,False,179405.0,0.0,0.3000000000000001
31,wuf50-0126.mwcnf,50,218,500,140.91554617881775,False,161269.0,0.0,0.3000000000000001
32,wuf50-0127.mwcnf,50,218,500,141.33490085601807,False,195484.0,0.0,0.3000000000000001
33,wuf50-0128.mwcnf,50,218,500,139.44210076332092,False,193624.0,0.0,0.3000000000000001
34,wuf50-0129.mwcnf,50,218,500,138.76601910591125,False,177488.0,0.0,0.3000000000000001
35,wuf50-013.mwcnf,50,218,500,138.76344275474548,False,285072.0,0.0,0.3000000000000001
36,wuf50-0130.mwcnf,50,218,500,142.52117681503296,False,148942.0,0.0,0.3000000000000001
37,wuf50-0131.mwcnf,50,218,206,57.29432010650635,True,234249.0,234249.0,0.3000000000000001
38,wuf50-0132.mwcnf,50,218,180,52.16767644882202,True,314342.0,314342.0,0.3000000000000001
39,wuf50-0133.mwcnf,50,218,500,138.74868297576904,False,320712.0,0.0,0.3000000000000001
40,wuf50-0134.mwcnf,50,218,500,138.47139143943787,False,280872.0,0.0,0.3000000000000001
41,wuf50-0135.mwcnf,50,218,181,49.62628531455994,True,269090.0,269090.0,0.3000000000000001
42,wuf50-0136.mwcnf,50,218,394,106.95714163780212,True,222934.0,222934.0,0.20000000000000004
43,wuf50-0137.mwcnf,50,218,389,106.9311261177063,True,283834.0,283834.0,0.3000000000000001
44,wuf50-0138.mwcnf,50,218,500,124.64540362358093,False,255772.0,0.0,0.3000000000000001
45,wuf50-0139.mwcnf,50,218,500,116.9016604423523,False,336648.0,326688.0,0.15
46,wuf50-014.mwcnf,50,218,56,12.97774887084961,True,269307.0,269307.0,0.3000000000000001
47,wuf50-0140.mwcnf,50,218,308,74.15690326690674,True,269584.0,269584.0,0.3000000000000001
48,wuf50-0141.mwcnf,50,218,500,120.25878500938416,False,241052.0,229400.0,0.3000000000000001
49,wuf50-0142.mwcnf,50,218,500,121.41529035568237,False,322704.0,0.0,0.3000000000000001
50,wuf50-0143.mwcnf,50,218,500,120.31255531311035,False,302214.0,0.0,0.3000000000000001
51,wuf50-0144.mwcnf,50,218,500,117.52554249763489,False,237845.0,0.0,0.3000000000000001
52,wuf50-0145.mwcnf,50,218,500,124.10946583747864,False,323558.0,0.0,0.3000000000000001
53,wuf50-0146.mwcnf,50,218,500,122.76498222351074,False,370512.0,0.0,0.3000000000000001
54,wuf50-0147.mwcnf,50,218,500,123.37411904335022,False,277884.0,0.0,0.3000000000000001
55,wuf50-0148.mwcnf,50,218,500,129.4833345413208,False,346608.0,0.0,0.3000000000000001
56,wuf50-0149.mwcnf,50,218,500,144.1061146259308,False,339844.0,320222.0,0.20000000000000004
57,wuf50-015.mwcnf,50,218,500,146.88016152381897,False,264033.0,250085.0,0.3000000000000001
58,wuf50-0150.mwcnf,50,218,190,56.439393520355225,True,267431.0,267431.0,0.3000000000000001
59,wuf50-0151.mwcnf,50,218,500,149.35034108161926,False,304776.0,0.0,0.3000000000000001
60,wuf50-0152.mwcnf,50,218,500,146.3777618408203,False,250252.0,0.0,0.3000000000000001
61,wuf50-0153.mwcnf,50,218,500,149.49487042427063,False,233064.0,0.0,0.3000000000000001
62,wuf50-0154.mwcnf,50,218,500,151.92743062973022,False,327822.0,0.0,0.3000000000000001
63,wuf50-0155.mwcnf,50,218,500,149.59148955345154,False,239040.0,0.0,0.3000000000000001
64,wuf50-0156.mwcnf,50,218,500,149.51263427734375,False,341148.0,0.0,0.3000000000000001
65,wuf50-0157.mwcnf,50,218,96,26.741016149520874,True,301706.0,301706.0,0.26000000000000006
66,wuf50-0158.mwcnf,50,218,500,160.57071375846863,False,256968.0,0.0,0.3000000000000001
67,wuf50-0159.mwcnf,50,218,500,305.8023691177368,False,313935.0,0.0,0.3000000000000001
68,wuf50-016.mwcnf,50,218,29,21.253641843795776,True,359596.0,359596.0,0.24000000000000007
69,wuf50-0160.mwcnf,50,218,247,191.21100282669067,True,252500.0,252500.0,0.3000000000000001
70,wuf50-0161.mwcnf,50,218,440,339.4054527282715,True,252831.0,252831.0,0.3000000000000001
71,wuf50-0162.mwcnf,50,218,500,390.5410068035126,False,259359.0,0.0,0.3000000000000001
72,wuf50-0163.mwcnf,50,218,500,389.8626425266266,False,262944.0,0.0,0.3000000000000001
73,wuf50-0164.mwcnf,50,218,500,384.2285885810852,False,239040.0,0.0,0.3000000000000001
74,wuf50-0165.mwcnf,50,218,500,386.60893082618713,False,247330.0,225736.0,0.3000000000000001
75,wuf50-0166.mwcnf,50,218,500,401.5298571586609,False,229832.0,0.0,0.3000000000000001
76,wuf50-0167.mwcnf,50,218,352,285.53763246536255,True,278790.0,278790.0,0.3000000000000001
77,wuf50-0168.mwcnf,50,218,500,404.95197343826294,False,252984.0,0.0,0.3000000000000001
78,wuf50-0169.mwcnf,50,218,500,397.3613951206207,False,286977.0,0.0,0.3000000000000001
79,wuf50-017.mwcnf,50,218,321,256.56902289390564,True,202096.0,202096.0,0.3000000000000001
80,wuf50-0170.mwcnf,50,218,500,384.992484331131,False,281174.0,238434.0,0.3000000000000001
81,wuf50-0171.mwcnf,50,218,500,395.5090260505676,False,313292.0,0.0,0.3000000000000001
82,wuf50-0172.mwcnf,50,218,500,391.01803374290466,False,262944.0,0.0,0.3000000000000001
83,wuf50-0173.mwcnf,50,218,500,397.5725326538086,False,241757.0,0.0,0.3000000000000001
84,wuf50-0174.mwcnf,50,218,500,383.7669720649719,False,276920.0,0.0,0.3000000000000001
85,wuf50-0175.mwcnf,50,218,500,358.5338206291199,False,283528.0,0.0,0.3000000000000001
86,wuf50-0176.mwcnf,50,218,500,183.70588445663452,False,340632.0,0.0,0.3000000000000001
87,wuf50-0177.mwcnf,50,218,500,1045.056048154831,False,268920.0,0.0,0.3000000000000001
88,wuf50-0178.mwcnf,50,218,500,1128.714331150055,False,201583.0,178565.0,0.2700000000000001
89,wuf50-0179.mwcnf,50,218,500,966.5189826488495,False,351920.0,0.0,0.3000000000000001
90,wuf50-018.mwcnf,50,218,106,89.09610891342163,True,290448.0,290448.0,0.3000000000000001
91,wuf50-0180.mwcnf,50,218,500,271.2257080078125,False,270113.0,0.0,0.3000000000000001
92,wuf50-0181.mwcnf,50,218,500,200.65375447273254,False,304776.0,0.0,0.3000000000000001
93,wuf50-0182.mwcnf,50,218,500,191.16804480552673,False,352583.0,0.0,0.3000000000000001
94,wuf50-0183.mwcnf,50,218,97,39.45961546897888,True,287343.0,287343.0,0.3000000000000001
95,wuf50-0184.mwcnf,50,218,267,113.78645324707031,True,316725.0,316725.0,0.3000000000000001
96,wuf50-0185.mwcnf,50,218,53,19.89423370361328,True,301511.0,301511.0,0.3000000000000001
97,wuf50-0186.mwcnf,50,218,500,178.94653797149658,False,274495.0,0.0,0.3000000000000001
98,wuf50-0187.mwcnf,50,218,500,157.84524869918823,False,242299.0,0.0,0.3000000000000001
99,wuf50-0188.mwcnf,50,218,500,150.96585774421692,False,210092.0,0.0,0.3000000000000001
100,wuf50-0189.mwcnf,50,218,500,144.96064567565918,False,275610.0,0.0,0.3000000000000001
101,wuf50-019.mwcnf,50,218,500,149.25854229927063,False,298800.0,0.0,0.3000000000000001
102,wuf50-0190.mwcnf,50,218,500,143.7803201675415,False,300023.0,0.0,0.3000000000000001
103,wuf50-0191.mwcnf,50,218,500,148.68257546424866,False,296409.0,0.0,0.3000000000000001
104,wuf50-0192.mwcnf,50,218,37,9.99495792388916,True,259934.0,259934.0,0.2700000000000001
105,wuf50-0193.mwcnf,50,218,142,38.75411939620972,True,276085.0,276085.0,0.3000000000000001
106,wuf50-0194.mwcnf,50,218,500,140.22716617584229,False,304776.0,0.0,0.3000000000000001
107,wuf50-0195.mwcnf,50,218,500,143.18699741363525,False,241754.0,0.0,0.3000000000000001
108,wuf50-0196.mwcnf,50,218,500,143.12975645065308,False,223020.0,221825.0,0.3000000000000001
109,wuf50-0197.mwcnf,50,218,500,141.86354327201843,False,286848.0,0.0,0.3000000000000001
110,wuf50-0198.mwcnf,50,218,500,139.37356543540955,False,219168.0,217228.0,0.3000000000000001
111,wuf50-0199.mwcnf,50,218,500,143.44123816490173,False,292964.0,0.0,0.3000000000000001
112,wuf50-02.mwcnf,50,218,500,143.27481961250305,False,320294.0,0.0,0.3000000000000001
113,wuf50-020.mwcnf,50,218,120,34.0397732257843,True,263734.0,263734.0,0.3000000000000001
114,wuf50-0200.mwcnf,50,218,500,143.27744150161743,False,240534.0,0.0,0.3000000000000001
115,wuf50-0201.mwcnf,50,218,500,167.085697889328,False,264540.0,0.0,0.3000000000000001
116,wuf50-0202.mwcnf,50,218,500,160.60900831222534,False,231072.0,0.0,0.3000000000000001
117,wuf50-0203.mwcnf,50,218,500,154.16226768493652,False,225096.0,0.0,0.3000000000000001
118,wuf50-0204.mwcnf,50,218,500,156.4340147972107,False,203184.0,0.0,0.3000000000000001
119,wuf50-0205.mwcnf,50,218,180,49.13317251205444,True,357297.0,357297.0,0.3000000000000001
120,wuf50-0206.mwcnf,50,218,500,197.52277421951294,False,282362.0,254781.0,0.3000000000000001
121,wuf50-0207.mwcnf,50,218,500,159.20027327537537,False,215308.0,214614.0,0.3000000000000001
122,wuf50-0208.mwcnf,50,218,500,576.8372180461884,False,334656.0,0.0,0.3000000000000001
123,wuf50-0209.mwcnf,50,218,146,242.8482151031494,True,304775.0,304775.0,0.3000000000000001
124,wuf50-021.mwcnf,50,218,184,283.1598391532898,True,268730.0,268730.0,0.3000000000000001
125,wuf50-0210.mwcnf,50,218,500,547.4072363376617,False,226800.0,0.0,0.3000000000000001
126,wuf50-0211.mwcnf,50,218,500,742.6297302246094,False,258054.0,0.0,0.3000000000000001
127,wuf50-0212.mwcnf,50,218,500,517.3868803977966,False,305600.0,301515.0,0.3000000000000001
128,wuf50-0213.mwcnf,50,218,500,192.57092475891113,False,260458.0,0.0,0.3000000000000001
129,wuf50-0214.mwcnf,50,218,500,153.37553310394287,False,278481.0,0.0,0.3000000000000001
130,wuf50-0215.mwcnf,50,218,500,145.69896507263184,False,367149.0,0.0,0.3000000000000001
131,wuf50-0216.mwcnf,50,218,500,144.63663864135742,False,304870.0,0.0,0.3000000000000001
132,wuf50-0217.mwcnf,50,218,500,145.77026796340942,False,274896.0,0.0,0.3000000000000001
133,wuf50-0218.mwcnf,50,218,257,73.79898762702942,True,330921.0,330921.0,0.3000000000000001
134,wuf50-0219.mwcnf,50,218,500,143.51967024803162,False,248004.0,0.0,0.3000000000000001
135,wuf50-022.mwcnf,50,218,500,143.1430847644806,False,288555.0,0.0,0.3000000000000001
136,wuf50-0220.mwcnf,50,218,500,143.28053879737854,False,311384.0,0.0,0.3000000000000001
137,wuf50-0221.mwcnf,50,218,500,143.87963271141052,False,304776.0,0.0,0.3000000000000001
138,wuf50-0222.mwcnf,50,218,212,60.54057812690735,True,211127.0,211127.0,0.3000000000000001
139,wuf50-0223.mwcnf,50,218,500,143.29232549667358,False,229080.0,0.0,0.3000000000000001
140,wuf50-0224.mwcnf,50,218,500,138.9093713760376,False,299553.0,277347.0,0.17
141,wuf50-0225.mwcnf,50,218,500,142.96290612220764,False,242028.0,0.0,0.3000000000000001
142,wuf50-0226.mwcnf,50,218,500,142.90336394309998,False,305863.0,0.0,0.3000000000000001
143,wuf50-0227.mwcnf,50,218,500,143.62093782424927,False,271105.0,0.0,0.3000000000000001
144,wuf50-0228.mwcnf,50,218,500,142.8678379058838,False,346608.0,0.0,0.3000000000000001
145,wuf50-0229.mwcnf,50,218,57,15.67263126373291,True,364404.0,364404.0,0.3000000000000001
146,wuf50-023.mwcnf,50,218,500,153.88222336769104,False,293249.0,0.0,0.3000000000000001
147,wuf50-0230.mwcnf,50,218,500,151.61748504638672,False,294318.0,0.0,0.3000000000000001
148,wuf50-0231.mwcnf,50,218,500,36711.962424993515,False,246486.0,0.0,0.3000000000000001
149,wuf50-0232.mwcnf,50,218,500,135.7136778831482,False,253526.0,0.0,0.3000000000000001
150,wuf50-0233.mwcnf,50,218,96,25.60532569885254,True,248641.0,248641.0,0.3000000000000001
151,wuf50-0234.mwcnf,50,218,500,136.84990167617798,False,339404.0,324135.0,0.21000000000000005
152,wuf50-0235.mwcnf,50,218,500,139.75672793388367,False,278880.0,0.0,0.3000000000000001
153,wuf50-0236.mwcnf,50,218,258,68.25103712081909,True,330217.0,330217.0,0.3000000000000001
154,wuf50-0237.mwcnf,50,218,500,136.6335961818695,False,222160.0,212251.0,0.3000000000000001
155,wuf50-0238.mwcnf,50,218,72,19.356391429901123,True,290016.0,290016.0,0.3000000000000001
156,wuf50-0239.mwcnf,50,218,500,136.06149816513062,False,264880.0,0.0,0.3000000000000001
157,wuf50-024.mwcnf,50,218,500,136.09972763061523,False,340632.0,0.0,0.3000000000000001
158,wuf50-0240.mwcnf,50,218,500,133.71863555908203,False,310752.0,0.0,0.3000000000000001
159,wuf50-0241.mwcnf,50,218,500,134.16031551361084,False,338640.0,0.0,0.3000000000000001
160,wuf50-0242.mwcnf,50,218,500,133.94062876701355,False,285110.0,0.0,0.3000000000000001
161,wuf50-0243.mwcnf,50,218,500,133.09976291656494,False,256145.0,0.0,0.3000000000000001
162,wuf50-0244.mwcnf,50,218,500,127.32038807868958,False,290558.0,286938.0,0.3000000000000001
163,wuf50-0245.mwcnf,50,218,500,132.34399938583374,False,348600.0,0.0,0.3000000000000001
164,wuf50-0246.mwcnf,50,218,500,134.43169450759888,False,278829.0,0.0,0.3000000000000001
165,wuf50-0247.mwcnf,50,218,500,128.32233262062073,False,198748.0,154165.0,0.3000000000000001
166,wuf50-0248.mwcnf,50,218,500,131.7379424571991,False,268920.0,0.0,0.3000000000000001
167,wuf50-0249.mwcnf,50,218,500,132.2359561920166,False,350953.0,0.0,0.3000000000000001
168,wuf50-025.mwcnf,50,218,500,132.80897402763367,False,296808.0,0.0,0.3000000000000001
169,wuf50-0250.mwcnf,50,218,500,117.81765413284302,False,208817.0,208220.0,0.3000000000000001
170,wuf50-0251.mwcnf,50,218,91,19.721206665039062,True,289443.0,289443.0,0.3000000000000001
171,wuf50-0252.mwcnf,50,218,356,65.88052701950073,True,262650.0,262650.0,0.3000000000000001
172,wuf50-0253.mwcnf,50,218,500,102.4418842792511,False,306536.0,0.0,0.3000000000000001
173,wuf50-0254.mwcnf,50,218,500,99.15317153930664,False,310042.0,306294.0,0.3000000000000001
174,wuf50-0255.mwcnf,50,218,500,101.61469912528992,False,230408.0,0.0,0.3000000000000001
175,wuf50-0256.mwcnf,50,218,500,93.60853719711304,False,332184.0,308008.0,0.3000000000000001
176,wuf50-0257.mwcnf,50,218,500,93.4110095500946,False,307335.0,0.0,0.3000000000000001
177,wuf50-0258.mwcnf,50,218,500,92.87102150917053,False,388440.0,0.0,0.3000000000000001
178,wuf50-0259.mwcnf,50,218,268,48.66590332984924,True,216857.0,216857.0,0.3000000000000001
179,wuf50-026.mwcnf,50,218,500,93.32331585884094,False,267880.0,0.0,0.3000000000000001
180,wuf50-0260.mwcnf,50,218,500,92.88594818115234,False,245118.0,221832.0,0.3000000000000001
181,wuf50-0261.mwcnf,50,218,500,93.33071613311768,False,302060.0,0.0,0.3000000000000001
182,wuf50-0262.mwcnf,50,218,500,96.27644371986389,False,308648.0,0.0,0.3000000000000001
183,wuf50-0263.mwcnf,50,218,500,96.51786231994629,False,240707.0,0.0,0.3000000000000001
184,wuf50-0264.mwcnf,50,218,500,91.80385732650757,False,240637.0,236302.0,0.3000000000000001
185,wuf50-0265.mwcnf,50,218,500,95.65294647216797,False,256935.0,0.0,0.3000000000000001
186,wuf50-0266.mwcnf,50,218,500,97.08616161346436,False,227949.0,0.0,0.3000000000000001
187,wuf50-0267.mwcnf,50,218,500,96.5838098526001,False,314470.0,0.0,0.3000000000000001
188,wuf50-0268.mwcnf,50,218,500,95.77622604370117,False,306230.0,0.0,0.3000000000000001
189,wuf50-0269.mwcnf,50,218,314,58.94680714607239,True,275848.0,275848.0,0.3000000000000001
190,wuf50-027.mwcnf,50,218,500,96.1775918006897,False,291237.0,288255.0,0.3000000000000001
191,wuf50-0270.mwcnf,50,218,500,93.78755021095276,False,262058.0,0.0,0.3000000000000001
192,wuf50-0271.mwcnf,50,218,500,101.11432981491089,False,308648.0,0.0,0.3000000000000001
193,wuf50-0272.mwcnf,50,218,142,26.578001022338867,True,259846.0,259846.0,0.3000000000000001
194,wuf50-0273.mwcnf,50,218,500,96.49685549736023,False,276196.0,0.0,0.3000000000000001
195,wuf50-0274.mwcnf,50,218,500,98.72401261329651,False,299911.0,0.0,0.3000000000000001
196,wuf50-0275.mwcnf,50,218,500,98.70992159843445,False,307636.0,0.0,0.3000000000000001
197,wuf50-0276.mwcnf,50,218,454,90.02503180503845,True,262741.0,262741.0,0.3000000000000001
198,wuf50-0277.mwcnf,50,218,500,98.35538148880005,False,259292.0,0.0,0.3000000000000001
199,wuf50-0278.mwcnf,50,218,500,98.09792423248291,False,260255.0,0.0,0.3000000000000001
200,wuf50-0279.mwcnf,50,218,500,99.4621331691742,False,176369.0,0.0,0.3000000000000001
201,wuf50-028.mwcnf,50,218,350,68.64039468765259,True,244481.0,244481.0,0.3000000000000001
202,wuf50-0280.mwcnf,50,218,500,104.74867463111877,False,327952.0,0.0,0.3000000000000001
203,wuf50-0281.mwcnf,50,218,396,78.87182116508484,True,231891.0,231891.0,0.3000000000000001
204,wuf50-0282.mwcnf,50,218,500,102.21194648742676,False,247721.0,0.0,0.3000000000000001
205,wuf50-0283.mwcnf,50,218,480,95.79371523857117,True,299632.0,299632.0,0.3000000000000001
206,wuf50-0284.mwcnf,50,218,500,101.50331377983093,False,282445.0,0.0,0.3000000000000001
207,wuf50-0285.mwcnf,50,218,500,96.67322373390198,False,325220.0,284008.0,0.3000000000000001
208,wuf50-0286.mwcnf,50,218,500,103.1505229473114,False,267883.0,0.0,0.3000000000000001
209,wuf50-0287.mwcnf,50,218,500,102.06506276130676,False,300583.0,0.0,0.3000000000000001
210,wuf50-0288.mwcnf,50,218,500,103.08585619926453,False,287109.0,254455.0,0.3000000000000001
211,wuf50-0289.mwcnf,50,218,500,103.85414171218872,False,289235.0,0.0,0.3000000000000001
212,wuf50-029.mwcnf,50,218,500,116.77690887451172,False,300238.0,0.0,0.3000000000000001
213,wuf50-0290.mwcnf,50,218,500,99.43166017532349,False,340151.0,340051.0,0.3000000000000001
214,wuf50-0291.mwcnf,50,218,500,104.13112592697144,False,225891.0,185055.0,0.3000000000000001
215,wuf50-0292.mwcnf,50,218,500,101.75210475921631,False,282215.0,0.0,0.3000000000000001
216,wuf50-0293.mwcnf,50,218,150,30.541759490966797,True,312571.0,312571.0,0.3000000000000001
217,wuf50-0294.mwcnf,50,218,347,71.26374864578247,True,216489.0,216489.0,0.3000000000000001
218,wuf50-0295.mwcnf,50,218,500,101.1155514717102,False,269742.0,0.0,0.3000000000000001
219,wuf50-0296.mwcnf,50,218,500,96.54336643218994,False,333883.0,0.0,0.3000000000000001
220,wuf50-0297.mwcnf,50,218,500,103.84180068969727,False,337766.0,0.0,0.3000000000000001
221,wuf50-0298.mwcnf,50,218,461,95.7354485988617,True,328805.0,328805.0,0.3000000000000001
222,wuf50-0299.mwcnf,50,218,500,105.00443935394287,False,306404.0,0.0,0.3000000000000001
223,wuf50-03.mwcnf,50,218,151,29.499473810195923,True,160379.0,160379.0,0.3000000000000001
224,wuf50-030.mwcnf,50,218,500,106.02242279052734,False,285352.0,0.0,0.3000000000000001
225,wuf50-0300.mwcnf,50,218,240,51.476913928985596,True,251675.0,251675.0,0.3000000000000001
226,wuf50-0301.mwcnf,50,218,500,103.34782695770264,False,320295.0,0.0,0.3000000000000001
227,wuf50-0302.mwcnf,50,218,500,108.0201256275177,False,311973.0,0.0,0.3000000000000001
228,wuf50-0303.mwcnf,50,218,500,102.97351217269897,False,260278.0,0.0,0.3000000000000001
229,wuf50-0304.mwcnf,50,218,500,102.17774486541748,False,199505.0,0.0,0.3000000000000001
230,wuf50-0305.mwcnf,50,218,500,105.99838042259216,False,244439.0,0.0,0.3000000000000001
231,wuf50-0306.mwcnf,50,218,500,100.36576080322266,False,294530.0,0.0,0.3000000000000001
232,wuf50-0307.mwcnf,50,218,266,52.25787806510925,True,271764.0,271764.0,0.3000000000000001
233,wuf50-0308.mwcnf,50,218,500,101.82862496376038,False,291176.0,0.0,0.3000000000000001
234,wuf50-0309.mwcnf,50,218,500,102.28245043754578,False,384353.0,0.0,0.3000000000000001
235,wuf50-031.mwcnf,50,218,500,99.38124489784241,False,304524.0,0.0,0.3000000000000001
236,wuf50-0310.mwcnf,50,218,251,49.85491442680359,True,290237.0,290237.0,0.3000000000000001
237,wuf50-0311.mwcnf,50,218,500,101.26937890052795,False,395999.0,0.0,0.3000000000000001
238,wuf50-0312.mwcnf,50,218,500,98.03014874458313,False,250413.0,0.0,0.3000000000000001
239,wuf50-0313.mwcnf,50,218,500,103.2976086139679,False,296995.0,0.0,0.3000000000000001
240,wuf50-0314.mwcnf,50,218,500,101.16283988952637,False,266614.0,0.0,0.3000000000000001
241,wuf50-0315.mwcnf,50,218,324,64.86352729797363,True,243522.0,243522.0,0.3000000000000001
242,wuf50-0316.mwcnf,50,218,500,100.90717482566833,False,297707.0,276116.0,0.3000000000000001
243,wuf50-0317.mwcnf,50,218,500,95.56224226951599,False,247372.0,0.0,0.3000000000000001
244,wuf50-0318.mwcnf,50,218,500,99.92072463035583,False,285164.0,0.0,0.3000000000000001
245,wuf50-0319.mwcnf,50,218,500,102.04864931106567,False,277200.0,0.0,0.3000000000000001
246,wuf50-032.mwcnf,50,218,500,100.07010459899902,False,215655.0,0.0,0.3000000000000001
247,wuf50-0320.mwcnf,50,218,500,100.63273692131042,False,220280.0,0.0,0.3000000000000001
248,wuf50-0321.mwcnf,50,218,500,100.6155321598053,False,258315.0,0.0,0.3000000000000001
249,wuf50-0322.mwcnf,50,218,500,98.61659717559814,False,271334.0,0.0,0.3000000000000001
250,wuf50-0323.mwcnf,50,218,500,96.29849433898926,False,269653.0,0.0,0.3000000000000001
251,wuf50-0324.mwcnf,50,218,500,102.60006499290466,False,223620.0,0.0,0.3000000000000001
252,wuf50-0325.mwcnf,50,218,500,101.48347568511963,False,285352.0,0.0,0.3000000000000001
253,wuf50-0326.mwcnf,50,218,500,107.59747791290283,False,240061.0,0.0,0.3000000000000001
254,wuf50-0327.mwcnf,50,218,500,109.30489420890808,False,285354.0,0.0,0.3000000000000001
255,wuf50-0328.mwcnf,50,218,110,22.791122436523438,True,311480.0,311480.0,0.3000000000000001
256,wuf50-0329.mwcnf,50,218,500,103.99115371704102,False,374595.0,0.0,0.3000000000000001
257,wuf50-033.mwcnf,50,218,500,103.76672339439392,False,257770.0,0.0,0.3000000000000001
258,wuf50-0330.mwcnf,50,218,469,98.56364417076111,True,215468.0,215468.0,0.3000000000000001
259,wuf50-0331.mwcnf,50,218,500,106.57756853103638,False,320294.0,0.0,0.3000000000000001
260,wuf50-0332.mwcnf,50,218,500,106.49575972557068,False,233355.0,0.0,0.3000000000000001
261,wuf50-0333.mwcnf,50,218,500,104.08773589134216,False,203823.0,0.0,0.3000000000000001
262,wuf50-0334.mwcnf,50,218,52,10.345520257949829,True,269494.0,269494.0,0.20000000000000004
263,wuf50-0335.mwcnf,50,218,75,15.96200942993164,True,244887.0,244887.0,0.3000000000000001
264,wuf50-0336.mwcnf,50,218,500,104.61145853996277,False,253323.0,0.0,0.3000000000000001
265,wuf50-0337.mwcnf,50,218,500,104.06501412391663,False,308645.0,0.0,0.3000000000000001
266,wuf50-0338.mwcnf,50,218,500,101.48255062103271,False,282457.0,263729.0,0.3000000000000001
267,wuf50-0339.mwcnf,50,218,411,84.1016628742218,True,239596.0,239596.0,0.3000000000000001
268,wuf50-034.mwcnf,50,218,500,99.33990144729614,False,225475.0,178051.0,0.3000000000000001
269,wuf50-0340.mwcnf,50,218,411,85.78673934936523,True,344237.0,344237.0,0.3000000000000001
270,wuf50-0341.mwcnf,50,218,500,99.89328908920288,False,297000.0,0.0,0.3000000000000001
271,wuf50-0342.mwcnf,50,218,500,105.7290027141571,False,285897.0,0.0,0.3000000000000001
272,wuf50-0343.mwcnf,50,218,395,77.87694501876831,True,265506.0,265506.0,0.3000000000000001
273,wuf50-0344.mwcnf,50,218,500,103.47721457481384,False,320293.0,0.0,0.3000000000000001
274,wuf50-0345.mwcnf,50,218,500,102.84281396865845,False,300882.0,0.0,0.3000000000000001
275,wuf50-0346.mwcnf,50,218,500,101.69226574897766,False,343588.0,0.0,0.3000000000000001
276,wuf50-0347.mwcnf,50,218,500,101.21636843681335,False,302824.0,0.0,0.3000000000000001
277,wuf50-0348.mwcnf,50,218,27,5.146115303039551,True,301645.0,301645.0,0.2700000000000001
278,wuf50-0349.mwcnf,50,218,500,103.63063025474548,False,320295.0,0.0,0.3000000000000001
279,wuf50-035.mwcnf,50,218,500,101.16582822799683,False,268225.0,0.0,0.3000000000000001
280,wuf50-0350.mwcnf,50,218,500,103.2762622833252,False,319593.0,0.0,0.3000000000000001
281,wuf50-0351.mwcnf,50,218,500,102.8007276058197,False,151416.0,0.0,0.3000000000000001
282,wuf50-0352.mwcnf,50,218,500,100.56583142280579,False,297000.0,0.0,0.3000000000000001
283,wuf50-0353.mwcnf,50,218,500,103.56901812553406,False,260575.0,158988.0,0.3000000000000001
284,wuf50-0354.mwcnf,50,218,500,102.35929727554321,False,224162.0,0.0,0.3000000000000001
285,wuf50-0355.mwcnf,50,218,500,101.27669882774353,False,259147.0,0.0,0.3000000000000001
286,wuf50-0356.mwcnf,50,218,55,10.706912279129028,True,341000.0,341000.0,0.3000000000000001
287,wuf50-0357.mwcnf,50,218,500,105.28963017463684,False,320521.0,0.0,0.3000000000000001
288,wuf50-0358.mwcnf,50,218,500,108.29227018356323,False,227118.0,0.0,0.3000000000000001
289,wuf50-0359.mwcnf,50,218,500,103.6788239479065,False,314470.0,0.0,0.3000000000000001
290,wuf50-036.mwcnf,50,218,500,101.11139607429504,False,288265.0,0.0,0.3000000000000001
291,wuf50-0360.mwcnf,50,218,58,11.855241060256958,True,332410.0,332410.0,0.3000000000000001
292,wuf50-0361.mwcnf,50,218,500,101.6685631275177,False,254034.0,229818.0,0.3000000000000001
293,wuf50-0362.mwcnf,50,218,94,17.830822229385376,True,274422.0,274422.0,0.3000000000000001
294,wuf50-0363.mwcnf,50,218,500,102.35975289344788,False,265942.0,0.0,0.3000000000000001
295,wuf50-0364.mwcnf,50,218,38,7.885767936706543,True,294291.0,294291.0,0.23000000000000007
296,wuf50-0365.mwcnf,50,218,284,58.087844133377075,True,218892.0,218892.0,0.3000000000000001
297,wuf50-0366.mwcnf,50,218,500,103.41168594360352,False,279530.0,0.0,0.3000000000000001
298,wuf50-0367.mwcnf,50,218,500,102.79932808876038,False,279529.0,0.0,0.3000000000000001
299,wuf50-0368.mwcnf,50,218,500,105.37133955955505,False,268775.0,0.0,0.3000000000000001
300,wuf50-0369.mwcnf,50,218,500,102.38249254226685,False,244588.0,0.0,0.3000000000000001
301,wuf50-037.mwcnf,50,218,500,105.30468511581421,False,198373.0,0.0,0.3000000000000001
302,wuf50-0370.mwcnf,50,218,500,105.15271973609924,False,290742.0,0.0,0.3000000000000001
303,wuf50-0371.mwcnf,50,218,442,88.77178311347961,True,303988.0,303988.0,0.3000000000000001
304,wuf50-0372.mwcnf,50,218,500,107.67428970336914,False,226933.0,0.0,0.3000000000000001
305,wuf50-0373.mwcnf,50,218,500,109.58074808120728,False,273850.0,0.0,0.3000000000000001
306,wuf50-0374.mwcnf,50,218,500,104.5008020401001,False,297000.0,0.0,0.3000000000000001
307,wuf50-0375.mwcnf,50,218,500,106.97670102119446,False,275488.0,256093.0,0.3000000000000001
308,wuf50-0376.mwcnf,50,218,500,107.60903787612915,False,295060.0,0.0,0.3000000000000001
309,wuf50-0377.mwcnf,50,218,500,101.04447317123413,False,260621.0,259725.0,0.3000000000000001
310,wuf50-0378.mwcnf,50,218,500,99.56472849845886,False,233847.0,233301.0,0.3000000000000001
311,wuf50-0379.mwcnf,50,218,500,105.87988424301147,False,253435.0,0.0,0.3000000000000001
312,wuf50-038.mwcnf,50,218,500,107.76920866966248,False,199240.0,0.0,0.3000000000000001
313,wuf50-0380.mwcnf,50,218,500,101.16810822486877,False,355235.0,0.0,0.3000000000000001
314,wuf50-0381.mwcnf,50,218,500,119.15863752365112,False,256235.0,0.0,0.3000000000000001
315,wuf50-0382.mwcnf,50,218,500,109.28037166595459,False,320294.0,0.0,0.3000000000000001
316,wuf50-0383.mwcnf,50,218,500,102.65200853347778,False,272136.0,0.0,0.3000000000000001
317,wuf50-0384.mwcnf,50,218,500,102.81541681289673,False,266216.0,0.0,0.3000000000000001
318,wuf50-0385.mwcnf,50,218,278,53.5814950466156,True,315498.0,315498.0,0.3000000000000001
319,wuf50-0386.mwcnf,50,218,54,9.826354265213013,True,249564.0,249564.0,0.25000000000000006
320,wuf50-0387.mwcnf,50,218,500,100.70227336883545,False,321846.0,0.0,0.3000000000000001
321,wuf50-0388.mwcnf,50,218,368,75.19533920288086,True,300316.0,300316.0,0.3000000000000001
322,wuf50-0389.mwcnf,50,218,500,98.53554344177246,False,299327.0,0.0,0.3000000000000001
323,wuf50-039.mwcnf,50,218,78,15.746660470962524,True,123209.0,123209.0,0.3000000000000001
324,wuf50-0390.mwcnf,50,218,500,107.52519655227661,False,258073.0,0.0,0.3000000000000001
325,wuf50-0391.mwcnf,50,218,500,103.39168167114258,False,277589.0,0.0,0.3000000000000001
326,wuf50-0392.mwcnf,50,218,500,99.51185894012451,False,216119.0,0.0,0.3000000000000001
327,wuf50-0393.mwcnf,50,218,500,105.68487977981567,False,141616.0,0.0,0.3000000000000001
328,wuf50-0394.mwcnf,50,218,500,98.37233209609985,False,91788.0,0.0,0.3000000000000001
329,wuf50-0395.mwcnf,50,218,500,100.21563768386841,False,108836.0,0.0,0.3000000000000001
330,wuf50-0396.mwcnf,50,218,500,104.57106184959412,False,90213.0,0.0,0.3000000000000001
331,wuf50-0397.mwcnf,50,218,500,104.03015422821045,False,107461.0,0.0,0.3000000000000001
332,wuf50-0398.mwcnf,50,218,500,96.39326310157776,False,105692.0,0.0,0.3000000000000001
333,wuf50-0399.mwcnf,50,218,500,99.90780568122864,False,132078.0,0.0,0.3000000000000001
334,wuf50-04.mwcnf,50,218,500,100.7892107963562,False,118668.0,0.0,0.3000000000000001
335,wuf50-040.mwcnf,50,218,85,16.630642890930176,True,133729.0,133729.0,0.2800000000000001
336,wuf50-0400.mwcnf,50,218,500,96.40361762046814,False,148282.0,0.0,0.3000000000000001
337,wuf50-0401.mwcnf,50,218,500,102.92905473709106,False,117637.0,0.0,0.3000000000000001
338,wuf50-0402.mwcnf,50,218,500,97.44917607307434,False,154729.0,0.0,0.3000000000000001
339,wuf50-0403.mwcnf,50,218,500,101.43066477775574,False,133750.0,0.0,0.3000000000000001
340,wuf50-0404.mwcnf,50,218,500,95.67926239967346,False,118308.0,110069.0,0.3000000000000001
341,wuf50-0405.mwcnf,50,218,161,33.948731899261475,True,124411.0,124411.0,0.3000000000000001
342,wuf50-0406.mwcnf,50,218,500,100.7614197731018,False,98534.0,97599.0,0.3000000000000001
343,wuf50-0407.mwcnf,50,218,377,73.05229330062866,True,134361.0,134361.0,0.3000000000000001
344,wuf50-0408.mwcnf,50,218,500,102.00308728218079,False,131126.0,0.0,0.3000000000000001
345,wuf50-0409.mwcnf,50,218,58,10.8628671169281,True,136733.0,136733.0,0.2700000000000001
346,wuf50-041.mwcnf,50,218,500,100.41289210319519,False,99657.0,0.0,0.3000000000000001
347,wuf50-0410.mwcnf,50,218,500,98.45303273200989,False,104900.0,0.0,0.3000000000000001
348,wuf50-0411.mwcnf,50,218,500,97.01813435554504,False,130620.0,101531.0,0.3000000000000001
349,wuf50-0412.mwcnf,50,218,500,101.2471215724945,False,115830.0,0.0,0.3000000000000001
350,wuf50-0413.mwcnf,50,218,500,99.38055467605591,False,160910.0,0.0,0.3000000000000001
351,wuf50-0414.mwcnf,50,218,500,101.10912156105042,False,135858.0,0.0,0.3000000000000001
352,wuf50-0415.mwcnf,50,218,500,99.24931025505066,False,106215.0,0.0,0.3000000000000001
353,wuf50-0416.mwcnf,50,218,500,97.74441266059875,False,110949.0,96770.0,0.3000000000000001
354,wuf50-0417.mwcnf,50,218,500,100.32829475402832,False,131388.0,128883.0,0.3000000000000001
355,wuf50-0418.mwcnf,50,218,500,99.37724661827087,False,76053.0,0.0,0.3000000000000001
356,wuf50-0419.mwcnf,50,218,500,100.57531571388245,False,123258.0,0.0,0.3000000000000001
357,wuf50-042.mwcnf,50,218,500,99.40914845466614,False,149484.0,0.0,0.3000000000000001
358,wuf50-0420.mwcnf,50,218,500,101.15172791481018,False,141616.0,0.0,0.3000000000000001
359,wuf50-0421.mwcnf,50,218,78,14.383119344711304,True,100527.0,100527.0,0.3000000000000001
360,wuf50-0422.mwcnf,50,218,500,99.2378716468811,False,165218.0,0.0,0.3000000000000001
361,wuf50-0423.mwcnf,50,218,500,98.93441009521484,False,119440.0,91685.0,0.3000000000000001
362,wuf50-0424.mwcnf,50,218,500,95.27220344543457,False,95028.0,92123.0,0.3000000000000001
363,wuf50-0425.mwcnf,50,218,500,99.63292145729065,False,142625.0,0.0,0.3000000000000001
364,wuf50-0426.mwcnf,50,218,500,101.33933138847351,False,130170.0,0.0,0.3000000000000001
365,wuf50-0427.mwcnf,50,218,500,97.81852340698242,False,141236.0,0.0,0.3000000000000001
366,wuf50-0428.mwcnf,50,218,500,101.4872362613678,False,110772.0,0.0,0.3000000000000001
367,wuf50-0429.mwcnf,50,218,500,98.41851258277893,False,91790.0,0.0,0.3000000000000001
368,wuf50-043.mwcnf,50,218,500,104.8524854183197,False,113325.0,110150.0,0.3000000000000001
369,wuf50-0430.mwcnf,50,218,500,98.16211557388306,False,102278.0,0.0,0.3000000000000001
370,wuf50-0431.mwcnf,50,218,500,100.82263827323914,False,92025.0,0.0,0.3000000000000001
371,wuf50-0432.mwcnf,50,218,202,40.842768907547,True,125800.0,125800.0,0.3000000000000001
372,wuf50-0433.mwcnf,50,218,500,98.14126563072205,False,114266.0,0.0,0.3000000000000001
373,wuf50-0434.mwcnf,50,218,500,98.33839559555054,False,89739.0,88371.0,0.3000000000000001
374,wuf50-0435.mwcnf,50,218,500,99.76572751998901,False,151233.0,0.0,0.3000000000000001
375,wuf50-0436.mwcnf,50,218,500,98.60860967636108,False,120636.0,0.0,0.3000000000000001
376,wuf50-0437.mwcnf,50,218,500,101.53918862342834,False,98201.0,0.0,0.3000000000000001
377,wuf50-0438.mwcnf,50,218,500,102.00818276405334,False,93106.0,0.0,0.3000000000000001
378,wuf50-0439.mwcnf,50,218,291,54.89019274711609,True,109833.0,109833.0,0.3000000000000001
379,wuf50-044.mwcnf,50,218,500,102.25993061065674,False,141338.0,0.0,0.3000000000000001
380,wuf50-0440.mwcnf,50,218,500,100.82230758666992,False,136372.0,0.0,0.3000000000000001
381,wuf50-0441.mwcnf,50,218,500,99.35164475440979,False,115390.0,0.0,0.3000000000000001
382,wuf50-0442.mwcnf,50,218,500,101.90659999847412,False,133749.0,0.0,0.3000000000000001
383,wuf50-0443.mwcnf,50,218,500,104.32452869415283,False,119585.0,0.0,0.3000000000000001
384,wuf50-0444.mwcnf,50,218,500,96.49873781204224,False,163981.0,160794.0,0.3000000000000001
385,wuf50-0445.mwcnf,50,218,30,5.903083324432373,True,124925.0,124925.0,0.26000000000000006
386,wuf50-0446.mwcnf,50,218,500,101.9785406589508,False,167210.0,0.0,0.3000000000000001
387,wuf50-0447.mwcnf,50,218,500,99.35906863212585,False,157350.0,0.0,0.3000000000000001
388,wuf50-0448.mwcnf,50,218,500,101.99453282356262,False,165219.0,0.0,0.3000000000000001
389,wuf50-0449.mwcnf,50,218,500,97.76465725898743,False,124417.0,118792.0,0.3000000000000001
390,wuf50-045.mwcnf,50,218,500,103.7192029953003,False,102800.0,0.0,0.3000000000000001
391,wuf50-0450.mwcnf,50,218,500,98.25637435913086,False,129144.0,0.0,0.3000000000000001
392,wuf50-0451.mwcnf,50,218,399,82.11316680908203,True,120638.0,120638.0,0.3000000000000001
393,wuf50-0452.mwcnf,50,218,500,98.52817678451538,False,126210.0,0.0,0.3000000000000001
394,wuf50-0453.mwcnf,50,218,500,102.52069139480591,False,110892.0,0.0,0.3000000000000001
395,wuf50-0454.mwcnf,50,218,500,98.68726253509521,False,131326.0,0.0,0.3000000000000001
396,wuf50-0455.mwcnf,50,218,500,102.25009965896606,False,123258.0,0.0,0.3000000000000001
397,wuf50-0456.mwcnf,50,218,500,98.14620208740234,False,106768.0,0.0,0.3000000000000001
398,wuf50-0457.mwcnf,50,218,31,5.739977121353149,True,103577.0,103577.0,0.11999999999999998
399,wuf50-0458.mwcnf,50,218,49,9.35163426399231,True,104233.0,104233.0,0.26000000000000006
400,wuf50-0459.mwcnf,50,218,312,64.47392725944519,True,90512.0,90512.0,0.3000000000000001
401,wuf50-046.mwcnf,50,218,402,85.03353571891785,True,113618.0,113618.0,0.3000000000000001
402,wuf50-0460.mwcnf,50,218,500,106.24132084846497,False,118013.0,0.0,0.3000000000000001
403,wuf50-0461.mwcnf,50,218,139,27.637876510620117,True,104424.0,104424.0,0.3000000000000001
404,wuf50-0462.mwcnf,50,218,98,18.413782835006714,True,133327.0,133327.0,0.3000000000000001
405,wuf50-0463.mwcnf,50,218,500,102.83471250534058,False,108046.0,0.0,0.3000000000000001
406,wuf50-0464.mwcnf,50,218,500,109.80497074127197,False,145988.0,0.0,0.3000000000000001
407,wuf50-0465.mwcnf,50,218,500,104.4379575252533,False,112768.0,0.0,0.3000000000000001
408,wuf50-0466.mwcnf,50,218,500,110.08449220657349,False,148434.0,0.0,0.3000000000000001
409,wuf50-0467.mwcnf,50,218,500,106.16346263885498,False,138993.0,0.0,0.3000000000000001
410,wuf50-0468.mwcnf,50,218,264,53.42903757095337,True,94038.0,94038.0,0.3000000000000001
411,wuf50-0469.mwcnf,50,218,500,99.8435685634613,False,134262.0,123595.0,0.3000000000000001
412,wuf50-047.mwcnf,50,218,500,103.01242804527283,False,105871.0,0.0,0.3000000000000001
413,wuf50-0470.mwcnf,50,218,500,100.62529397010803,False,127978.0,0.0,0.3000000000000001
414,wuf50-0471.mwcnf,50,218,500,108.14001488685608,False,141616.0,0.0,0.3000000000000001
415,wuf50-0472.mwcnf,50,218,60,12.88081431388855,True,118040.0,118040.0,0.3000000000000001
416,wuf50-0473.mwcnf,50,218,500,104.42810869216919,False,138245.0,0.0,0.3000000000000001
417,wuf50-0474.mwcnf,50,218,500,105.01827096939087,False,131126.0,0.0,0.3000000000000001
418,wuf50-0475.mwcnf,50,218,500,99.95666861534119,False,102216.0,0.0,0.3000000000000001
419,wuf50-0476.mwcnf,50,218,500,103.94764590263367,False,120097.0,0.0,0.3000000000000001
420,wuf50-0477.mwcnf,50,218,500,103.89779424667358,False,131128.0,121949.0,0.3000000000000001
421,wuf50-0478.mwcnf,50,218,500,110.79142332077026,False,107523.0,0.0,0.3000000000000001
422,wuf50-0479.mwcnf,50,218,500,109.02234768867493,False,106213.0,0.0,0.3000000000000001
423,wuf50-048.mwcnf,50,218,500,109.47793245315552,False,137682.0,0.0,0.3000000000000001
424,wuf50-0480.mwcnf,50,218,500,102.77824306488037,False,111122.0,0.0,0.3000000000000001
425,wuf50-0481.mwcnf,50,218,500,102.28087043762207,False,115112.0,107078.0,0.3000000000000001
426,wuf50-0482.mwcnf,50,218,500,108.13850259780884,False,145506.0,0.0,0.3000000000000001
427,wuf50-0483.mwcnf,50,218,500,106.53732919692993,False,118668.0,116109.0,0.3000000000000001
428,wuf50-0484.mwcnf,50,218,500,109.353107213974,False,165219.0,0.0,0.3000000000000001
429,wuf50-0485.mwcnf,50,218,500,104.83358550071716,False,97033.0,0.0,0.3000000000000001
430,wuf50-0486.mwcnf,50,218,500,112.33005928993225,False,127194.0,0.0,0.3000000000000001
431,wuf50-0487.mwcnf,50,218,500,108.18004107475281,False,125229.0,108476.0,0.3000000000000001
432,wuf50-0488.mwcnf,50,218,500,105.46922516822815,False,130335.0,123970.0,0.23000000000000007
433,wuf50-0489.mwcnf,50,218,394,89.71419525146484,True,132374.0,132374.0,0.3000000000000001
434,wuf50-049.mwcnf,50,218,500,104.72971749305725,False,127910.0,0.0,0.3000000000000001
435,wuf50-0490.mwcnf,50,218,500,108.69574475288391,False,149828.0,0.0,0.3000000000000001
436,wuf50-0491.mwcnf,50,218,500,109.83075642585754,False,122277.0,91794.0,0.3000000000000001
437,wuf50-0492.mwcnf,50,218,242,49.82596182823181,True,110799.0,110799.0,0.19000000000000003
438,wuf50-0493.mwcnf,50,218,86,17.513578176498413,True,126894.0,126894.0,0.3000000000000001
439,wuf50-0494.mwcnf,50,218,500,103.18106198310852,False,113788.0,0.0,0.3000000000000001
440,wuf50-0495.mwcnf,50,218,500,105.0932207107544,False,112768.0,0.0,0.3000000000000001
441,wuf50-0496.mwcnf,50,218,500,104.1604437828064,False,124743.0,0.0,0.3000000000000001
442,wuf50-0497.mwcnf,50,218,500,104.40081095695496,False,140742.0,0.0,0.3000000000000001
443,wuf50-0498.mwcnf,50,218,500,99.6997618675232,False,124325.0,112157.0,0.3000000000000001
444,wuf50-0499.mwcnf,50,218,500,104.14000988006592,False,121505.0,0.0,0.3000000000000001
445,wuf50-05.mwcnf,50,218,500,101.62585997581482,False,245066.0,242012.0,0.3000000000000001
446,wuf50-050.mwcnf,50,218,500,105.22941303253174,False,119982.0,0.0,0.3000000000000001
447,wuf50-0500.mwcnf,50,218,500,112.70825982093811,False,135497.0,0.0,0.3000000000000001
448,wuf50-0501.mwcnf,50,218,500,112.9695417881012,False,151232.0,0.0,0.3000000000000001
449,wuf50-0502.mwcnf,50,218,500,105.10903525352478,False,148610.0,0.0,0.3000000000000001
450,wuf50-0503.mwcnf,50,218,500,103.12636995315552,False,106650.0,0.0,0.3000000000000001
451,wuf50-0504.mwcnf,50,218,500,103.04238677024841,False,126285.0,120245.0,0.3000000000000001
452,wuf50-0505.mwcnf,50,218,500,105.18770170211792,False,126613.0,126601.0,0.3000000000000001
453,wuf50-0506.mwcnf,50,218,500,103.59776329994202,False,94450.0,0.0,0.3000000000000001
454,wuf50-0507.mwcnf,50,218,500,106.43146991729736,False,135499.0,0.0,0.3000000000000001
455,wuf50-0508.mwcnf,50,218,363,76.43684673309326,True,144326.0,144326.0,0.3000000000000001
456,wuf50-0509.mwcnf,50,218,500,108.82256650924683,False,126189.0,0.0,0.3000000000000001
457,wuf50-051.mwcnf,50,218,500,108.38617181777954,False,129682.0,127813.0,0.3000000000000001
458,wuf50-0510.mwcnf,50,218,500,105.69758200645447,False,115391.0,0.0,0.3000000000000001
459,wuf50-0511.mwcnf,50,218,354,72.67720770835876,True,135981.0,135981.0,0.3000000000000001
460,wuf50-0512.mwcnf,50,218,500,107.79480719566345,False,109311.0,103084.0,0.3000000000000001
461,wuf50-0513.mwcnf,50,218,500,108.64787077903748,False,146860.0,0.0,0.3000000000000001
462,wuf50-0514.mwcnf,50,218,500,103.9780216217041,False,109054.0,0.0,0.3000000000000001
463,wuf50-0515.mwcnf,50,218,500,12662.602042198181,False,153418.0,0.0,0.3000000000000001
464,wuf50-0516.mwcnf,50,218,500,150.91115951538086,False,123584.0,0.0,0.3000000000000001
465,wuf50-0517.mwcnf,50,218,500,153.1661946773529,False,137683.0,0.0,0.3000000000000001
466,wuf50-0518.mwcnf,50,218,345,104.8662211894989,True,150666.0,150666.0,0.3000000000000001
467,wuf50-0519.mwcnf,50,218,241,73.29725098609924,True,114762.0,114762.0,0.3000000000000001
468,wuf50-052.mwcnf,50,218,500,152.04550313949585,False,185227.0,0.0,0.3000000000000001
469,wuf50-0520.mwcnf,50,218,500,150.45805263519287,False,131127.0,0.0,0.3000000000000001
470,wuf50-0521.mwcnf,50,218,213,64.65808081626892,True,122023.0,122023.0,0.3000000000000001
471,wuf50-0522.mwcnf,50,218,500,150.97392320632935,False,268681.0,0.0,0.3000000000000001
472,wuf50-0523.mwcnf,50,218,500,151.9481909275055,False,208921.0,0.0,0.3000000000000001
473,wuf50-0524.mwcnf,50,218,500,150.91815900802612,False,176223.0,0.0,0.3000000000000001
474,wuf50-0525.mwcnf,50,218,500,146.85683417320251,False,217897.0,212975.0,0.12999999999999998
475,wuf50-0526.mwcnf,50,218,500,153.57695651054382,False,164426.0,0.0,0.3000000000000001
476,wuf50-0527.mwcnf,50,218,56,17.192407369613647,True,210698.0,210698.0,0.3000000000000001
477,wuf50-0528.mwcnf,50,218,500,161.38706803321838,False,204356.0,0.0,0.3000000000000001
478,wuf50-0529.mwcnf,50,218,187,59.77204942703247,True,262511.0,262511.0,0.3000000000000001
479,wuf50-053.mwcnf,50,218,500,161.0193076133728,False,224626.0,0.0,0.3000000000000001
480,wuf50-0530.mwcnf,50,218,127,40.81673550605774,True,268908.0,268908.0,0.3000000000000001
481,wuf50-0531.mwcnf,50,218,500,160.76431941986084,False,183294.0,0.0,0.3000000000000001
482,wuf50-0532.mwcnf,50,218,500,157.86833953857422,False,221967.0,219688.0,0.3000000000000001
483,wuf50-0533.mwcnf,50,218,465,151.02001786231995,True,235913.0,235913.0,0.3000000000000001
484,wuf50-0534.mwcnf,50,218,500,161.5942575931549,False,202164.0,0.0,0.3000000000000001
485,wuf50-0535.mwcnf,50,218,500,162.23770546913147,False,219723.0,0.0,0.3000000000000001
486,wuf50-0536.mwcnf,50,218,500,161.0273163318634,False,219279.0,218423.0,0.3000000000000001
487,wuf50-0537.mwcnf,50,218,500,163.41359949111938,False,213650.0,0.0,0.3000000000000001
488,wuf50-0538.mwcnf,50,218,500,161.4059419631958,False,233472.0,0.0,0.3000000000000001
489,wuf50-0539.mwcnf,50,218,500,163.73845720291138,False,181165.0,0.0,0.3000000000000001
490,wuf50-054.mwcnf,50,218,500,161.037038564682,False,260560.0,0.0,0.3000000000000001
491,wuf50-0540.mwcnf,50,218,353,114.18107056617737,True,203503.0,203503.0,0.3000000000000001
492,wuf50-0541.mwcnf,50,218,500,161.42666029930115,False,224626.0,0.0,0.3000000000000001
493,wuf50-0542.mwcnf,50,218,500,162.45416617393494,False,248541.0,0.0,0.3000000000000001
494,wuf50-0543.mwcnf,50,218,101,31.348798036575317,True,189542.0,189542.0,0.19000000000000003
495,wuf50-0544.mwcnf,50,218,210,67.72843194007874,True,258368.0,258368.0,0.3000000000000001
496,wuf50-0545.mwcnf,50,218,59,19.133487224578857,True,227321.0,227321.0,0.3000000000000001
497,wuf50-0546.mwcnf,50,218,500,162.89817571640015,False,235400.0,0.0,0.3000000000000001
498,wuf50-0547.mwcnf,50,218,119,38.0517315864563,True,250485.0,250485.0,0.3000000000000001
499,wuf50-0548.mwcnf,50,218,209,68.05176043510437,True,212558.0,212558.0,0.3000000000000001
500,wuf50-0549.mwcnf,50,218,500,156.2420403957367,False,226032.0,223874.0,0.3000000000000001
501,wuf50-055.mwcnf,50,218,53,16.87380886077881,True,220020.0,220020.0,0.3000000000000001
502,wuf50-0550.mwcnf,50,218,500,161.1012682914734,False,149668.0,0.0,0.3000000000000001
503,wuf50-0551.mwcnf,50,218,500,164.6405770778656,False,266693.0,0.0,0.3000000000000001
504,wuf50-0552.mwcnf,50,218,500,160.42250180244446,False,242596.0,0.0,0.3000000000000001
505,wuf50-0553.mwcnf,50,218,500,160.49612879753113,False,160113.0,0.0,0.3000000000000001
506,wuf50-0554.mwcnf,50,218,500,156.9045717716217,False,229119.0,0.0,0.3000000000000001
507,wuf50-0555.mwcnf,50,218,500,160.56361269950867,False,188258.0,0.0,0.3000000000000001
508,wuf50-0556.mwcnf,50,218,500,165.88896489143372,False,256073.0,0.0,0.3000000000000001
509,wuf50-0557.mwcnf,50,218,500,176.84500002861023,False,292911.0,0.0,0.3000000000000001
510,wuf50-0558.mwcnf,50,218,500,172.32012796401978,False,256073.0,0.0,0.3000000000000001
511,wuf50-0559.mwcnf,50,218,500,177.0028693675995,False,229374.0,226287.0,0.3000000000000001
512,wuf50-056.mwcnf,50,218,500,169.97061586380005,False,189551.0,185293.0,0.3000000000000001
513,wuf50-0560.mwcnf,50,218,500,161.61287450790405,False,190279.0,0.0,0.3000000000000001
514,wuf50-0561.mwcnf,50,218,467,151.19194960594177,True,209339.0,209339.0,0.3000000000000001
515,wuf50-0562.mwcnf,50,218,500,170.61377024650574,False,221631.0,0.0,0.3000000000000001
516,wuf50-0563.mwcnf,50,218,500,163.85494756698608,False,256073.0,0.0,0.3000000000000001
517,wuf50-0564.mwcnf,50,218,500,162.6669569015503,False,205862.0,0.0,0.3000000000000001
518,wuf50-0565.mwcnf,50,218,500,176.0660355091095,False,215640.0,0.0,0.3000000000000001
519,wuf50-0566.mwcnf,50,218,500,185.11895394325256,False,206656.0,0.0,0.3000000000000001
520,wuf50-0567.mwcnf,50,218,480,175.14978194236755,True,196318.0,196318.0,0.3000000000000001
521,wuf50-0568.mwcnf,50,218,500,183.7071213722229,False,209650.0,0.0,0.3000000000000001
522,wuf50-0569.mwcnf,50,218,500,198.6433916091919,False,222380.0,0.0,0.3000000000000001
523,wuf50-057.mwcnf,50,218,500,195.91256856918335,False,236103.0,0.0,0.3000000000000001
524,wuf50-0570.mwcnf,50,218,500,185.51826858520508,False,193178.0,0.0,0.3000000000000001
525,wuf50-0571.mwcnf,50,218,500,183.89771723747253,False,221136.0,0.0,0.3000000000000001
526,wuf50-0572.mwcnf,50,218,500,183.24215531349182,False,260566.0,0.0,0.3000000000000001
527,wuf50-0573.mwcnf,50,218,479,175.8131501674652,True,197751.0,197751.0,0.3000000000000001
528,wuf50-0574.mwcnf,50,218,500,183.83207726478577,False,176490.0,0.0,0.3000000000000001
529,wuf50-0575.mwcnf,50,218,500,188.40064430236816,False,200314.0,0.0,0.3000000000000001
530,wuf50-0576.mwcnf,50,218,182,64.9972791671753,True,237252.0,237252.0,0.3000000000000001
531,wuf50-0577.mwcnf,50,218,500,174.3669834136963,False,223400.0,0.0,0.3000000000000001
532,wuf50-0578.mwcnf,50,218,500,176.3108308315277,False,173788.0,0.0,0.3000000000000001
533,wuf50-0579.mwcnf,50,218,500,180.97075986862183,False,224837.0,0.0,0.3000000000000001
534,wuf50-058.mwcnf,50,218,500,182.63932609558105,False,163174.0,0.0,0.3000000000000001
535,wuf50-0580.mwcnf,50,218,500,172.5664927959442,False,212944.0,0.0,0.3000000000000001
536,wuf50-0581.mwcnf,50,218,500,173.06620383262634,False,194932.0,0.0,0.3000000000000001
537,wuf50-0582.mwcnf,50,218,500,173.2042636871338,False,245591.0,0.0,0.3000000000000001
538,wuf50-0583.mwcnf,50,218,500,173.52893567085266,False,211148.0,0.0,0.3000000000000001
539,wuf50-0584.mwcnf,50,218,128,44.19991731643677,True,176760.0,176760.0,0.3000000000000001
540,wuf50-0585.mwcnf,50,218,500,173.7673568725586,False,218750.0,0.0,0.3000000000000001
541,wuf50-0586.mwcnf,50,218,500,175.03000712394714,False,215642.0,0.0,0.3000000000000001
542,wuf50-0587.mwcnf,50,218,500,173.7335615158081,False,193178.0,0.0,0.3000000000000001
543,wuf50-0588.mwcnf,50,218,500,171.71658086776733,False,224856.0,221977.0,0.3000000000000001
544,wuf50-0589.mwcnf,50,218,500,175.64706373214722,False,196588.0,0.0,0.3000000000000001
545,wuf50-059.mwcnf,50,218,500,172.4563548564911,False,192358.0,0.0,0.3000000000000001
546,wuf50-0590.mwcnf,50,218,500,167.85709691047668,False,211150.0,0.0,0.3000000000000001
547,wuf50-0591.mwcnf,50,218,500,168.98021411895752,False,259537.0,259497.0,0.3000000000000001
548,wuf50-0592.mwcnf,50,218,500,172.9890820980072,False,254575.0,0.0,0.3000000000000001
549,wuf50-0593.mwcnf,50,218,500,169.63122367858887,False,209153.0,207403.0,0.3000000000000001
550,wuf50-0594.mwcnf,50,218,286,99.12391543388367,True,204211.0,204211.0,0.3000000000000001
551,wuf50-0595.mwcnf,50,218,500,172.2756233215332,False,174609.0,0.0,0.3000000000000001
552,wuf50-0596.mwcnf,50,218,157,52.77614974975586,True,223168.0,223168.0,0.3000000000000001
553,wuf50-0597.mwcnf,50,218,500,172.15002465248108,False,181157.0,0.0,0.3000000000000001
554,wuf50-0598.mwcnf,50,218,500,168.5224118232727,False,205682.0,184660.0,0.3000000000000001
555,wuf50-0599.mwcnf,50,218,500,207.66914248466492,False,208172.0,183621.0,0.3000000000000001
556,wuf50-06.mwcnf,50,218,500,208.18925309181213,False,126334.0,0.0,0.3000000000000001
557,wuf50-060.mwcnf,50,218,500,205.7740876674652,False,251581.0,0.0,0.3000000000000001
558,wuf50-0600.mwcnf,50,218,500,211.71995615959167,False,277038.0,0.0,0.3000000000000001
559,wuf50-0601.mwcnf,50,218,500,210.54763627052307,False,171537.0,0.0,0.3000000000000001
560,wuf50-0602.mwcnf,50,218,500,196.50274920463562,False,212711.0,0.0,0.3000000000000001
561,wuf50-0603.mwcnf,50,218,500,190.6381938457489,False,202156.0,158931.0,0.3000000000000001
562,wuf50-0604.mwcnf,50,218,210,81.73340582847595,True,230925.0,230925.0,0.3000000000000001
563,wuf50-0605.mwcnf,50,218,57,22.040137767791748,True,234105.0,234105.0,0.3000000000000001
564,wuf50-0606.mwcnf,50,218,500,181.6213047504425,False,224016.0,206812.0,0.3000000000000001
565,wuf50-0607.mwcnf,50,218,316,107.87451672554016,True,178520.0,178520.0,0.3000000000000001
566,wuf50-0608.mwcnf,50,218,500,168.43134546279907,False,217431.0,0.0,0.3000000000000001
567,wuf50-0609.mwcnf,50,218,500,175.48716521263123,False,229321.0,0.0,0.3000000000000001
568,wuf50-061.mwcnf,50,218,500,154.2281789779663,False,232327.0,0.0,0.3000000000000001
569,wuf50-0610.mwcnf,50,218,500,151.12838673591614,False,236874.0,0.0,0.3000000000000001
570,wuf50-0611.mwcnf,50,218,500,159.73949909210205,False,206243.0,0.0,0.3000000000000001
571,wuf50-0612.mwcnf,50,218,500,155.28895568847656,False,229119.0,0.0,0.3000000000000001
572,wuf50-0613.mwcnf,50,218,500,167.5747790336609,False,207597.0,0.0,0.3000000000000001
573,wuf50-0614.mwcnf,50,218,500,162.94898915290833,False,160571.0,0.0,0.3000000000000001
574,wuf50-0615.mwcnf,50,218,500,167.01063752174377,False,220133.0,0.0,0.3000000000000001
575,wuf50-0616.mwcnf,50,218,150,50.85672855377197,True,174425.0,174425.0,0.3000000000000001
576,wuf50-0617.mwcnf,50,218,500,166.3790466785431,False,181556.0,0.0,0.3000000000000001
577,wuf50-0618.mwcnf,50,218,500,164.13196396827698,False,236453.0,210945.0,0.3000000000000001
578,wuf50-0619.mwcnf,50,218,500,163.63810873031616,False,139696.0,137341.0,0.22000000000000006
579,wuf50-062.mwcnf,50,218,500,167.9175968170166,False,210903.0,202793.0,0.3000000000000001
580,wuf50-0620.mwcnf,50,218,500,166.7768111228943,False,197672.0,0.0,0.3000000000000001
581,wuf50-0621.mwcnf,50,218,500,167.89637804031372,False,236306.0,0.0,0.3000000000000001
582,wuf50-0622.mwcnf,50,218,500,165.10116505622864,False,198436.0,174064.0,0.3000000000000001
583,wuf50-0623.mwcnf,50,218,65,21.071579694747925,True,233966.0,233966.0,0.3000000000000001
584,wuf50-0624.mwcnf,50,218,500,169.6271619796753,False,188277.0,0.0,0.3000000000000001
585,wuf50-0625.mwcnf,50,218,500,168.55211353302002,False,196833.0,0.0,0.3000000000000001
586,wuf50-0626.mwcnf,50,218,500,169.16352915763855,False,256074.0,0.0,0.3000000000000001
587,wuf50-0627.mwcnf,50,218,29,9.365164279937744,True,219309.0,219309.0,0.18000000000000002
588,wuf50-0628.mwcnf,50,218,177,58.64397120475769,True,217519.0,217519.0,0.3000000000000001
589,wuf50-0629.mwcnf,50,218,500,170.04688930511475,False,193179.0,0.0,0.3000000000000001
590,wuf50-063.mwcnf,50,218,500,170.45967316627502,False,174209.0,0.0,0.3000000000000001
591,wuf50-0630.mwcnf,50,218,500,169.7186951637268,False,182696.0,0.0,0.3000000000000001
592,wuf50-0631.mwcnf,50,218,500,169.60467982292175,False,207405.0,0.0,0.3000000000000001
593,wuf50-0632.mwcnf,50,218,500,168.34405064582825,False,182695.0,0.0,0.3000000000000001
594,wuf50-0633.mwcnf,50,218,500,168.97114944458008,False,184194.0,0.0,0.3000000000000001
595,wuf50-0634.mwcnf,50,218,500,170.36727595329285,False,236879.0,0.0,0.3000000000000001
596,wuf50-0635.mwcnf,50,218,70,23.837446928024292,True,245844.0,245844.0,0.3000000000000001
597,wuf50-0636.mwcnf,50,218,500,164.2458462715149,False,228176.0,226168.0,0.3000000000000001
598,wuf50-0637.mwcnf,50,218,67,21.96083116531372,True,202005.0,202005.0,0.3000000000000001
599,wuf50-0638.mwcnf,50,218,500,171.06692576408386,False,217888.0,0.0,0.3000000000000001
600,wuf50-0639.mwcnf,50,218,500,169.18230199813843,False,246189.0,0.0,0.3000000000000001
601,wuf50-064.mwcnf,50,218,500,169.03888511657715,False,190396.0,0.0,0.3000000000000001
602,wuf50-0640.mwcnf,50,218,500,167.61211514472961,False,202800.0,0.0,0.3000000000000001
603,wuf50-0641.mwcnf,50,218,500,169.45541167259216,False,231551.0,0.0,0.3000000000000001
604,wuf50-0642.mwcnf,50,218,500,169.07335233688354,False,206656.0,0.0,0.3000000000000001
605,wuf50-0643.mwcnf,50,218,500,168.70264506340027,False,256073.0,0.0,0.3000000000000001
606,wuf50-0644.mwcnf,50,218,500,168.92779850959778,False,186966.0,0.0,0.3000000000000001
607,wuf50-0645.mwcnf,50,218,500,171.3316445350647,False,195742.0,0.0,0.3000000000000001
608,wuf50-0646.mwcnf,50,218,461,153.90097212791443,True,198122.0,198122.0,0.3000000000000001
609,wuf50-0647.mwcnf,50,218,28,8.981637954711914,True,193741.0,193741.0,0.21000000000000005
610,wuf50-0648.mwcnf,50,218,500,166.60099935531616,False,187133.0,0.0,0.3000000000000001
611,wuf50-0649.mwcnf,50,218,500,167.56407809257507,False,196220.0,0.0,0.3000000000000001
612,wuf50-065.mwcnf,50,218,500,167.82436108589172,False,83817.0,0.0,0.3000000000000001
613,wuf50-0650.mwcnf,50,218,500,162.79544305801392,False,203904.0,187397.0,0.20000000000000004
614,wuf50-0651.mwcnf,50,218,141,46.708016872406006,True,115748.0,115748.0,0.17
615,wuf50-0652.mwcnf,50,218,500,170.0616009235382,False,125783.0,0.0,0.3000000000000001
616,wuf50-0653.mwcnf,50,218,500,167.1232395172119,False,97452.0,91826.0,0.3000000000000001
617,wuf50-0654.mwcnf,50,218,118,40.441800594329834,True,107903.0,107903.0,0.3000000000000001
618,wuf50-0655.mwcnf,50,218,500,168.0807294845581,False,96807.0,0.0,0.3000000000000001
619,wuf50-0656.mwcnf,50,218,500,170.88878870010376,False,95318.0,0.0,0.3000000000000001
620,wuf50-0657.mwcnf,50,218,500,168.82203602790833,False,106158.0,0.0,0.3000000000000001
621,wuf50-0658.mwcnf,50,218,500,168.41092324256897,False,113467.0,0.0,0.3000000000000001
622,wuf50-0659.mwcnf,50,218,500,168.21977877616882,False,130671.0,0.0,0.3000000000000001
623,wuf50-066.mwcnf,50,218,500,166.06686401367188,False,111955.0,0.0,0.3000000000000001
624,wuf50-0660.mwcnf,50,218,500,167.94441676139832,False,105278.0,0.0,0.3000000000000001
625,wuf50-0661.mwcnf,50,218,500,167.5988929271698,False,111068.0,97807.0,0.3000000000000001
626,wuf50-0662.mwcnf,50,218,500,167.46704077720642,False,112296.0,0.0,0.3000000000000001
627,wuf50-0663.mwcnf,50,218,83,27.087242126464844,True,103463.0,103463.0,0.3000000000000001
628,wuf50-0664.mwcnf,50,218,500,169.7759084701538,False,130186.0,0.0,0.3000000000000001
629,wuf50-0665.mwcnf,50,218,500,167.44071102142334,False,113856.0,0.0,0.3000000000000001
630,wuf50-0666.mwcnf,50,218,500,169.04534196853638,False,125028.0,0.0,0.3000000000000001
631,wuf50-0667.mwcnf,50,218,500,170.64344191551208,False,119315.0,0.0,0.3000000000000001
632,wuf50-0668.mwcnf,50,218,297,99.19435262680054,True,138177.0,138177.0,0.3000000000000001
633,wuf50-0669.mwcnf,50,218,500,170.45293593406677,False,122481.0,0.0,0.3000000000000001
634,wuf50-067.mwcnf,50,218,500,168.6358392238617,False,87965.0,0.0,0.3000000000000001
635,wuf50-0670.mwcnf,50,218,500,167.97568941116333,False,109237.0,0.0,0.3000000000000001
636,wuf50-0671.mwcnf,50,218,500,162.80172324180603,False,95206.0,85848.0,0.2900000000000001
637,wuf50-0672.mwcnf,50,218,500,168.61031866073608,False,138032.0,0.0,0.3000000000000001
638,wuf50-0673.mwcnf,50,218,155,51.66503691673279,True,90350.0,90350.0,0.3000000000000001
639,wuf50-0674.mwcnf,50,218,500,167.74423956871033,False,126335.0,0.0,0.3000000000000001
640,wuf50-0675.mwcnf,50,218,500,168.48291659355164,False,116976.0,0.0,0.3000000000000001
641,wuf50-0676.mwcnf,50,218,500,170.1751310825348,False,112174.0,0.0,0.3000000000000001
642,wuf50-0677.mwcnf,50,218,500,168.5286946296692,False,132416.0,0.0,0.3000000000000001
643,wuf50-0678.mwcnf,50,218,81,25.951331615447998,True,91054.0,91054.0,0.2700000000000001
644,wuf50-0679.mwcnf,50,218,500,167.71492886543274,False,99430.0,0.0,0.3000000000000001
645,wuf50-068.mwcnf,50,218,35,11.561463117599487,True,109590.0,109590.0,0.3000000000000001
646,wuf50-0680.mwcnf,50,218,178,58.991576194763184,True,98421.0,98421.0,0.3000000000000001
647,wuf50-0681.mwcnf,50,218,500,168.9440131187439,False,88899.0,0.0,0.3000000000000001
648,wuf50-0682.mwcnf,50,218,500,169.9205460548401,False,124618.0,0.0,0.3000000000000001
649,wuf50-0683.mwcnf,50,218,500,169.8075339794159,False,116976.0,0.0,0.3000000000000001
650,wuf50-0684.mwcnf,50,218,500,168.06957507133484,False,110369.0,110094.0,0.3000000000000001
651,wuf50-0685.mwcnf,50,218,111,36.645633697509766,True,102802.0,102802.0,0.3000000000000001
652,wuf50-0686.mwcnf,50,218,500,168.961731672287,False,70045.0,0.0,0.3000000000000001
653,wuf50-0687.mwcnf,50,218,500,169.6317903995514,False,106091.0,0.0,0.3000000000000001
654,wuf50-0688.mwcnf,50,218,500,169.1581494808197,False,96475.0,0.0,0.3000000000000001
655,wuf50-0689.mwcnf,50,218,500,168.9365701675415,False,126335.0,0.0,0.3000000000000001
656,wuf50-069.mwcnf,50,218,500,167.63587951660156,False,135693.0,0.0,0.3000000000000001
657,wuf50-0690.mwcnf,50,218,500,170.75029754638672,False,116976.0,0.0,0.3000000000000001
658,wuf50-0691.mwcnf,50,218,500,171.48859071731567,False,99244.0,0.0,0.3000000000000001
659,wuf50-0692.mwcnf,50,218,500,168.97400379180908,False,135692.0,0.0,0.3000000000000001
660,wuf50-0693.mwcnf,50,218,500,167.98297119140625,False,100599.0,0.0,0.3000000000000001
661,wuf50-0694.mwcnf,50,218,500,162.46053814888,False,102728.0,72592.0,0.3000000000000001
662,wuf50-0695.mwcnf,50,218,500,171.08712673187256,False,113603.0,0.0,0.3000000000000001
663,wuf50-0696.mwcnf,50,218,500,167.69937372207642,False,103840.0,0.0,0.3000000000000001
664,wuf50-0697.mwcnf,50,218,372,125.00042343139648,True,95588.0,95588.0,0.3000000000000001
665,wuf50-0698.mwcnf,50,218,490,164.52025842666626,True,149730.0,149730.0,0.3000000000000001
666,wuf50-0699.mwcnf,50,218,500,167.7089865207672,False,128675.0,0.0,0.3000000000000001
667,wuf50-07.mwcnf,50,218,500,166.90563559532166,False,174367.0,0.0,0.3000000000000001
668,wuf50-070.mwcnf,50,218,500,168.28422331809998,False,114637.0,0.0,0.3000000000000001
669,wuf50-0700.mwcnf,50,218,500,169.55915451049805,False,125399.0,0.0,0.3000000000000001
670,wuf50-0701.mwcnf,50,218,500,167.34080600738525,False,88519.0,0.0,0.3000000000000001
671,wuf50-0702.mwcnf,50,218,500,169.8492362499237,False,108045.0,0.0,0.3000000000000001
672,wuf50-0703.mwcnf,50,218,500,168.79224729537964,False,122916.0,0.0,0.3000000000000001
673,wuf50-0704.mwcnf,50,218,292,97.96911215782166,True,135825.0,135825.0,0.3000000000000001
674,wuf50-0705.mwcnf,50,218,200,66.96361804008484,True,130808.0,130808.0,0.3000000000000001
675,wuf50-0706.mwcnf,50,218,500,167.5293996334076,False,93580.0,0.0,0.3000000000000001
676,wuf50-0707.mwcnf,50,218,500,169.32248663902283,False,130880.0,0.0,0.3000000000000001
677,wuf50-0708.mwcnf,50,218,500,169.64957523345947,False,112297.0,0.0,0.3000000000000001
678,wuf50-0709.mwcnf,50,218,500,166.55052947998047,False,86299.0,81585.0,0.3000000000000001
679,wuf50-071.mwcnf,50,218,105,34.55073428153992,True,117075.0,117075.0,0.3000000000000001
680,wuf50-0710.mwcnf,50,218,500,168.01676058769226,False,120251.0,0.0,0.3000000000000001
681,wuf50-0711.mwcnf,50,218,500,168.2879388332367,False,110338.0,105374.0,0.3000000000000001
682,wuf50-0712.mwcnf,50,218,500,170.52473998069763,False,108756.0,0.0,0.3000000000000001
683,wuf50-0713.mwcnf,50,218,305,102.60396838188171,True,84035.0,84035.0,0.3000000000000001
684,wuf50-0714.mwcnf,50,218,500,167.77574634552002,False,122696.0,0.0,0.3000000000000001
685,wuf50-0715.mwcnf,50,218,500,167.6952826976776,False,139720.0,139324.0,0.3000000000000001
686,wuf50-0716.mwcnf,50,218,500,169.30548286437988,False,99648.0,0.0,0.3000000000000001
687,wuf50-0717.mwcnf,50,218,500,168.16626620292664,False,139591.0,0.0,0.3000000000000001
688,wuf50-0718.mwcnf,50,218,500,167.48223567008972,False,116975.0,0.0,0.3000000000000001
689,wuf50-0719.mwcnf,50,218,96,32.39885997772217,True,105487.0,105487.0,0.3000000000000001
690,wuf50-072.mwcnf,50,218,500,170.81831669807434,False,122137.0,0.0,0.3000000000000001
691,wuf50-0720.mwcnf,50,218,500,168.97752141952515,False,114519.0,0.0,0.3000000000000001
692,wuf50-0721.mwcnf,50,218,500,167.04191374778748,False,114635.0,0.0,0.3000000000000001
693,wuf50-0722.mwcnf,50,218,99,33.045164585113525,True,124785.0,124785.0,0.3000000000000001
694,wuf50-0723.mwcnf,50,218,500,168.80881452560425,False,88463.0,0.0,0.3000000000000001
695,wuf50-0724.mwcnf,50,218,500,163.57635116577148,False,112196.0,104915.0,0.3000000000000001
696,wuf50-0725.mwcnf,50,218,272,90.85906410217285,True,119773.0,119773.0,0.3000000000000001
697,wuf50-0726.mwcnf,50,218,500,168.7361936569214,False,100810.0,0.0,0.3000000000000001
698,wuf50-0727.mwcnf,50,218,500,167.92820930480957,False,113146.0,0.0,0.3000000000000001
699,wuf50-0728.mwcnf,50,218,500,41888.88745355606,False,131792.0,0.0,0.3000000000000001
700,wuf50-0729.mwcnf,50,218,500,275.9517846107483,False,102550.0,0.0,0.3000000000000001
701,wuf50-073.mwcnf,50,218,500,391.32015442848206,False,113857.0,0.0,0.3000000000000001
702,wuf50-0730.mwcnf,50,218,201,3141.805944442749,True,105073.0,105073.0,0.3000000000000001
703,wuf50-0731.mwcnf,50,218,500,170.41689038276672,False,112298.0,0.0,0.3000000000000001
704,wuf50-0732.mwcnf,50,218,260,83.11667728424072,True,130186.0,130186.0,0.3000000000000001
705,wuf50-0733.mwcnf,50,218,500,159.03862309455872,False,107285.0,0.0,0.3000000000000001
706,wuf50-0734.mwcnf,50,218,500,166.47907876968384,False,100736.0,0.0,0.3000000000000001
707,wuf50-0735.mwcnf,50,218,500,166.46336603164673,False,78273.0,78051.0,0.3000000000000001
708,wuf50-0736.mwcnf,50,218,500,174.02674841880798,False,133007.0,127871.0,0.3000000000000001
709,wuf50-0737.mwcnf,50,218,500,171.66296410560608,False,121568.0,0.0,0.3000000000000001
710,wuf50-0738.mwcnf,50,218,500,172.92520332336426,False,128933.0,0.0,0.3000000000000001
711,wuf50-0739.mwcnf,50,218,500,170.21890997886658,False,96382.0,0.0,0.3000000000000001
712,wuf50-074.mwcnf,50,218,500,172.67785239219666,False,112763.0,0.0,0.3000000000000001
713,wuf50-0740.mwcnf,50,218,500,166.56090664863586,False,106575.0,0.0,0.3000000000000001
714,wuf50-0741.mwcnf,50,218,500,167.97535037994385,False,142134.0,0.0,0.3000000000000001
715,wuf50-0742.mwcnf,50,218,500,165.86890578269958,False,102442.0,0.0,0.3000000000000001
716,wuf50-0743.mwcnf,50,218,500,166.36530113220215,False,133432.0,0.0,0.3000000000000001
717,wuf50-0744.mwcnf,50,218,500,171.810405254364,False,142708.0,0.0,0.3000000000000001
718,wuf50-0745.mwcnf,50,218,500,165.7069811820984,False,121654.0,0.0,0.3000000000000001
719,wuf50-0746.mwcnf,50,218,241,74.05938768386841,True,117479.0,117479.0,0.3000000000000001
720,wuf50-0747.mwcnf,50,218,500,161.47400951385498,False,102272.0,75737.0,0.3000000000000001
721,wuf50-0748.mwcnf,50,218,500,159.82364559173584,False,85330.0,81520.0,0.3000000000000001
722,wuf50-0749.mwcnf,50,218,500,166.65280199050903,False,104109.0,0.0,0.3000000000000001
723,wuf50-075.mwcnf,50,218,500,164.95718383789062,False,141775.0,0.0,0.3000000000000001
724,wuf50-0750.mwcnf,50,218,500,165.22773671150208,False,110627.0,0.0,0.3000000000000001
725,wuf50-0751.mwcnf,50,218,500,166.75003504753113,False,106127.0,105134.0,0.3000000000000001
726,wuf50-0752.mwcnf,50,218,500,168.49291324615479,False,111979.0,0.0,0.3000000000000001
727,wuf50-0753.mwcnf,50,218,500,163.34089303016663,False,87174.0,81163.0,0.3000000000000001
728,wuf50-0754.mwcnf,50,218,184,64.30164217948914,True,85319.0,85319.0,0.3000000000000001
729,wuf50-0755.mwcnf,50,218,83,27.396164655685425,True,89101.0,89101.0,0.3000000000000001
730,wuf50-0756.mwcnf,50,218,500,166.91407203674316,False,113824.0,0.0,0.3000000000000001
731,wuf50-0757.mwcnf,50,218,86,26.007195472717285,True,119141.0,119141.0,0.3000000000000001
732,wuf50-0758.mwcnf,50,218,500,171.0908100605011,False,119485.0,0.0,0.3000000000000001
733,wuf50-0759.mwcnf,50,218,500,166.80083298683167,False,148948.0,0.0,0.3000000000000001
734,wuf50-076.mwcnf,50,218,500,165.03157377243042,False,113253.0,0.0,0.3000000000000001
735,wuf50-0760.mwcnf,50,218,500,166.29972386360168,False,122975.0,0.0,0.3000000000000001
736,wuf50-0761.mwcnf,50,218,500,164.66207909584045,False,91241.0,0.0,0.3000000000000001
737,wuf50-0762.mwcnf,50,218,500,165.00860404968262,False,83054.0,0.0,0.3000000000000001
738,wuf50-0763.mwcnf,50,218,500,163.43238306045532,False,122435.0,0.0,0.3000000000000001
739,wuf50-0764.mwcnf,50,218,500,164.44532990455627,False,105031.0,0.0,0.3000000000000001
740,wuf50-0765.mwcnf,50,218,448,148.73813271522522,True,164818.0,164818.0,0.3000000000000001
741,wuf50-0766.mwcnf,50,218,156,48.5117712020874,True,116023.0,116023.0,0.3000000000000001
742,wuf50-0767.mwcnf,50,218,500,167.05694842338562,False,135691.0,0.0,0.3000000000000001
743,wuf50-0768.mwcnf,50,218,500,166.0339527130127,False,71824.0,0.0,0.3000000000000001
744,wuf50-0769.mwcnf,50,218,500,160.31119585037231,False,100255.0,98638.0,0.3000000000000001
745,wuf50-077.mwcnf,50,218,500,163.75981044769287,False,107617.0,0.0,0.3000000000000001
746,wuf50-0770.mwcnf,50,218,500,163.7723355293274,False,85700.0,0.0,0.3000000000000001
747,wuf50-0771.mwcnf,50,218,500,164.66745805740356,False,109959.0,0.0,0.3000000000000001
748,wuf50-0772.mwcnf,50,218,500,164.79241681098938,False,128673.0,0.0,0.3000000000000001
749,wuf50-0773.mwcnf,50,218,500,164.92589116096497,False,123214.0,0.0,0.3000000000000001
750,wuf50-0774.mwcnf,50,218,500,165.585373878479,False,93577.0,93245.0,0.3000000000000001
751,wuf50-0775.mwcnf,50,218,500,166.91425919532776,False,112166.0,0.0,0.3000000000000001
752,wuf50-0776.mwcnf,50,218,500,166.1655867099762,False,144271.0,0.0,0.3000000000000001
753,wuf50-0777.mwcnf,50,218,138,44.81612467765808,True,109892.0,109892.0,0.3000000000000001
754,wuf50-0778.mwcnf,50,218,500,166.46081161499023,False,89152.0,0.0,0.3000000000000001
755,wuf50-0779.mwcnf,50,218,68,23.26973295211792,True,120120.0,120120.0,0.3000000000000001
756,wuf50-078.mwcnf,50,218,500,165.9536063671112,False,213592.0,0.0,0.3000000000000001
757,wuf50-0780.mwcnf,50,218,500,168.20583748817444,False,108414.0,0.0,0.3000000000000001
758,wuf50-0781.mwcnf,50,218,500,164.98181653022766,False,128829.0,0.0,0.3000000000000001
759,wuf50-0782.mwcnf,50,218,500,162.84456729888916,False,144592.0,116654.0,0.3000000000000001
760,wuf50-0783.mwcnf,50,218,500,165.21827030181885,False,147064.0,0.0,0.3000000000000001
761,wuf50-0784.mwcnf,50,218,500,166.0977292060852,False,148408.0,0.0,0.3000000000000001
762,wuf50-0785.mwcnf,50,218,500,166.26122570037842,False,151266.0,0.0,0.3000000000000001
763,wuf50-0786.mwcnf,50,218,500,165.70457124710083,False,171866.0,0.0,0.3000000000000001
764,wuf50-0787.mwcnf,50,218,500,165.55926370620728,False,143992.0,125948.0,0.3000000000000001
765,wuf50-0788.mwcnf,50,218,500,163.98622059822083,False,140062.0,0.0,0.3000000000000001
766,wuf50-0789.mwcnf,50,218,500,166.07088994979858,False,192583.0,0.0,0.3000000000000001
767,wuf50-079.mwcnf,50,218,500,160.1032531261444,False,178351.0,133318.0,0.3000000000000001
768,wuf50-0790.mwcnf,50,218,500,166.23952221870422,False,140056.0,0.0,0.3000000000000001
769,wuf50-0791.mwcnf,50,218,269,86.68736481666565,True,171576.0,171576.0,0.3000000000000001
770,wuf50-0792.mwcnf,50,218,500,161.85369420051575,False,182791.0,162032.0,0.3000000000000001
771,wuf50-0793.mwcnf,50,218,500,164.59754514694214,False,175590.0,175001.0,0.3000000000000001
772,wuf50-0794.mwcnf,50,218,420,141.70113348960876,True,156226.0,156226.0,0.3000000000000001
773,wuf50-0795.mwcnf,50,218,500,165.35316801071167,False,150566.0,0.0,0.3000000000000001
774,wuf50-0796.mwcnf,50,218,500,167.75325274467468,False,181379.0,0.0,0.3000000000000001
775,wuf50-0797.mwcnf,50,218,500,167.0462658405304,False,145673.0,0.0,0.3000000000000001
776,wuf50-0798.mwcnf,50,218,386,129.6789665222168,True,143357.0,143357.0,0.3000000000000001
777,wuf50-0799.mwcnf,50,218,500,165.8493947982788,False,182080.0,0.0,0.3000000000000001
778,wuf50-08.mwcnf,50,218,500,165.46116971969604,False,171574.0,0.0,0.3000000000000001
779,wuf50-080.mwcnf,50,218,500,165.36565232276917,False,165933.0,159320.0,0.3000000000000001
780,wuf50-0800.mwcnf,50,218,500,161.47750210762024,False,163432.0,144515.0,0.3000000000000001
781,wuf50-0801.mwcnf,50,218,500,167.07339429855347,False,182778.0,0.0,0.3000000000000001
782,wuf50-0802.mwcnf,50,218,500,156.51294040679932,False,198884.0,196491.0,0.22000000000000006
783,wuf50-0803.mwcnf,50,218,500,164.48096680641174,False,178579.0,0.0,0.3000000000000001
784,wuf50-0804.mwcnf,50,218,324,112.50964164733887,True,185156.0,185156.0,0.3000000000000001
785,wuf50-0805.mwcnf,50,218,179,56.85283064842224,True,146123.0,146123.0,0.3000000000000001
786,wuf50-0806.mwcnf,50,218,500,174.45887184143066,False,205423.0,0.0,0.3000000000000001
787,wuf50-0807.mwcnf,50,218,56,18.909248113632202,True,136449.0,136449.0,0.3000000000000001
788,wuf50-0808.mwcnf,50,218,500,156.71726965904236,False,171278.0,171101.0,0.19000000000000003
789,wuf50-0809.mwcnf,50,218,500,166.2200002670288,False,164572.0,0.0,0.3000000000000001
790,wuf50-081.mwcnf,50,218,57,18.640108823776245,True,163071.0,163071.0,0.24000000000000007
791,wuf50-0810.mwcnf,50,218,500,167.4375777244568,False,162470.0,0.0,0.3000000000000001
792,wuf50-0811.mwcnf,50,218,398,131.98260498046875,True,154119.0,154119.0,0.19000000000000003
793,wuf50-0812.mwcnf,50,218,500,166.4001591205597,False,143562.0,0.0,0.3000000000000001
794,wuf50-0813.mwcnf,50,218,349,113.61497735977173,True,203588.0,203588.0,0.3000000000000001
795,wuf50-0814.mwcnf,50,218,232,77.0919713973999,True,158940.0,158940.0,0.3000000000000001
796,wuf50-0815.mwcnf,50,218,500,164.12081384658813,False,186222.0,0.0,0.3000000000000001
797,wuf50-0816.mwcnf,50,218,500,164.30687856674194,False,150865.0,149857.0,0.3000000000000001
798,wuf50-0817.mwcnf,50,218,500,163.60703778266907,False,148190.0,146304.0,0.3000000000000001
799,wuf50-0818.mwcnf,50,218,500,166.31655192375183,False,138659.0,0.0,0.3000000000000001
800,wuf50-0819.mwcnf,50,218,500,168.78602266311646,False,161072.0,0.0,0.3000000000000001
801,wuf50-082.mwcnf,50,218,500,164.27186012268066,False,154247.0,144278.0,0.3000000000000001
802,wuf50-0820.mwcnf,50,218,181,59.29457116127014,True,180157.0,180157.0,0.3000000000000001
803,wuf50-0821.mwcnf,50,218,500,165.3547203540802,False,126054.0,0.0,0.3000000000000001
804,wuf50-0822.mwcnf,50,218,132,44.20746374130249,True,168340.0,168340.0,0.3000000000000001
805,wuf50-0823.mwcnf,50,218,379,122.74783873558044,True,177411.0,177411.0,0.3000000000000001
806,wuf50-0824.mwcnf,50,218,500,165.40174317359924,False,162593.0,0.0,0.3000000000000001
807,wuf50-0825.mwcnf,50,218,500,170.96033215522766,False,167194.0,0.0,0.3000000000000001
808,wuf50-0826.mwcnf,50,218,500,167.55148887634277,False,189082.0,0.0,0.3000000000000001
809,wuf50-0827.mwcnf,50,218,500,168.58113861083984,False,178577.0,0.0,0.3000000000000001
810,wuf50-0828.mwcnf,50,218,500,165.12019753456116,False,160490.0,0.0,0.3000000000000001
811,wuf50-0829.mwcnf,50,218,500,163.92222785949707,False,149687.0,0.0,0.3000000000000001
812,wuf50-083.mwcnf,50,218,256,89.03309559822083,True,190832.0,190832.0,0.3000000000000001
813,wuf50-0830.mwcnf,50,218,500,160.3303165435791,False,202506.0,201706.0,0.17
814,wuf50-0831.mwcnf,50,218,500,160.47122716903687,False,146176.0,139261.0,0.24000000000000007
815,wuf50-0832.mwcnf,50,218,500,165.25233602523804,False,168073.0,0.0,0.3000000000000001
816,wuf50-0833.mwcnf,50,218,500,168.22760701179504,False,169499.0,0.0,0.3000000000000001
817,wuf50-0834.mwcnf,50,218,500,165.7711637020111,False,182632.0,0.0,0.3000000000000001
818,wuf50-0835.mwcnf,50,218,500,166.42590713500977,False,125315.0,0.0,0.3000000000000001
819,wuf50-0836.mwcnf,50,218,63,21.611117839813232,True,138519.0,138519.0,0.3000000000000001
820,wuf50-0837.mwcnf,50,218,500,163.22109651565552,False,163233.0,0.0,0.3000000000000001
821,wuf50-0838.mwcnf,50,218,500,165.2928557395935,False,179617.0,0.0,0.3000000000000001
822,wuf50-0839.mwcnf,50,218,500,165.3068196773529,False,192583.0,0.0,0.3000000000000001
823,wuf50-084.mwcnf,50,218,236,79.03060054779053,True,153113.0,153113.0,0.3000000000000001
824,wuf50-0840.mwcnf,50,218,22,6.6476521492004395,True,183723.0,183723.0,0.17
825,wuf50-0841.mwcnf,50,218,500,161.56106281280518,False,187543.0,179344.0,0.3000000000000001
826,wuf50-0842.mwcnf,50,218,500,165.38040781021118,False,161674.0,0.0,0.3000000000000001
827,wuf50-0843.mwcnf,50,218,500,168.3584246635437,False,160633.0,0.0,0.3000000000000001
828,wuf50-0844.mwcnf,50,218,500,171.85857820510864,False,143562.0,0.0,0.3000000000000001
829,wuf50-0845.mwcnf,50,218,500,164.85821104049683,False,183866.0,0.0,0.3000000000000001
830,wuf50-0846.mwcnf,50,218,51,15.440155744552612,True,141933.0,141933.0,0.2700000000000001
831,wuf50-0847.mwcnf,50,218,67,21.290117025375366,True,174574.0,174574.0,0.3000000000000001
832,wuf50-0848.mwcnf,50,218,500,162.4909472465515,False,153010.0,149492.0,0.3000000000000001
833,wuf50-0849.mwcnf,50,218,500,168.99268341064453,False,169072.0,0.0,0.3000000000000001
834,wuf50-085.mwcnf,50,218,285,99.35498261451721,True,201923.0,201923.0,0.3000000000000001
835,wuf50-0850.mwcnf,50,218,500,165.3685221672058,False,164572.0,0.0,0.3000000000000001
836,wuf50-0851.mwcnf,50,218,500,164.0828959941864,False,162909.0,0.0,0.3000000000000001
837,wuf50-0852.mwcnf,50,218,500,167.1954004764557,False,238103.0,0.0,0.3000000000000001
838,wuf50-0853.mwcnf,50,218,500,164.84004664421082,False,210091.0,0.0,0.3000000000000001
839,wuf50-0854.mwcnf,50,218,500,166.2572362422943,False,174373.0,0.0,0.3000000000000001
840,wuf50-0855.mwcnf,50,218,500,165.63247847557068,False,157568.0,0.0,0.3000000000000001
841,wuf50-0856.mwcnf,50,218,500,165.59844160079956,False,227599.0,0.0,0.3000000000000001
842,wuf50-0857.mwcnf,50,218,500,165.49162983894348,False,187916.0,0.0,0.3000000000000001
843,wuf50-0858.mwcnf,50,218,483,159.81548190116882,True,144970.0,144970.0,0.3000000000000001
844,wuf50-0859.mwcnf,50,218,500,164.67606568336487,False,164572.0,0.0,0.3000000000000001
845,wuf50-086.mwcnf,50,218,500,165.69910717010498,False,187676.0,0.0,0.3000000000000001
846,wuf50-0860.mwcnf,50,218,417,136.47813367843628,True,139891.0,139891.0,0.3000000000000001
847,wuf50-0861.mwcnf,50,218,500,165.6825873851776,False,154067.0,0.0,0.3000000000000001
848,wuf50-0862.mwcnf,50,218,500,163.29751300811768,False,175077.0,0.0,0.3000000000000001
849,wuf50-0863.mwcnf,50,218,500,159.06297159194946,False,154067.0,0.0,0.3000000000000001
850,wuf50-0864.mwcnf,50,218,280,91.9828691482544,True,131891.0,131891.0,0.3000000000000001
851,wuf50-0865.mwcnf,50,218,500,162.59111142158508,False,154067.0,0.0,0.3000000000000001
852,wuf50-0866.mwcnf,50,218,500,156.5936312675476,False,174166.0,0.0,0.3000000000000001
853,wuf50-0867.mwcnf,50,218,500,154.6687982082367,False,143564.0,131307.0,0.3000000000000001
854,wuf50-0868.mwcnf,50,218,500,160.6442973613739,False,192585.0,0.0,0.3000000000000001
855,wuf50-0869.mwcnf,50,218,500,155.6740894317627,False,177411.0,0.0,0.3000000000000001
856,wuf50-087.mwcnf,50,218,500,158.3661208152771,False,180328.0,0.0,0.3000000000000001
857,wuf50-0870.mwcnf,50,218,500,155.91440296173096,False,138058.0,0.0,0.3000000000000001
858,wuf50-0871.mwcnf,50,218,56,16.722573280334473,True,185052.0,185052.0,0.3000000000000001
859,wuf50-0872.mwcnf,50,218,500,155.75865149497986,False,173623.0,0.0,0.3000000000000001
860,wuf50-0873.mwcnf,50,218,500,154.8548378944397,False,199586.0,0.0,0.3000000000000001
861,wuf50-0874.mwcnf,50,218,500,154.91126775741577,False,130904.0,0.0,0.3000000000000001
862,wuf50-0875.mwcnf,50,218,500,155.91713976860046,False,182355.0,0.0,0.3000000000000001
863,wuf50-0876.mwcnf,50,218,500,154.1384310722351,False,141279.0,0.0,0.3000000000000001
864,wuf50-0877.mwcnf,50,218,500,151.33967065811157,False,128333.0,122389.0,0.3000000000000001
865,wuf50-0878.mwcnf,50,218,500,155.50830173492432,False,164571.0,0.0,0.3000000000000001
866,wuf50-0879.mwcnf,50,218,500,155.4449450969696,False,175076.0,0.0,0.3000000000000001
867,wuf50-088.mwcnf,50,218,352,108.53020715713501,True,149400.0,149400.0,0.3000000000000001
868,wuf50-0880.mwcnf,50,218,500,154.82364916801453,False,150461.0,0.0,0.3000000000000001
869,wuf50-0881.mwcnf,50,218,500,155.06430101394653,False,155754.0,0.0,0.3000000000000001
870,wuf50-0882.mwcnf,50,218,500,156.57397770881653,False,187581.0,0.0,0.3000000000000001
871,wuf50-0883.mwcnf,50,218,500,150.38633823394775,False,187847.0,181486.0,0.16
872,wuf50-0884.mwcnf,50,218,500,155.2585346698761,False,252109.0,0.0,0.3000000000000001
873,wuf50-0885.mwcnf,50,218,500,162.45262956619263,False,174768.0,0.0,0.3000000000000001
874,wuf50-0886.mwcnf,50,218,260,80.99114680290222,True,182415.0,182415.0,0.3000000000000001
875,wuf50-0887.mwcnf,50,218,500,164.02714133262634,False,191260.0,0.0,0.3000000000000001
876,wuf50-0888.mwcnf,50,218,500,163.51940274238586,False,180182.0,0.0,0.3000000000000001
877,wuf50-0889.mwcnf,50,218,500,164.27559447288513,False,184493.0,0.0,0.3000000000000001
878,wuf50-089.mwcnf,50,218,500,162.6910674571991,False,200759.0,0.0,0.3000000000000001
879,wuf50-0890.mwcnf,50,218,500,161.39321112632751,False,169149.0,0.0,0.3000000000000001
880,wuf50-0891.mwcnf,50,218,46,13.684465885162354,True,172163.0,172163.0,0.2800000000000001
881,wuf50-0892.mwcnf,50,218,500,163.26231455802917,False,168074.0,0.0,0.3000000000000001
882,wuf50-0893.mwcnf,50,218,500,156.97022247314453,False,107828.0,0.0,0.3000000000000001
883,wuf50-0894.mwcnf,50,218,500,155.19608974456787,False,134077.0,0.0,0.3000000000000001
884,wuf50-0895.mwcnf,50,218,500,159.46725368499756,False,208589.0,0.0,0.3000000000000001
885,wuf50-0896.mwcnf,50,218,500,155.37383365631104,False,171575.0,0.0,0.3000000000000001
886,wuf50-0897.mwcnf,50,218,500,154.93177914619446,False,177036.0,0.0,0.3000000000000001
887,wuf50-0898.mwcnf,50,218,373,115.29336786270142,True,163466.0,163466.0,0.3000000000000001
888,wuf50-0899.mwcnf,50,218,500,155.478661775589,False,175072.0,0.0,0.3000000000000001
889,wuf50-09.mwcnf,50,218,357,116.06664991378784,True,153832.0,153832.0,0.3000000000000001
890,wuf50-090.mwcnf,50,218,500,161.41435837745667,False,161594.0,0.0,0.3000000000000001
891,wuf50-0900.mwcnf,50,218,500,157.701269865036,False,170017.0,0.0,0.3000000000000001
892,wuf50-0901.mwcnf,50,218,120,42.24986672401428,True,170337.0,170337.0,0.3000000000000001
893,wuf50-0902.mwcnf,50,218,500,160.43106746673584,False,154067.0,0.0,0.3000000000000001
894,wuf50-0903.mwcnf,50,218,500,161.09831380844116,False,143563.0,0.0,0.3000000000000001
895,wuf50-0904.mwcnf,50,218,500,162.86525011062622,False,183528.0,0.0,0.3000000000000001
896,wuf50-0905.mwcnf,50,218,500,162.64438152313232,False,161069.0,0.0,0.3000000000000001
897,wuf50-0906.mwcnf,50,218,144,49.37725567817688,True,189827.0,189827.0,0.3000000000000001
898,wuf50-0907.mwcnf,50,218,86,26.586482048034668,True,152038.0,152038.0,0.3000000000000001
899,wuf50-0908.mwcnf,50,218,500,161.48154020309448,False,169639.0,0.0,0.3000000000000001
900,wuf50-0909.mwcnf,50,218,145,45.05822682380676,True,134648.0,134648.0,0.3000000000000001
901,wuf50-091.mwcnf,50,218,114,34.0461323261261,True,178568.0,178568.0,0.3000000000000001
902,wuf50-0910.mwcnf,50,218,500,163.28841137886047,False,172740.0,0.0,0.3000000000000001
903,wuf50-0911.mwcnf,50,218,500,163.48594331741333,False,162194.0,0.0,0.3000000000000001
904,wuf50-0912.mwcnf,50,218,500,160.4696867465973,False,153240.0,134007.0,0.3000000000000001
905,wuf50-0913.mwcnf,50,218,500,165.31134796142578,False,155124.0,0.0,0.3000000000000001
906,wuf50-0914.mwcnf,50,218,500,163.42441153526306,False,173795.0,152553.0,0.3000000000000001
907,wuf50-0915.mwcnf,50,218,500,159.43923497200012,False,187308.0,179185.0,0.3000000000000001
908,wuf50-0916.mwcnf,50,218,500,161.35015749931335,False,134073.0,133899.0,0.3000000000000001
909,wuf50-0917.mwcnf,50,218,500,166.0865511894226,False,176613.0,0.0,0.3000000000000001
910,wuf50-0918.mwcnf,50,218,63,19.558570384979248,True,141431.0,141431.0,0.3000000000000001
911,wuf50-0919.mwcnf,50,218,500,164.56465911865234,False,163410.0,0.0,0.3000000000000001
912,wuf50-092.mwcnf,50,218,500,159.67786312103271,False,151763.0,144231.0,0.3000000000000001
913,wuf50-0920.mwcnf,50,218,500,161.67091870307922,False,208392.0,0.0,0.3000000000000001
914,wuf50-0921.mwcnf,50,218,500,155.1035294532776,False,149144.0,0.0,0.3000000000000001
915,wuf50-0922.mwcnf,50,218,500,151.90423679351807,False,140283.0,120857.0,0.3000000000000001
916,wuf50-0923.mwcnf,50,218,500,154.3902702331543,False,199862.0,0.0,0.3000000000000001
917,wuf50-0924.mwcnf,50,218,500,156.1476936340332,False,174270.0,0.0,0.3000000000000001
918,wuf50-0925.mwcnf,50,218,500,149.92190623283386,False,175068.0,167676.0,0.23000000000000007
919,wuf50-0926.mwcnf,50,218,166,50.28738188743591,True,155718.0,155718.0,0.3000000000000001
920,wuf50-0927.mwcnf,50,218,500,154.96177768707275,False,190113.0,0.0,0.3000000000000001
921,wuf50-0928.mwcnf,50,218,500,154.440034866333,False,191332.0,0.0,0.3000000000000001
922,wuf50-0929.mwcnf,50,218,500,155.27059292793274,False,173220.0,0.0,0.3000000000000001
923,wuf50-093.mwcnf,50,218,500,154.43587160110474,False,171831.0,0.0,0.3000000000000001
924,wuf50-0930.mwcnf,50,218,500,154.18766474723816,False,192916.0,0.0,0.3000000000000001
925,wuf50-0931.mwcnf,50,218,500,155.9360704421997,False,196073.0,0.0,0.3000000000000001
926,wuf50-0932.mwcnf,50,218,179,52.977416038513184,True,183702.0,183702.0,0.15
927,wuf50-0933.mwcnf,50,218,500,153.4897985458374,False,185342.0,184268.0,0.3000000000000001
928,wuf50-0934.mwcnf,50,218,500,155.05000352859497,False,197423.0,0.0,0.3000000000000001
929,wuf50-0935.mwcnf,50,218,500,154.94845819473267,False,170261.0,0.0,0.3000000000000001
930,wuf50-0936.mwcnf,50,218,500,149.42288732528687,False,143352.0,141470.0,0.16
931,wuf50-0937.mwcnf,50,218,500,154.8264515399933,False,143179.0,142138.0,0.3000000000000001
932,wuf50-0938.mwcnf,50,218,500,154.67296981811523,False,198165.0,0.0,0.3000000000000001
933,wuf50-0939.mwcnf,50,218,500,155.13885283470154,False,164977.0,0.0,0.3000000000000001
934,wuf50-094.mwcnf,50,218,500,156.64490342140198,False,193768.0,0.0,0.3000000000000001
935,wuf50-0940.mwcnf,50,218,169,51.33345651626587,True,153393.0,153393.0,0.3000000000000001
936,wuf50-0941.mwcnf,50,218,500,155.7766146659851,False,204735.0,0.0,0.3000000000000001
937,wuf50-0942.mwcnf,50,218,500,154.7969319820404,False,190112.0,0.0,0.3000000000000001
938,wuf50-0943.mwcnf,50,218,500,154.52651810646057,False,204736.0,0.0,0.3000000000000001
939,wuf50-0944.mwcnf,50,218,500,161.0570948123932,False,186456.0,0.0,0.3000000000000001
940,wuf50-0945.mwcnf,50,218,500,161.08794474601746,False,193768.0,0.0,0.3000000000000001
941,wuf50-0946.mwcnf,50,218,500,159.0551998615265,False,155990.0,0.0,0.3000000000000001
942,wuf50-0947.mwcnf,50,218,117,40.10488176345825,True,143739.0,143739.0,0.3000000000000001
943,wuf50-0948.mwcnf,50,218,500,165.4257378578186,False,188284.0,0.0,0.3000000000000001
944,wuf50-0949.mwcnf,50,218,500,163.89675998687744,False,171271.0,0.0,0.3000000000000001
945,wuf50-095.mwcnf,50,218,500,156.36144495010376,False,197425.0,0.0,0.3000000000000001
946,wuf50-0950.mwcnf,50,218,500,157.31186962127686,False,168176.0,0.0,0.3000000000000001
947,wuf50-0951.mwcnf,50,218,500,152.2857277393341,False,153793.0,148336.0,0.19000000000000003
948,wuf50-0952.mwcnf,50,218,500,160.02268648147583,False,188769.0,181902.0,0.3000000000000001
949,wuf50-0953.mwcnf,50,218,294,93.5274224281311,True,154320.0,154320.0,0.3000000000000001
950,wuf50-0954.mwcnf,50,218,500,159.50216794013977,False,166220.0,154112.0,0.3000000000000001
951,wuf50-0955.mwcnf,50,218,500,157.88942193984985,False,131695.0,122494.0,0.3000000000000001
952,wuf50-0956.mwcnf,50,218,500,163.24300622940063,False,160939.0,0.0,0.3000000000000001
953,wuf50-0957.mwcnf,50,218,500,166.63395309448242,False,204737.0,0.0,0.3000000000000001
954,wuf50-0958.mwcnf,50,218,500,168.35450911521912,False,187582.0,0.0,0.3000000000000001
955,wuf50-0959.mwcnf,50,218,500,165.90509271621704,False,193434.0,0.0,0.3000000000000001
956,wuf50-096.mwcnf,50,218,140,43.75017714500427,True,188508.0,188508.0,0.3000000000000001
957,wuf50-0960.mwcnf,50,218,500,168.01663899421692,False,201080.0,0.0,0.3000000000000001
958,wuf50-0961.mwcnf,50,218,500,171.4974856376648,False,162430.0,0.0,0.3000000000000001
959,wuf50-0962.mwcnf,50,218,146,51.245267152786255,True,165809.0,165809.0,0.3000000000000001
960,wuf50-0963.mwcnf,50,218,500,164.00161409378052,False,242518.0,0.0,0.3000000000000001
