,Task,numVariables,numClauses,endGeneration,Duration,isSolutionFound,optWeight,bestWeight,maxMutation
0,wuf20-01.mwcnf,20,71,13,0.6501636505126953,True,6829.0,6829.0,0.03
1,wuf20-010.mwcnf,20,71,8,0.3965747356414795,True,15483.0,15483.0,0.02
2,wuf20-0100.mwcnf,20,71,8,0.3918271064758301,True,12434.0,12434.0,0.02
3,wuf20-01000.mwcnf,20,71,7,0.3530442714691162,True,10282.0,10282.0,0.02
4,wuf20-0101.mwcnf,20,71,11,0.5571918487548828,True,11044.0,11044.0,0.02
5,wuf20-0102.mwcnf,20,71,10,0.4932851791381836,True,9439.0,9439.0,0.02
6,wuf20-0103.mwcnf,20,71,9,0.45623159408569336,True,12523.0,12523.0,0.02
7,wuf20-0104.mwcnf,20,71,9,0.45006251335144043,True,11510.0,11510.0,0.02
8,wuf20-0105.mwcnf,20,71,8,0.3883676528930664,True,13978.0,13978.0,0.02
9,wuf20-0106.mwcnf,20,71,9,0.4287242889404297,True,14470.0,14470.0,0.02
10,wuf20-0107.mwcnf,20,71,19,0.9757034778594971,True,12257.0,12257.0,0.04
11,wuf20-0108.mwcnf,20,71,7,0.34807610511779785,True,17614.0,17614.0,0.02
12,wuf20-0109.mwcnf,20,71,13,0.6556730270385742,True,8764.0,8764.0,0.03
13,wuf20-011.mwcnf,20,71,8,0.4049675464630127,True,14178.0,14178.0,0.02
14,wuf20-0110.mwcnf,20,71,9,0.43854236602783203,True,12057.0,12057.0,0.02
15,wuf20-0111.mwcnf,20,71,9,0.44938111305236816,True,14405.0,14405.0,0.02
16,wuf20-0112.mwcnf,20,71,8,0.40538644790649414,True,13535.0,13535.0,0.02
17,wuf20-0113.mwcnf,20,71,17,0.8589537143707275,True,13671.0,13671.0,0.04
18,wuf20-0114.mwcnf,20,71,9,0.4686465263366699,True,15956.0,15956.0,0.02
19,wuf20-0115.mwcnf,20,71,13,0.6721360683441162,True,10171.0,10171.0,0.04
20,wuf20-0116.mwcnf,20,71,7,0.3720560073852539,True,11342.0,11342.0,0.03
21,wuf20-0117.mwcnf,20,71,11,0.6260251998901367,True,14016.0,14016.0,0.02
22,wuf20-0118.mwcnf,20,71,8,0.4813039302825928,True,14176.0,14176.0,0.02
23,wuf20-0119.mwcnf,20,71,9,0.5860121250152588,True,14604.0,14604.0,0.02
24,wuf20-012.mwcnf,20,71,8,0.43645143508911133,True,8987.0,8987.0,0.02
25,wuf20-0120.mwcnf,20,71,5,0.3459653854370117,True,12352.0,12352.0,0.02
26,wuf20-0121.mwcnf,20,71,15,1.0435073375701904,True,14314.0,14314.0,0.03
27,wuf20-0122.mwcnf,20,71,7,0.3898148536682129,True,13131.0,13131.0,0.02
28,wuf20-0123.mwcnf,20,71,10,0.6891849040985107,True,14253.0,14253.0,0.03
29,wuf20-0124.mwcnf,20,71,7,0.5006728172302246,True,14339.0,14339.0,0.02
30,wuf20-0125.mwcnf,20,71,10,0.7990896701812744,True,15155.0,15155.0,0.02
31,wuf20-0126.mwcnf,20,71,7,0.5146956443786621,True,14788.0,14788.0,0.02
32,wuf20-0127.mwcnf,20,71,204,17.814338207244873,True,11909.0,11909.0,0.07
33,wuf20-0128.mwcnf,20,71,8,1.0046515464782715,True,13542.0,13542.0,0.02
34,wuf20-0129.mwcnf,20,71,29,3.300121545791626,True,8053.0,8053.0,0.05
35,wuf20-013.mwcnf,20,71,7,0.7988660335540771,True,11222.0,11222.0,0.02
36,wuf20-0130.mwcnf,20,71,14,1.6334657669067383,True,10251.0,10251.0,0.04
37,wuf20-0131.mwcnf,20,71,8,1.1346309185028076,True,16803.0,16803.0,0.02
38,wuf20-0132.mwcnf,20,71,7,0.8909766674041748,True,14079.0,14079.0,0.02
39,wuf20-0133.mwcnf,20,71,8,1.1436936855316162,True,16724.0,16724.0,0.02
40,wuf20-0134.mwcnf,20,71,500,58.37270402908325,False,11386.0,11370.0,0.07
41,wuf20-0135.mwcnf,20,71,8,0.8456790447235107,True,11671.0,11671.0,0.02
42,wuf20-0136.mwcnf,20,71,9,1.2627558708190918,True,13955.0,13955.0,0.02
43,wuf20-0137.mwcnf,20,71,7,1.330141544342041,True,8964.0,8964.0,0.02
44,wuf20-0138.mwcnf,20,71,9,1.2337453365325928,True,13456.0,13456.0,0.02
45,wuf20-0139.mwcnf,20,71,11,1.5255956649780273,True,10213.0,10213.0,0.03
46,wuf20-014.mwcnf,20,71,9,1.3295767307281494,True,12369.0,12369.0,0.02
47,wuf20-0140.mwcnf,20,71,10,1.4466524124145508,True,15553.0,15553.0,0.03
48,wuf20-0141.mwcnf,20,71,8,1.1404216289520264,True,12231.0,12231.0,0.02
49,wuf20-0142.mwcnf,20,71,9,0.9650332927703857,True,11854.0,11854.0,0.02
50,wuf20-0143.mwcnf,20,71,10,1.046285629272461,True,13666.0,13666.0,0.02
51,wuf20-0144.mwcnf,20,71,9,1.2326750755310059,True,8310.0,8310.0,0.02
52,wuf20-0145.mwcnf,20,71,7,1.0014145374298096,True,13549.0,13549.0,0.02
53,wuf20-0146.mwcnf,20,71,9,1.2393760681152344,True,13414.0,13414.0,0.02
54,wuf20-0147.mwcnf,20,71,9,1.2823188304901123,True,11245.0,11245.0,0.02
55,wuf20-0148.mwcnf,20,71,9,1.1820931434631348,True,14249.0,14249.0,0.02
56,wuf20-0149.mwcnf,20,71,17,1.9241809844970703,True,11858.0,11858.0,0.060000000000000005
57,wuf20-015.mwcnf,20,71,10,1.3675954341888428,True,5445.0,5445.0,0.02
58,wuf20-0150.mwcnf,20,71,24,3.1053102016448975,True,11211.0,11211.0,0.05
59,wuf20-0151.mwcnf,20,71,10,1.186661720275879,True,14399.0,14399.0,0.02
60,wuf20-0152.mwcnf,20,71,9,0.9509844779968262,True,5220.0,5220.0,0.02
61,wuf20-0153.mwcnf,20,71,7,1.0135242938995361,True,5359.0,5359.0,0.02
62,wuf20-0154.mwcnf,20,71,10,1.19769287109375,True,7856.0,7856.0,0.02
63,wuf20-0155.mwcnf,20,71,7,0.887131929397583,True,7803.0,7803.0,0.02
64,wuf20-0156.mwcnf,20,71,9,1.0082728862762451,True,5465.0,5465.0,0.02
65,wuf20-0157.mwcnf,20,71,8,0.7971370220184326,True,5335.0,5335.0,0.02
66,wuf20-0158.mwcnf,20,71,29,3.4583468437194824,True,6286.0,6286.0,0.08
67,wuf20-0159.mwcnf,20,71,10,1.0962941646575928,True,7160.0,7160.0,0.02
68,wuf20-016.mwcnf,20,71,9,1.0090694427490234,True,6864.0,6864.0,0.02
69,wuf20-0160.mwcnf,20,71,8,1.2820851802825928,True,8457.0,8457.0,0.02
70,wuf20-0161.mwcnf,20,71,500,63.52313566207886,False,6708.0,6693.0,0.07
71,wuf20-0162.mwcnf,20,71,8,0.7551367282867432,True,6944.0,6944.0,0.02
72,wuf20-0163.mwcnf,20,71,8,0.8312199115753174,True,7676.0,7676.0,0.02
73,wuf20-0164.mwcnf,20,71,7,0.7333414554595947,True,5630.0,5630.0,0.02
74,wuf20-0165.mwcnf,20,71,7,0.9535515308380127,True,8111.0,8111.0,0.02
75,wuf20-0166.mwcnf,20,71,500,60.42786431312561,False,6441.0,6401.0,0.07
76,wuf20-0167.mwcnf,20,71,11,1.189833402633667,True,7134.0,7134.0,0.03
77,wuf20-0168.mwcnf,20,71,10,1.141042709350586,True,6247.0,6247.0,0.02
78,wuf20-0169.mwcnf,20,71,24,2.559664487838745,True,5124.0,5124.0,0.04
79,wuf20-017.mwcnf,20,71,6,0.610501766204834,True,8074.0,8074.0,0.02
80,wuf20-0170.mwcnf,20,71,9,1.122502326965332,True,7372.0,7372.0,0.02
81,wuf20-0171.mwcnf,20,71,8,0.8355693817138672,True,7927.0,7927.0,0.02
82,wuf20-0172.mwcnf,20,71,11,1.2531280517578125,True,6681.0,6681.0,0.03
83,wuf20-0173.mwcnf,20,71,10,1.033519983291626,True,6695.0,6695.0,0.02
84,wuf20-0174.mwcnf,20,71,11,1.245917797088623,True,6852.0,6852.0,0.02
85,wuf20-0175.mwcnf,20,71,16,1.8024826049804688,True,6080.0,6080.0,0.04
86,wuf20-0176.mwcnf,20,71,500,56.73767638206482,False,4490.0,4463.0,0.060000000000000005
87,wuf20-0177.mwcnf,20,71,11,1.6909945011138916,True,6913.0,6913.0,0.02
88,wuf20-0178.mwcnf,20,71,13,2.205944538116455,True,6173.0,6173.0,0.03
89,wuf20-0179.mwcnf,20,71,7,1.4071683883666992,True,8295.0,8295.0,0.02
90,wuf20-018.mwcnf,20,71,9,1.815471887588501,True,7132.0,7132.0,0.02
91,wuf20-0180.mwcnf,20,71,8,1.174447774887085,True,6966.0,6966.0,0.02
92,wuf20-0181.mwcnf,20,71,9,1.2041454315185547,True,6810.0,6810.0,0.02
93,wuf20-0182.mwcnf,20,71,14,1.9543836116790771,True,5969.0,5969.0,0.060000000000000005
94,wuf20-0183.mwcnf,20,71,500,60.32589507102966,False,4841.0,4721.0,0.07
95,wuf20-0184.mwcnf,20,71,8,1.1263766288757324,True,6448.0,6448.0,0.02
96,wuf20-0185.mwcnf,20,71,7,0.7285687923431396,True,6281.0,6281.0,0.02
97,wuf20-0186.mwcnf,20,71,25,3.8020360469818115,True,7735.0,7735.0,0.04
98,wuf20-0187.mwcnf,20,71,8,1.0469322204589844,True,5479.0,5479.0,0.02
99,wuf20-0188.mwcnf,20,71,10,0.9724140167236328,True,5931.0,5931.0,0.03
100,wuf20-0189.mwcnf,20,71,9,0.9548854827880859,True,6510.0,6510.0,0.02
101,wuf20-019.mwcnf,20,71,9,1.015887975692749,True,6958.0,6958.0,0.02
102,wuf20-0190.mwcnf,20,71,9,1.137282133102417,True,7819.0,7819.0,0.02
103,wuf20-0191.mwcnf,20,71,14,1.5882556438446045,True,7145.0,7145.0,0.03
104,wuf20-0192.mwcnf,20,71,9,1.0745739936828613,True,5465.0,5465.0,0.02
105,wuf20-0193.mwcnf,20,71,13,1.5355641841888428,True,5205.0,5205.0,0.02
106,wuf20-0194.mwcnf,20,71,13,1.375563621520996,True,7043.0,7043.0,0.04
107,wuf20-0195.mwcnf,20,71,11,1.094940423965454,True,7098.0,7098.0,0.03
108,wuf20-0196.mwcnf,20,71,7,0.8248453140258789,True,6707.0,6707.0,0.02
109,wuf20-0197.mwcnf,20,71,500,60.763014793395996,False,5036.0,5010.0,0.060000000000000005
110,wuf20-0198.mwcnf,20,71,6,0.708695650100708,True,7041.0,7041.0,0.02
111,wuf20-0199.mwcnf,20,71,5,0.5662190914154053,True,8312.0,8312.0,0.02
112,wuf20-02.mwcnf,20,71,5,0.6265931129455566,True,3972.0,3972.0,0.02
113,wuf20-020.mwcnf,20,71,6,0.74436354637146,True,7080.0,7080.0,0.02
114,wuf20-0200.mwcnf,20,71,11,1.7446227073669434,True,4661.0,4661.0,0.02
115,wuf20-0201.mwcnf,20,71,9,1.515397310256958,True,5535.0,5535.0,0.02
116,wuf20-0202.mwcnf,20,71,15,2.2667593955993652,True,6519.0,6519.0,0.04
117,wuf20-0203.mwcnf,20,71,10,1.313110113143921,True,6568.0,6568.0,0.02
118,wuf20-0204.mwcnf,20,71,8,0.8449051380157471,True,5941.0,5941.0,0.02
119,wuf20-0205.mwcnf,20,71,9,1.0842375755310059,True,5145.0,5145.0,0.02
120,wuf20-0206.mwcnf,20,71,8,0.8591289520263672,True,8230.0,8230.0,0.02
121,wuf20-0207.mwcnf,20,71,8,1.0101590156555176,True,6141.0,6141.0,0.02
122,wuf20-0208.mwcnf,20,71,8,1.157562017440796,True,7581.0,7581.0,0.03
123,wuf20-0209.mwcnf,20,71,10,1.1743688583374023,True,8301.0,8301.0,0.02
124,wuf20-021.mwcnf,20,71,11,1.261082649230957,True,6638.0,6638.0,0.02
125,wuf20-0210.mwcnf,20,71,20,2.3525755405426025,True,4430.0,4430.0,0.05
126,wuf20-0211.mwcnf,20,71,8,0.984931468963623,True,6654.0,6654.0,0.02
127,wuf20-0212.mwcnf,20,71,10,1.4021694660186768,True,6751.0,6751.0,0.02
128,wuf20-0213.mwcnf,20,71,12,1.3502886295318604,True,5947.0,5947.0,0.02
129,wuf20-0214.mwcnf,20,71,500,64.28092980384827,False,6861.0,6842.0,0.07
130,wuf20-0215.mwcnf,20,71,9,1.2488129138946533,True,7056.0,7056.0,0.02
131,wuf20-0216.mwcnf,20,71,500,58.76646947860718,False,4694.0,4686.0,0.060000000000000005
132,wuf20-0217.mwcnf,20,71,6,0.62813401222229,True,6968.0,6968.0,0.02
133,wuf20-0218.mwcnf,20,71,9,0.8633146286010742,True,5831.0,5831.0,0.02
134,wuf20-0219.mwcnf,20,71,13,1.3818473815917969,True,5775.0,5775.0,0.03
135,wuf20-022.mwcnf,20,71,10,1.152545690536499,True,5787.0,5787.0,0.02
136,wuf20-0220.mwcnf,20,71,11,1.1928131580352783,True,5307.0,5307.0,0.02
137,wuf20-0221.mwcnf,20,71,14,1.7213575839996338,True,7240.0,7240.0,0.04
138,wuf20-0222.mwcnf,20,71,10,1.435553789138794,True,8587.0,8587.0,0.02
139,wuf20-0223.mwcnf,20,71,11,1.1265690326690674,True,7776.0,7776.0,0.02
140,wuf20-0224.mwcnf,20,71,25,3.3812921047210693,True,6324.0,6324.0,0.04
141,wuf20-0225.mwcnf,20,71,12,1.344289779663086,True,5783.0,5783.0,0.04
142,wuf20-0226.mwcnf,20,71,10,1.1629002094268799,True,5883.0,5883.0,0.02
143,wuf20-0227.mwcnf,20,71,10,1.3552594184875488,True,7634.0,7634.0,0.02
144,wuf20-0228.mwcnf,20,71,10,1.1743154525756836,True,6020.0,6020.0,0.02
145,wuf20-0229.mwcnf,20,71,10,1.1343724727630615,True,8000.0,8000.0,0.02
146,wuf20-023.mwcnf,20,71,10,1.1015970706939697,True,6411.0,6411.0,0.02
147,wuf20-0230.mwcnf,20,71,15,2.093822956085205,True,5812.0,5812.0,0.03
148,wuf20-0231.mwcnf,20,71,500,63.47846579551697,False,5182.0,5132.0,0.060000000000000005
149,wuf20-0232.mwcnf,20,71,7,0.8096675872802734,True,6751.0,6751.0,0.02
150,wuf20-0233.mwcnf,20,71,8,1.2112293243408203,True,6577.0,6577.0,0.02
151,wuf20-0234.mwcnf,20,71,8,1.4964079856872559,True,5963.0,5963.0,0.02
152,wuf20-0235.mwcnf,20,71,8,1.0790112018585205,True,8095.0,8095.0,0.02
153,wuf20-0236.mwcnf,20,71,10,1.03837251663208,True,8027.0,8027.0,0.02
154,wuf20-0237.mwcnf,20,71,11,1.3292455673217773,True,5257.0,5257.0,0.02
155,wuf20-0238.mwcnf,20,71,7,0.6890618801116943,True,7129.0,7129.0,0.02
156,wuf20-0239.mwcnf,20,71,11,1.4560489654541016,True,7038.0,7038.0,0.03
157,wuf20-024.mwcnf,20,71,11,1.506333589553833,True,4668.0,4668.0,0.02
158,wuf20-0240.mwcnf,20,71,9,1.1366980075836182,True,6182.0,6182.0,0.02
159,wuf20-0241.mwcnf,20,71,13,1.3989360332489014,True,6257.0,6257.0,0.03
160,wuf20-0242.mwcnf,20,71,7,0.6346316337585449,True,6402.0,6402.0,0.02
161,wuf20-0243.mwcnf,20,71,16,1.849719762802124,True,5288.0,5288.0,0.060000000000000005
162,wuf20-0244.mwcnf,20,71,500,56.518364906311035,False,6164.0,5990.0,0.060000000000000005
163,wuf20-0245.mwcnf,20,71,9,1.1876466274261475,True,4898.0,4898.0,0.02
164,wuf20-0246.mwcnf,20,71,9,0.9296095371246338,True,6057.0,6057.0,0.02
165,wuf20-0247.mwcnf,20,71,13,1.221435546875,True,7792.0,7792.0,0.04
166,wuf20-0248.mwcnf,20,71,8,0.9071998596191406,True,6675.0,6675.0,0.02
167,wuf20-0249.mwcnf,20,71,7,0.7986416816711426,True,6680.0,6680.0,0.02
168,wuf20-025.mwcnf,20,71,10,1.0362040996551514,True,7264.0,7264.0,0.03
169,wuf20-0250.mwcnf,20,71,8,0.8562057018280029,True,8105.0,8105.0,0.02
170,wuf20-0251.mwcnf,20,71,9,1.125969409942627,True,7330.0,7330.0,0.02
171,wuf20-0252.mwcnf,20,71,9,0.9230542182922363,True,5962.0,5962.0,0.02
172,wuf20-0253.mwcnf,20,71,8,0.7628552913665771,True,7535.0,7535.0,0.02
173,wuf20-0254.mwcnf,20,71,7,0.8175580501556396,True,6848.0,6848.0,0.02
174,wuf20-0255.mwcnf,20,71,11,1.0947048664093018,True,6362.0,6362.0,0.02
175,wuf20-0256.mwcnf,20,71,9,1.1887295246124268,True,7556.0,7556.0,0.02
176,wuf20-0257.mwcnf,20,71,9,1.4513475894927979,True,6768.0,6768.0,0.02
177,wuf20-0258.mwcnf,20,71,8,1.1285436153411865,True,7089.0,7089.0,0.02
178,wuf20-0259.mwcnf,20,71,11,1.3075611591339111,True,6628.0,6628.0,0.02
179,wuf20-026.mwcnf,20,71,6,0.6945490837097168,True,6455.0,6455.0,0.02
180,wuf20-0260.mwcnf,20,71,9,1.1999194622039795,True,5911.0,5911.0,0.02
181,wuf20-0261.mwcnf,20,71,9,1.0925662517547607,True,6705.0,6705.0,0.02
182,wuf20-0262.mwcnf,20,71,8,0.8989353179931641,True,6441.0,6441.0,0.02
183,wuf20-0263.mwcnf,20,71,9,1.0045437812805176,True,7760.0,7760.0,0.02
184,wuf20-0264.mwcnf,20,71,7,0.7208480834960938,True,5265.0,5265.0,0.02
185,wuf20-0265.mwcnf,20,71,9,1.0927042961120605,True,8629.0,8629.0,0.02
186,wuf20-0266.mwcnf,20,71,10,1.0945520401000977,True,7684.0,7684.0,0.02
187,wuf20-0267.mwcnf,20,71,8,0.8918051719665527,True,6539.0,6539.0,0.02
188,wuf20-0268.mwcnf,20,71,9,0.9241642951965332,True,7856.0,7856.0,0.03
189,wuf20-0269.mwcnf,20,71,7,0.8116946220397949,True,6075.0,6075.0,0.02
190,wuf20-027.mwcnf,20,71,8,0.7905707359313965,True,6757.0,6757.0,0.02
191,wuf20-0270.mwcnf,20,71,9,1.04483962059021,True,8242.0,8242.0,0.02
192,wuf20-0271.mwcnf,20,71,12,1.5734035968780518,True,6578.0,6578.0,0.03
193,wuf20-0272.mwcnf,20,71,14,1.57869553565979,True,5862.0,5862.0,0.05
194,wuf20-0273.mwcnf,20,71,7,0.8150525093078613,True,6086.0,6086.0,0.02
195,wuf20-0274.mwcnf,20,71,10,1.304203748703003,True,7462.0,7462.0,0.02
196,wuf20-0275.mwcnf,20,71,15,2.3054630756378174,True,5273.0,5273.0,0.03
197,wuf20-0276.mwcnf,20,71,10,1.5471107959747314,True,7056.0,7056.0,0.02
198,wuf20-0277.mwcnf,20,71,9,1.1677818298339844,True,5986.0,5986.0,0.03
199,wuf20-0278.mwcnf,20,71,9,1.193650722503662,True,5300.0,5300.0,0.02
200,wuf20-0279.mwcnf,20,71,15,1.7363648414611816,True,7433.0,7433.0,0.04
201,wuf20-028.mwcnf,20,71,8,0.8616843223571777,True,3576.0,3576.0,0.02
202,wuf20-0280.mwcnf,20,71,10,1.0949523448944092,True,7361.0,7361.0,0.02
203,wuf20-0281.mwcnf,20,71,26,3.9581785202026367,True,6571.0,6571.0,0.060000000000000005
204,wuf20-0282.mwcnf,20,71,8,0.876011848449707,True,6078.0,6078.0,0.02
205,wuf20-0283.mwcnf,20,71,13,1.3552896976470947,True,8001.0,8001.0,0.04
206,wuf20-0284.mwcnf,20,71,11,1.3671462535858154,True,5799.0,5799.0,0.03
207,wuf20-0285.mwcnf,20,71,9,1.0050630569458008,True,5999.0,5999.0,0.02
208,wuf20-0286.mwcnf,20,71,9,0.9885520935058594,True,6094.0,6094.0,0.02
209,wuf20-0287.mwcnf,20,71,9,0.9547514915466309,True,6941.0,6941.0,0.02
210,wuf20-0288.mwcnf,20,71,8,0.8248379230499268,True,6744.0,6744.0,0.02
211,wuf20-0289.mwcnf,20,71,10,0.9895930290222168,True,4181.0,4181.0,0.03
212,wuf20-029.mwcnf,20,71,6,0.627173662185669,True,4129.0,4129.0,0.02
213,wuf20-0290.mwcnf,20,71,10,0.9870476722717285,True,4237.0,4237.0,0.02
214,wuf20-0291.mwcnf,20,71,7,0.9063248634338379,True,6406.0,6406.0,0.02
215,wuf20-0292.mwcnf,20,71,11,1.4203474521636963,True,5155.0,5155.0,0.02
216,wuf20-0293.mwcnf,20,71,9,1.1762893199920654,True,5397.0,5397.0,0.02
217,wuf20-0294.mwcnf,20,71,9,0.9702606201171875,True,5023.0,5023.0,0.02
218,wuf20-0295.mwcnf,20,71,9,0.9960620403289795,True,4262.0,4262.0,0.02
219,wuf20-0296.mwcnf,20,71,8,0.8480842113494873,True,4387.0,4387.0,0.02
220,wuf20-0297.mwcnf,20,71,10,1.2411034107208252,True,3251.0,3251.0,0.02
221,wuf20-0298.mwcnf,20,71,8,0.9575252532958984,True,5014.0,5014.0,0.02
222,wuf20-0299.mwcnf,20,71,17,1.9748246669769287,True,3700.0,3700.0,0.05
223,wuf20-03.mwcnf,20,71,10,1.1380400657653809,True,4933.0,4933.0,0.02
224,wuf20-030.mwcnf,20,71,9,1.2356133460998535,True,5042.0,5042.0,0.02
225,wuf20-0300.mwcnf,20,71,14,1.4377775192260742,True,5311.0,5311.0,0.060000000000000005
226,wuf20-0301.mwcnf,20,71,7,0.8675880432128906,True,5283.0,5283.0,0.02
227,wuf20-0302.mwcnf,20,71,11,1.2352039813995361,True,5525.0,5525.0,0.02
228,wuf20-0303.mwcnf,20,71,8,1.0880696773529053,True,3815.0,3815.0,0.02
229,wuf20-0304.mwcnf,20,71,24,2.7127974033355713,True,3805.0,3805.0,0.05
230,wuf20-0305.mwcnf,20,71,14,1.4249753952026367,True,5054.0,5054.0,0.03
231,wuf20-0306.mwcnf,20,71,8,1.013472318649292,True,3646.0,3646.0,0.02
232,wuf20-0307.mwcnf,20,71,16,1.8472657203674316,True,5520.0,5520.0,0.05
233,wuf20-0308.mwcnf,20,71,500,57.304314613342285,False,4776.0,4630.0,0.09
234,wuf20-0309.mwcnf,20,71,6,0.6050453186035156,True,4145.0,4145.0,0.02
235,wuf20-031.mwcnf,20,71,10,1.0064706802368164,True,4014.0,4014.0,0.02
236,wuf20-0310.mwcnf,20,71,20,2.022963047027588,True,4286.0,4286.0,0.03
237,wuf20-0311.mwcnf,20,71,9,1.1390180587768555,True,5111.0,5111.0,0.02
238,wuf20-0312.mwcnf,20,71,8,0.830352783203125,True,4207.0,4207.0,0.02
239,wuf20-0313.mwcnf,20,71,8,0.985999345779419,True,3943.0,3943.0,0.02
240,wuf20-0314.mwcnf,20,71,9,0.9063940048217773,True,5262.0,5262.0,0.02
241,wuf20-0315.mwcnf,20,71,11,1.262744665145874,True,5293.0,5293.0,0.02
242,wuf20-0316.mwcnf,20,71,8,0.7861645221710205,True,3248.0,3248.0,0.02
243,wuf20-0317.mwcnf,20,71,22,2.816504955291748,True,3828.0,3828.0,0.04
244,wuf20-0318.mwcnf,20,71,9,1.3438622951507568,True,5764.0,5764.0,0.02
245,wuf20-0319.mwcnf,20,71,8,1.201829195022583,True,5760.0,5760.0,0.02
246,wuf20-032.mwcnf,20,71,9,1.1475167274475098,True,5260.0,5260.0,0.02
247,wuf20-0320.mwcnf,20,71,9,0.9867973327636719,True,5066.0,5066.0,0.03
248,wuf20-0321.mwcnf,20,71,10,0.9821312427520752,True,4123.0,4123.0,0.03
249,wuf20-0322.mwcnf,20,71,12,1.2903950214385986,True,4677.0,4677.0,0.02
250,wuf20-0323.mwcnf,20,71,68,7.407716512680054,True,3089.0,3089.0,0.05
251,wuf20-0324.mwcnf,20,71,7,0.9468784332275391,True,4374.0,4374.0,0.02
252,wuf20-0325.mwcnf,20,71,18,2.629425048828125,True,5631.0,5631.0,0.04
253,wuf20-0326.mwcnf,20,71,7,0.7025072574615479,True,4554.0,4554.0,0.02
254,wuf20-0327.mwcnf,20,71,19,2.17431902885437,True,4580.0,4580.0,0.04
255,wuf20-0328.mwcnf,20,71,9,1.0504400730133057,True,4221.0,4221.0,0.02
256,wuf20-0329.mwcnf,20,71,11,1.235504388809204,True,3652.0,3652.0,0.03
257,wuf20-033.mwcnf,20,71,500,59.56740736961365,False,3524.0,3490.0,0.060000000000000005
258,wuf20-0330.mwcnf,20,71,16,1.9568583965301514,True,3225.0,3225.0,0.04
259,wuf20-0331.mwcnf,20,71,9,1.0407640933990479,True,4787.0,4787.0,0.02
260,wuf20-0332.mwcnf,20,71,8,0.9106004238128662,True,4009.0,4009.0,0.02
261,wuf20-0333.mwcnf,20,71,8,0.8913888931274414,True,5200.0,5200.0,0.02
262,wuf20-0334.mwcnf,20,71,12,1.360990285873413,True,3296.0,3296.0,0.02
263,wuf20-0335.mwcnf,20,71,8,0.9819676876068115,True,4642.0,4642.0,0.02
264,wuf20-0336.mwcnf,20,71,8,0.8887636661529541,True,3310.0,3310.0,0.02
265,wuf20-0337.mwcnf,20,71,13,1.6156682968139648,True,4410.0,4410.0,0.03
266,wuf20-0338.mwcnf,20,71,500,57.409618854522705,False,4309.0,4280.0,0.060000000000000005
267,wuf20-0339.mwcnf,20,71,12,1.5658652782440186,True,5855.0,5855.0,0.03
268,wuf20-034.mwcnf,20,71,9,1.1258573532104492,True,5154.0,5154.0,0.02
269,wuf20-0340.mwcnf,20,71,8,0.8571176528930664,True,5414.0,5414.0,0.02
270,wuf20-0341.mwcnf,20,71,7,0.9425845146179199,True,5498.0,5498.0,0.02
271,wuf20-0342.mwcnf,20,71,500,61.15965414047241,False,4908.0,4897.0,0.07
272,wuf20-0343.mwcnf,20,71,8,1.1898574829101562,True,4395.0,4395.0,0.02
273,wuf20-0344.mwcnf,20,71,9,1.093656063079834,True,4579.0,4579.0,0.02
274,wuf20-0345.mwcnf,20,71,7,0.6648285388946533,True,4810.0,4810.0,0.02
275,wuf20-0346.mwcnf,20,71,11,1.0855557918548584,True,4641.0,4641.0,0.03
276,wuf20-0347.mwcnf,20,71,9,0.9557619094848633,True,5276.0,5276.0,0.02
277,wuf20-0348.mwcnf,20,71,12,1.3178021907806396,True,5704.0,5704.0,0.04
278,wuf20-0349.mwcnf,20,71,9,0.9481797218322754,True,3741.0,3741.0,0.02
279,wuf20-035.mwcnf,20,71,11,1.1897497177124023,True,5420.0,5420.0,0.02
280,wuf20-0350.mwcnf,20,71,11,0.9649219512939453,True,3460.0,3460.0,0.02
281,wuf20-0351.mwcnf,20,71,25,2.908362627029419,True,5369.0,5369.0,0.04
282,wuf20-0352.mwcnf,20,71,7,0.704660177230835,True,4685.0,4685.0,0.02
283,wuf20-0353.mwcnf,20,71,8,1.0484285354614258,True,5983.0,5983.0,0.02
284,wuf20-0354.mwcnf,20,71,9,1.0951921939849854,True,3912.0,3912.0,0.02
285,wuf20-0355.mwcnf,20,71,11,1.1894066333770752,True,5491.0,5491.0,0.02
286,wuf20-0356.mwcnf,20,71,7,0.7202789783477783,True,5825.0,5825.0,0.02
287,wuf20-0357.mwcnf,20,71,10,1.1666598320007324,True,4708.0,4708.0,0.02
288,wuf20-0358.mwcnf,20,71,9,0.9961657524108887,True,5898.0,5898.0,0.02
289,wuf20-0359.mwcnf,20,71,10,1.2523059844970703,True,3699.0,3699.0,0.02
290,wuf20-036.mwcnf,20,71,10,1.1898243427276611,True,5031.0,5031.0,0.03
291,wuf20-0360.mwcnf,20,71,9,0.9396648406982422,True,4316.0,4316.0,0.02
292,wuf20-0361.mwcnf,20,71,6,0.6553585529327393,True,5078.0,5078.0,0.02
293,wuf20-0362.mwcnf,20,71,8,0.8713884353637695,True,3860.0,3860.0,0.02
294,wuf20-0363.mwcnf,20,71,6,0.8570659160614014,True,5853.0,5853.0,0.02
295,wuf20-0364.mwcnf,20,71,14,2.0794596672058105,True,4268.0,4268.0,0.03
296,wuf20-0365.mwcnf,20,71,9,0.972027063369751,True,3943.0,3943.0,0.02
297,wuf20-0366.mwcnf,20,71,7,0.7822210788726807,True,4852.0,4852.0,0.02
298,wuf20-0367.mwcnf,20,71,8,0.8122437000274658,True,4155.0,4155.0,0.02
299,wuf20-0368.mwcnf,20,71,13,1.68928861618042,True,5079.0,5079.0,0.03
300,wuf20-0369.mwcnf,20,71,8,0.7803826332092285,True,4687.0,4687.0,0.02
301,wuf20-037.mwcnf,20,71,8,0.8441534042358398,True,5009.0,5009.0,0.02
302,wuf20-0370.mwcnf,20,71,10,1.1458995342254639,True,3559.0,3559.0,0.02
303,wuf20-0371.mwcnf,20,71,9,1.0136842727661133,True,4718.0,4718.0,0.02
304,wuf20-0372.mwcnf,20,71,9,1.0665278434753418,True,4199.0,4199.0,0.02
305,wuf20-0373.mwcnf,20,71,8,0.9703173637390137,True,3775.0,3775.0,0.02
306,wuf20-0374.mwcnf,20,71,10,1.3587894439697266,True,3683.0,3683.0,0.02
307,wuf20-0375.mwcnf,20,71,11,1.0893547534942627,True,3603.0,3603.0,0.02
308,wuf20-0376.mwcnf,20,71,11,1.4283483028411865,True,4721.0,4721.0,0.03
309,wuf20-0377.mwcnf,20,71,11,1.1736652851104736,True,6103.0,6103.0,0.03
310,wuf20-0378.mwcnf,20,71,11,1.205434799194336,True,4925.0,4925.0,0.02
311,wuf20-0379.mwcnf,20,71,5,0.4948275089263916,True,5269.0,5269.0,0.02
312,wuf20-038.mwcnf,20,71,6,0.6844172477722168,True,4078.0,4078.0,0.02
313,wuf20-0380.mwcnf,20,71,8,1.1470868587493896,True,4184.0,4184.0,0.02
314,wuf20-0381.mwcnf,20,71,9,1.3477392196655273,True,5332.0,5332.0,0.02
315,wuf20-0382.mwcnf,20,71,9,1.2100818157196045,True,4224.0,4224.0,0.02
316,wuf20-0383.mwcnf,20,71,8,1.0887835025787354,True,3913.0,3913.0,0.02
317,wuf20-0384.mwcnf,20,71,8,0.8354587554931641,True,4574.0,4574.0,0.02
318,wuf20-0385.mwcnf,20,71,4,0.43681859970092773,True,4487.0,4487.0,0.02
319,wuf20-0386.mwcnf,20,71,7,0.886451005935669,True,5710.0,5710.0,0.02
320,wuf20-0387.mwcnf,20,71,8,1.032541036605835,True,4197.0,4197.0,0.02
321,wuf20-0388.mwcnf,20,71,7,0.8224923610687256,True,4950.0,4950.0,0.02
322,wuf20-0389.mwcnf,20,71,7,0.8027811050415039,True,4537.0,4537.0,0.02
323,wuf20-039.mwcnf,20,71,8,1.172795057296753,True,4366.0,4366.0,0.02
324,wuf20-0390.mwcnf,20,71,9,1.5593485832214355,True,4737.0,4737.0,0.02
325,wuf20-0391.mwcnf,20,71,9,1.0885851383209229,True,4831.0,4831.0,0.02
326,wuf20-0392.mwcnf,20,71,8,1.0672314167022705,True,4876.0,4876.0,0.02
327,wuf20-0393.mwcnf,20,71,8,0.797701358795166,True,5241.0,5241.0,0.02
328,wuf20-0394.mwcnf,20,71,8,0.7917075157165527,True,3545.0,3545.0,0.02
329,wuf20-0395.mwcnf,20,71,8,0.9679598808288574,True,5888.0,5888.0,0.02
330,wuf20-0396.mwcnf,20,71,18,1.9806208610534668,True,4307.0,4307.0,0.03
331,wuf20-0397.mwcnf,20,71,10,1.1537721157073975,True,3809.0,3809.0,0.02
332,wuf20-0398.mwcnf,20,71,8,1.0832533836364746,True,5578.0,5578.0,0.02
333,wuf20-0399.mwcnf,20,71,9,1.0955843925476074,True,4632.0,4632.0,0.02
334,wuf20-04.mwcnf,20,71,7,0.7953605651855469,True,7057.0,7057.0,0.02
335,wuf20-040.mwcnf,20,71,10,1.0529024600982666,True,4060.0,4060.0,0.02
336,wuf20-0400.mwcnf,20,71,11,1.142378330230713,True,5173.0,5173.0,0.03
337,wuf20-0401.mwcnf,20,71,9,1.299583911895752,True,5761.0,5761.0,0.02
338,wuf20-0402.mwcnf,20,71,11,1.3609404563903809,True,3263.0,3263.0,0.02
339,wuf20-0403.mwcnf,20,71,6,0.6577966213226318,True,5765.0,5765.0,0.02
340,wuf20-0404.mwcnf,20,71,500,57.28538727760315,False,3934.0,3880.0,0.08
341,wuf20-0405.mwcnf,20,71,318,40.00373983383179,True,3205.0,3205.0,0.07
342,wuf20-0406.mwcnf,20,71,8,0.9926414489746094,True,5128.0,5128.0,0.02
343,wuf20-0407.mwcnf,20,71,9,0.919405460357666,True,4977.0,4977.0,0.02
344,wuf20-0408.mwcnf,20,71,9,1.019336223602295,True,6134.0,6134.0,0.02
345,wuf20-0409.mwcnf,20,71,10,1.3262252807617188,True,3603.0,3603.0,0.02
346,wuf20-041.mwcnf,20,71,7,0.8853614330291748,True,5558.0,5558.0,0.02
347,wuf20-0410.mwcnf,20,71,10,1.2121107578277588,True,5773.0,5773.0,0.02
348,wuf20-0411.mwcnf,20,71,8,0.9708313941955566,True,5738.0,5738.0,0.02
349,wuf20-0412.mwcnf,20,71,6,0.5477066040039062,True,4964.0,4964.0,0.02
350,wuf20-0413.mwcnf,20,71,6,0.6577224731445312,True,5866.0,5866.0,0.02
351,wuf20-0414.mwcnf,20,71,9,0.9898746013641357,True,5556.0,5556.0,0.02
352,wuf20-0415.mwcnf,20,71,11,1.2261216640472412,True,3390.0,3390.0,0.02
353,wuf20-0416.mwcnf,20,71,9,1.0015978813171387,True,5302.0,5302.0,0.02
354,wuf20-0417.mwcnf,20,71,22,2.293531894683838,True,5140.0,5140.0,0.060000000000000005
355,wuf20-0418.mwcnf,20,71,8,1.0328974723815918,True,5102.0,5102.0,0.02
356,wuf20-0419.mwcnf,20,71,12,1.3563871383666992,True,3942.0,3942.0,0.02
357,wuf20-042.mwcnf,20,71,9,1.1557812690734863,True,7640.0,7640.0,0.02
358,wuf20-0420.mwcnf,20,71,11,1.2348613739013672,True,4966.0,4966.0,0.02
359,wuf20-0421.mwcnf,20,71,15,1.6273396015167236,True,3653.0,3653.0,0.04
360,wuf20-0422.mwcnf,20,71,10,1.1269125938415527,True,10135.0,10135.0,0.02
361,wuf20-0423.mwcnf,20,71,9,0.9231040477752686,True,6790.0,6790.0,0.02
362,wuf20-0424.mwcnf,20,71,9,1.1136119365692139,True,7319.0,7319.0,0.02
363,wuf20-0425.mwcnf,20,71,12,1.4924015998840332,True,7378.0,7378.0,0.04
364,wuf20-0426.mwcnf,20,71,9,1.1621224880218506,True,7379.0,7379.0,0.02
365,wuf20-0427.mwcnf,20,71,9,1.0005555152893066,True,6921.0,6921.0,0.03
366,wuf20-0428.mwcnf,20,71,5,0.5793397426605225,True,5899.0,5899.0,0.02
367,wuf20-0429.mwcnf,20,71,8,0.8014800548553467,True,9554.0,9554.0,0.02
368,wuf20-043.mwcnf,20,71,7,0.762798547744751,True,6359.0,6359.0,0.02
369,wuf20-0430.mwcnf,20,71,12,1.2916383743286133,True,6251.0,6251.0,0.04
370,wuf20-0431.mwcnf,20,71,8,0.8511147499084473,True,7864.0,7864.0,0.02
371,wuf20-0432.mwcnf,20,71,8,0.9416649341583252,True,7973.0,7973.0,0.02
372,wuf20-0433.mwcnf,20,71,9,1.1001758575439453,True,6870.0,6870.0,0.02
373,wuf20-0434.mwcnf,20,71,15,1.8839664459228516,True,7968.0,7968.0,0.05
374,wuf20-0435.mwcnf,20,71,11,1.0833947658538818,True,7684.0,7684.0,0.02
375,wuf20-0436.mwcnf,20,71,10,0.967073917388916,True,8221.0,8221.0,0.03
376,wuf20-0437.mwcnf,20,71,9,0.9532361030578613,True,6110.0,6110.0,0.02
377,wuf20-0438.mwcnf,20,71,16,1.9180943965911865,True,6738.0,6738.0,0.04
378,wuf20-0439.mwcnf,20,71,11,1.216684103012085,True,7734.0,7734.0,0.03
379,wuf20-044.mwcnf,20,71,7,0.7904191017150879,True,6496.0,6496.0,0.02
380,wuf20-0440.mwcnf,20,71,10,1.0443897247314453,True,5863.0,5863.0,0.02
381,wuf20-0441.mwcnf,20,71,10,1.0826218128204346,True,8118.0,8118.0,0.02
382,wuf20-0442.mwcnf,20,71,8,0.8963718414306641,True,6006.0,6006.0,0.02
383,wuf20-0443.mwcnf,20,71,9,0.9429330825805664,True,7038.0,7038.0,0.02
384,wuf20-0444.mwcnf,20,71,9,1.016117811203003,True,6988.0,6988.0,0.02
385,wuf20-0445.mwcnf,20,71,8,0.8707020282745361,True,7081.0,7081.0,0.02
386,wuf20-0446.mwcnf,20,71,9,0.9361522197723389,True,7101.0,7101.0,0.02
387,wuf20-0447.mwcnf,20,71,20,2.3010408878326416,True,7546.0,7546.0,0.03
388,wuf20-0448.mwcnf,20,71,3,0.32916784286499023,True,9990.0,9990.0,0.02
389,wuf20-0449.mwcnf,20,71,8,0.9226350784301758,True,7991.0,7991.0,0.02
390,wuf20-045.mwcnf,20,71,16,1.736191987991333,True,7391.0,7391.0,0.03
391,wuf20-0450.mwcnf,20,71,9,1.1950602531433105,True,5882.0,5882.0,0.03
392,wuf20-0451.mwcnf,20,71,7,0.7757964134216309,True,7709.0,7709.0,0.02
393,wuf20-0452.mwcnf,20,71,8,1.2421190738677979,True,6759.0,6759.0,0.02
394,wuf20-0453.mwcnf,20,71,4,0.8514273166656494,True,6568.0,6568.0,0.02
395,wuf20-0454.mwcnf,20,71,11,1.283778190612793,True,7794.0,7794.0,0.02
396,wuf20-0455.mwcnf,20,71,9,1.001133918762207,True,7292.0,7292.0,0.02
397,wuf20-0456.mwcnf,20,71,11,1.1269152164459229,True,8576.0,8576.0,0.03
398,wuf20-0457.mwcnf,20,71,16,1.546903133392334,True,7549.0,7549.0,0.03
399,wuf20-0458.mwcnf,20,71,13,2.068758010864258,True,7529.0,7529.0,0.03
400,wuf20-0459.mwcnf,20,71,9,1.7636799812316895,True,6439.0,6439.0,0.02
401,wuf20-046.mwcnf,20,71,7,0.966771125793457,True,7346.0,7346.0,0.02
402,wuf20-0460.mwcnf,20,71,9,1.1898808479309082,True,8349.0,8349.0,0.02
403,wuf20-0461.mwcnf,20,71,8,1.2474443912506104,True,8624.0,8624.0,0.02
404,wuf20-0462.mwcnf,20,71,11,1.7704219818115234,True,9990.0,9990.0,0.02
405,wuf20-0463.mwcnf,20,71,6,1.0464580059051514,True,7062.0,7062.0,0.02
406,wuf20-0464.mwcnf,20,71,10,1.402526617050171,True,6027.0,6027.0,0.03
407,wuf20-0465.mwcnf,20,71,6,0.7927048206329346,True,7467.0,7467.0,0.02
408,wuf20-0466.mwcnf,20,71,14,1.8779795169830322,True,5890.0,5890.0,0.03
409,wuf20-0467.mwcnf,20,71,17,2.2816436290740967,True,6771.0,6771.0,0.04
410,wuf20-0468.mwcnf,20,71,11,1.551966667175293,True,6767.0,6767.0,0.03
411,wuf20-0469.mwcnf,20,71,8,1.1073029041290283,True,6647.0,6647.0,0.02
412,wuf20-047.mwcnf,20,71,9,1.3004398345947266,True,8417.0,8417.0,0.02
413,wuf20-0470.mwcnf,20,71,6,0.7575557231903076,True,7966.0,7966.0,0.02
414,wuf20-0471.mwcnf,20,71,7,0.8303472995758057,True,7404.0,7404.0,0.02
415,wuf20-0472.mwcnf,20,71,9,1.3233749866485596,True,9220.0,9220.0,0.02
416,wuf20-0473.mwcnf,20,71,7,0.9291377067565918,True,8652.0,8652.0,0.02
417,wuf20-0474.mwcnf,20,71,7,0.7734453678131104,True,8048.0,8048.0,0.02
418,wuf20-0475.mwcnf,20,71,9,1.1688358783721924,True,7706.0,7706.0,0.02
419,wuf20-0476.mwcnf,20,71,9,1.0548768043518066,True,8800.0,8800.0,0.02
420,wuf20-0477.mwcnf,20,71,7,0.8636806011199951,True,7827.0,7827.0,0.02
421,wuf20-0478.mwcnf,20,71,7,0.9199140071868896,True,7942.0,7942.0,0.02
422,wuf20-0479.mwcnf,20,71,9,0.9860286712646484,True,7074.0,7074.0,0.02
423,wuf20-048.mwcnf,20,71,9,0.9803383350372314,True,8917.0,8917.0,0.02
424,wuf20-0480.mwcnf,20,71,10,1.1949105262756348,True,8912.0,8912.0,0.02
425,wuf20-0481.mwcnf,20,71,6,0.6105029582977295,True,8408.0,8408.0,0.02
426,wuf20-0482.mwcnf,20,71,11,1.2662811279296875,True,6989.0,6989.0,0.02
427,wuf20-0483.mwcnf,20,71,11,1.2784545421600342,True,7712.0,7712.0,0.02
428,wuf20-0484.mwcnf,20,71,10,1.1447885036468506,True,6637.0,6637.0,0.02
429,wuf20-0485.mwcnf,20,71,86,9.918251752853394,True,7090.0,7090.0,0.060000000000000005
430,wuf20-0486.mwcnf,20,71,22,2.341543436050415,True,5988.0,5988.0,0.04
431,wuf20-0487.mwcnf,20,71,7,0.8526132106781006,True,9343.0,9343.0,0.02
432,wuf20-0488.mwcnf,20,71,10,1.3528048992156982,True,8934.0,8934.0,0.02
433,wuf20-0489.mwcnf,20,71,45,5.804119348526001,True,8943.0,8943.0,0.05
434,wuf20-049.mwcnf,20,71,17,2.2475874423980713,True,7986.0,7986.0,0.05
435,wuf20-0490.mwcnf,20,71,7,0.927842378616333,True,9621.0,9621.0,0.02
436,wuf20-0491.mwcnf,20,71,11,1.1716978549957275,True,9175.0,9175.0,0.02
437,wuf20-0492.mwcnf,20,71,15,1.7047834396362305,True,8001.0,8001.0,0.04
438,wuf20-0493.mwcnf,20,71,12,1.3442182540893555,True,7563.0,7563.0,0.03
439,wuf20-0494.mwcnf,20,71,12,1.2673451900482178,True,8506.0,8506.0,0.04
440,wuf20-0495.mwcnf,20,71,7,0.640601396560669,True,6767.0,6767.0,0.02
441,wuf20-0496.mwcnf,20,71,6,0.6951427459716797,True,8473.0,8473.0,0.02
442,wuf20-0497.mwcnf,20,71,9,0.9431817531585693,True,5368.0,5368.0,0.02
443,wuf20-0498.mwcnf,20,71,10,0.9822769165039062,True,8045.0,8045.0,0.02
444,wuf20-0499.mwcnf,20,71,14,1.787440538406372,True,9915.0,9915.0,0.04
445,wuf20-05.mwcnf,20,71,9,1.1927917003631592,True,7095.0,7095.0,0.02
446,wuf20-050.mwcnf,20,71,6,0.6366469860076904,True,6908.0,6908.0,0.02
447,wuf20-0500.mwcnf,20,71,18,2.080770492553711,True,5805.0,5805.0,0.04
448,wuf20-0501.mwcnf,20,71,8,0.865776777267456,True,8236.0,8236.0,0.02
449,wuf20-0502.mwcnf,20,71,11,1.3987820148468018,True,8344.0,8344.0,0.03
450,wuf20-0503.mwcnf,20,71,16,1.9853668212890625,True,6319.0,6319.0,0.04
451,wuf20-0504.mwcnf,20,71,15,1.703049898147583,True,7058.0,7058.0,0.04
452,wuf20-0505.mwcnf,20,71,16,1.6923737525939941,True,7609.0,7609.0,0.03
453,wuf20-0506.mwcnf,20,71,8,0.9689247608184814,True,9467.0,9467.0,0.02
454,wuf20-0507.mwcnf,20,71,7,0.7342441082000732,True,6323.0,6323.0,0.02
455,wuf20-0508.mwcnf,20,71,7,0.7756359577178955,True,5802.0,5802.0,0.02
456,wuf20-0509.mwcnf,20,71,12,1.2416861057281494,True,6811.0,6811.0,0.03
457,wuf20-051.mwcnf,20,71,12,1.584214210510254,True,8338.0,8338.0,0.03
458,wuf20-0510.mwcnf,20,71,9,1.037919521331787,True,6614.0,6614.0,0.02
459,wuf20-0511.mwcnf,20,71,7,0.8144629001617432,True,8242.0,8242.0,0.02
460,wuf20-0512.mwcnf,20,71,10,1.094679832458496,True,6786.0,6786.0,0.02
461,wuf20-0513.mwcnf,20,71,12,1.2516167163848877,True,6831.0,6831.0,0.02
462,wuf20-0514.mwcnf,20,71,8,0.8401257991790771,True,8740.0,8740.0,0.02
463,wuf20-0515.mwcnf,20,71,9,1.0136187076568604,True,7646.0,7646.0,0.02
464,wuf20-0516.mwcnf,20,71,16,1.7051000595092773,True,8660.0,8660.0,0.07
465,wuf20-0517.mwcnf,20,71,6,0.5792398452758789,True,8218.0,8218.0,0.02
466,wuf20-0518.mwcnf,20,71,13,1.476109266281128,True,7954.0,7954.0,0.04
467,wuf20-0519.mwcnf,20,71,8,1.0043456554412842,True,7688.0,7688.0,0.02
468,wuf20-052.mwcnf,20,71,7,0.6702542304992676,True,9395.0,9395.0,0.02
469,wuf20-0520.mwcnf,20,71,9,1.0805659294128418,True,8450.0,8450.0,0.02
470,wuf20-0521.mwcnf,20,71,24,2.735285520553589,True,6453.0,6453.0,0.05
471,wuf20-0522.mwcnf,20,71,17,1.8632919788360596,True,7712.0,7712.0,0.04
472,wuf20-0523.mwcnf,20,71,8,0.7578961849212646,True,8261.0,8261.0,0.02
473,wuf20-0524.mwcnf,20,71,8,0.9300570487976074,True,7474.0,7474.0,0.02
474,wuf20-0525.mwcnf,20,71,17,1.606086254119873,True,7498.0,7498.0,0.04
475,wuf20-0526.mwcnf,20,71,8,0.8822286128997803,True,7950.0,7950.0,0.03
476,wuf20-0527.mwcnf,20,71,9,1.2065372467041016,True,9095.0,9095.0,0.02
477,wuf20-0528.mwcnf,20,71,12,1.2747397422790527,True,7475.0,7475.0,0.03
478,wuf20-0529.mwcnf,20,71,16,1.9704484939575195,True,9096.0,9096.0,0.04
479,wuf20-053.mwcnf,20,71,12,1.5205714702606201,True,9387.0,9387.0,0.03
480,wuf20-0530.mwcnf,20,71,8,1.51582670211792,True,7743.0,7743.0,0.02
481,wuf20-0531.mwcnf,20,71,10,1.064408540725708,True,8634.0,8634.0,0.03
482,wuf20-0532.mwcnf,20,71,8,0.7928431034088135,True,6423.0,6423.0,0.02
483,wuf20-0533.mwcnf,20,71,11,1.832998275756836,True,8594.0,8594.0,0.02
484,wuf20-0534.mwcnf,20,71,7,1.017181634902954,True,8468.0,8468.0,0.02
485,wuf20-0535.mwcnf,20,71,11,1.454023838043213,True,5027.0,5027.0,0.02
486,wuf20-0536.mwcnf,20,71,14,1.4383718967437744,True,7128.0,7128.0,0.02
487,wuf20-0537.mwcnf,20,71,10,1.0248420238494873,True,8443.0,8443.0,0.02
488,wuf20-0538.mwcnf,20,71,9,1.0740063190460205,True,7120.0,7120.0,0.02
489,wuf20-0539.mwcnf,20,71,8,0.9103753566741943,True,7592.0,7592.0,0.02
490,wuf20-054.mwcnf,20,71,13,1.4102656841278076,True,6183.0,6183.0,0.02
491,wuf20-0540.mwcnf,20,71,9,0.8761060237884521,True,6870.0,6870.0,0.02
492,wuf20-0541.mwcnf,20,71,13,1.497758150100708,True,6484.0,6484.0,0.02
493,wuf20-0542.mwcnf,20,71,11,1.2246909141540527,True,8368.0,8368.0,0.02
494,wuf20-0543.mwcnf,20,71,7,1.049072027206421,True,8571.0,8571.0,0.02
495,wuf20-0544.mwcnf,20,71,9,1.0448007583618164,True,7577.0,7577.0,0.02
496,wuf20-0545.mwcnf,20,71,10,1.0292909145355225,True,8260.0,8260.0,0.02
497,wuf20-0546.mwcnf,20,71,9,0.97906494140625,True,7075.0,7075.0,0.02
498,wuf20-0547.mwcnf,20,71,19,2.4852285385131836,True,8059.0,8059.0,0.05
499,wuf20-0548.mwcnf,20,71,12,1.4491572380065918,True,6276.0,6276.0,0.02
500,wuf20-0549.mwcnf,20,71,10,1.1413233280181885,True,7061.0,7061.0,0.02
501,wuf20-055.mwcnf,20,71,11,1.2205815315246582,True,7535.0,7535.0,0.02
502,wuf20-0550.mwcnf,20,71,10,1.1857166290283203,True,8065.0,8065.0,0.02
503,wuf20-0551.mwcnf,20,71,7,1.1450440883636475,True,7001.0,7001.0,0.02
504,wuf20-0552.mwcnf,20,71,8,1.0110852718353271,True,8811.0,8811.0,0.02
505,wuf20-0553.mwcnf,20,71,9,1.122448444366455,True,5892.0,5892.0,0.02
506,wuf20-0554.mwcnf,20,71,6,0.8167197704315186,True,10504.0,10504.0,0.02
507,wuf20-0555.mwcnf,20,71,9,1.2210595607757568,True,7839.0,7839.0,0.02
508,wuf20-0556.mwcnf,20,71,16,1.9214613437652588,True,9610.0,9610.0,0.05
509,wuf20-0557.mwcnf,20,71,8,1.0047144889831543,True,5950.0,5950.0,0.02
510,wuf20-0558.mwcnf,20,71,15,1.7062041759490967,True,5713.0,5713.0,0.03
511,wuf20-0559.mwcnf,20,71,8,0.9004616737365723,True,6921.0,6921.0,0.02
512,wuf20-056.mwcnf,20,71,8,0.8898069858551025,True,7865.0,7865.0,0.02
513,wuf20-0560.mwcnf,20,71,9,0.8652575016021729,True,9063.0,9063.0,0.02
514,wuf20-0561.mwcnf,20,71,8,0.8644566535949707,True,9052.0,9052.0,0.02
515,wuf20-0562.mwcnf,20,71,9,0.9618582725524902,True,7324.0,7324.0,0.02
516,wuf20-0563.mwcnf,20,71,9,1.1269845962524414,True,7903.0,7903.0,0.02
517,wuf20-0564.mwcnf,20,71,10,1.3134589195251465,True,7033.0,7033.0,0.02
518,wuf20-0565.mwcnf,20,71,9,1.1925411224365234,True,7273.0,7273.0,0.02
519,wuf20-0566.mwcnf,20,71,9,1.1144306659698486,True,7316.0,7316.0,0.02
520,wuf20-0567.mwcnf,20,71,24,2.786250114440918,True,7092.0,7092.0,0.04
521,wuf20-0568.mwcnf,20,71,8,0.8560960292816162,True,8307.0,8307.0,0.02
522,wuf20-0569.mwcnf,20,71,9,0.9688775539398193,True,5798.0,5798.0,0.02
523,wuf20-057.mwcnf,20,71,9,0.995098352432251,True,9755.0,9755.0,0.02
524,wuf20-0570.mwcnf,20,71,500,56.8417763710022,False,7603.0,7529.0,0.060000000000000005
525,wuf20-0571.mwcnf,20,71,9,1.0286865234375,True,8284.0,8284.0,0.02
526,wuf20-0572.mwcnf,20,71,8,0.8858435153961182,True,7657.0,7657.0,0.02
527,wuf20-0573.mwcnf,20,71,6,0.6433284282684326,True,8289.0,8289.0,0.02
528,wuf20-0574.mwcnf,20,71,9,0.9823958873748779,True,9487.0,9487.0,0.02
529,wuf20-0575.mwcnf,20,71,9,1.0141127109527588,True,7113.0,7113.0,0.02
530,wuf20-0576.mwcnf,20,71,6,0.6875474452972412,True,7856.0,7856.0,0.02
531,wuf20-0577.mwcnf,20,71,9,1.0758206844329834,True,6034.0,6034.0,0.02
532,wuf20-0578.mwcnf,20,71,14,1.7561933994293213,True,9002.0,9002.0,0.03
533,wuf20-0579.mwcnf,20,71,8,1.0327460765838623,True,8758.0,8758.0,0.02
534,wuf20-058.mwcnf,20,71,7,0.797382116317749,True,7428.0,7428.0,0.02
535,wuf20-0580.mwcnf,20,71,7,0.7450096607208252,True,7365.0,7365.0,0.02
536,wuf20-0581.mwcnf,20,71,11,1.8126060962677002,True,8366.0,8366.0,0.02
537,wuf20-0582.mwcnf,20,71,6,0.8007287979125977,True,9332.0,9332.0,0.02
538,wuf20-0583.mwcnf,20,71,9,0.9969441890716553,True,8252.0,8252.0,0.02
539,wuf20-0584.mwcnf,20,71,18,2.1934807300567627,True,5692.0,5692.0,0.04
540,wuf20-0585.mwcnf,20,71,8,1.0327579975128174,True,9477.0,9477.0,0.02
541,wuf20-0586.mwcnf,20,71,6,0.7780039310455322,True,8150.0,8150.0,0.02
542,wuf20-0587.mwcnf,20,71,9,0.9025163650512695,True,5402.0,5402.0,0.02
543,wuf20-0588.mwcnf,20,71,10,1.0072150230407715,True,7054.0,7054.0,0.03
544,wuf20-0589.mwcnf,20,71,6,0.6250495910644531,True,10284.0,10284.0,0.02
545,wuf20-059.mwcnf,20,71,12,1.3232059478759766,True,8466.0,8466.0,0.04
546,wuf20-0590.mwcnf,20,71,11,1.1927268505096436,True,5972.0,5972.0,0.02
547,wuf20-0591.mwcnf,20,71,18,2.1220521926879883,True,6907.0,6907.0,0.03
548,wuf20-0592.mwcnf,20,71,9,1.1425695419311523,True,7071.0,7071.0,0.02
549,wuf20-0593.mwcnf,20,71,6,0.9119598865509033,True,7446.0,7446.0,0.02
550,wuf20-0594.mwcnf,20,71,6,0.7152996063232422,True,8182.0,8182.0,0.02
551,wuf20-0595.mwcnf,20,71,9,0.9542679786682129,True,7904.0,7904.0,0.02
552,wuf20-0596.mwcnf,20,71,10,1.35939359664917,True,7007.0,7007.0,0.02
553,wuf20-0597.mwcnf,20,71,24,3.271019697189331,True,7268.0,7268.0,0.04
554,wuf20-0598.mwcnf,20,71,8,1.04868745803833,True,8218.0,8218.0,0.02
555,wuf20-0599.mwcnf,20,71,8,0.9392635822296143,True,6801.0,6801.0,0.02
556,wuf20-06.mwcnf,20,71,12,1.3998053073883057,True,2319.0,2319.0,0.03
557,wuf20-060.mwcnf,20,71,8,0.9561324119567871,True,10055.0,10055.0,0.02
558,wuf20-0600.mwcnf,20,71,7,0.6616039276123047,True,5714.0,5714.0,0.02
559,wuf20-0601.mwcnf,20,71,8,1.118527889251709,True,7327.0,7327.0,0.02
560,wuf20-0602.mwcnf,20,71,8,0.910407543182373,True,8554.0,8554.0,0.02
561,wuf20-0603.mwcnf,20,71,11,1.7377281188964844,True,7700.0,7700.0,0.02
562,wuf20-0604.mwcnf,20,71,9,1.6661641597747803,True,9160.0,9160.0,0.02
563,wuf20-0605.mwcnf,20,71,12,1.837761402130127,True,7119.0,7119.0,0.02
564,wuf20-0606.mwcnf,20,71,14,2.0055437088012695,True,8068.0,8068.0,0.02
565,wuf20-0607.mwcnf,20,71,7,0.8301608562469482,True,8832.0,8832.0,0.02
566,wuf20-0608.mwcnf,20,71,500,58.189749240875244,False,6301.0,6280.0,0.07
567,wuf20-0609.mwcnf,20,71,500,57.17416977882385,False,6892.0,6875.0,0.08
568,wuf20-061.mwcnf,20,71,9,1.0706191062927246,True,8442.0,8442.0,0.02
569,wuf20-0610.mwcnf,20,71,10,1.032654047012329,True,8392.0,8392.0,0.03
570,wuf20-0611.mwcnf,20,71,12,1.517995834350586,True,7415.0,7415.0,0.04
571,wuf20-0612.mwcnf,20,71,8,1.026801347732544,True,5808.0,5808.0,0.02
572,wuf20-0613.mwcnf,20,71,8,0.8218834400177002,True,6805.0,6805.0,0.02
573,wuf20-0614.mwcnf,20,71,8,0.7348368167877197,True,8333.0,8333.0,0.02
574,wuf20-0615.mwcnf,20,71,9,1.0171825885772705,True,7605.0,7605.0,0.02
575,wuf20-0616.mwcnf,20,71,8,0.7497093677520752,True,5459.0,5459.0,0.03
576,wuf20-0617.mwcnf,20,71,14,1.5465281009674072,True,6977.0,6977.0,0.03
577,wuf20-0618.mwcnf,20,71,9,1.0293233394622803,True,9296.0,9296.0,0.02
578,wuf20-0619.mwcnf,20,71,9,0.937307596206665,True,8154.0,8154.0,0.02
579,wuf20-062.mwcnf,20,71,500,57.648831605911255,False,5563.0,5477.0,0.07
580,wuf20-0620.mwcnf,20,71,8,0.8576004505157471,True,6348.0,6348.0,0.02
581,wuf20-0621.mwcnf,20,71,7,0.7976851463317871,True,8729.0,8729.0,0.02
582,wuf20-0622.mwcnf,20,71,37,3.9907491207122803,True,5594.0,5594.0,0.05
583,wuf20-0623.mwcnf,20,71,11,1.131650447845459,True,8561.0,8561.0,0.02
584,wuf20-0624.mwcnf,20,71,11,1.199960470199585,True,6775.0,6775.0,0.02
585,wuf20-0625.mwcnf,20,71,12,1.3180232048034668,True,8190.0,8190.0,0.03
586,wuf20-0626.mwcnf,20,71,10,1.2367808818817139,True,6975.0,6975.0,0.02
587,wuf20-0627.mwcnf,20,71,9,1.1428968906402588,True,7589.0,7589.0,0.02
588,wuf20-0628.mwcnf,20,71,9,0.9547946453094482,True,9677.0,9677.0,0.02
589,wuf20-0629.mwcnf,20,71,10,1.0296878814697266,True,9257.0,9257.0,0.02
590,wuf20-063.mwcnf,20,71,14,1.3816180229187012,True,7640.0,7640.0,0.04
591,wuf20-0630.mwcnf,20,71,9,1.1113417148590088,True,8004.0,8004.0,0.02
592,wuf20-0631.mwcnf,20,71,8,0.7940490245819092,True,8225.0,8225.0,0.02
593,wuf20-0632.mwcnf,20,71,8,0.770362138748169,True,7788.0,7788.0,0.02
594,wuf20-0633.mwcnf,20,71,10,1.000805139541626,True,8025.0,8025.0,0.02
595,wuf20-0634.mwcnf,20,71,9,0.9231669902801514,True,7356.0,7356.0,0.02
596,wuf20-0635.mwcnf,20,71,7,0.7627348899841309,True,9288.0,9288.0,0.02
597,wuf20-0636.mwcnf,20,71,7,0.8689477443695068,True,6624.0,6624.0,0.02
598,wuf20-0637.mwcnf,20,71,11,1.9268290996551514,True,5756.0,5756.0,0.03
599,wuf20-0638.mwcnf,20,71,7,0.9829103946685791,True,7493.0,7493.0,0.02
600,wuf20-0639.mwcnf,20,71,8,1.2722606658935547,True,9340.0,9340.0,0.02
601,wuf20-064.mwcnf,20,71,8,1.1731219291687012,True,6630.0,6630.0,0.02
602,wuf20-0640.mwcnf,20,71,6,0.7136733531951904,True,6896.0,6896.0,0.02
603,wuf20-0641.mwcnf,20,71,8,0.9065008163452148,True,7438.0,7438.0,0.02
604,wuf20-0642.mwcnf,20,71,11,1.3952608108520508,True,6399.0,6399.0,0.02
605,wuf20-0643.mwcnf,20,71,10,0.9542727470397949,True,7963.0,7963.0,0.02
606,wuf20-0644.mwcnf,20,71,9,1.019571304321289,True,8574.0,8574.0,0.02
607,wuf20-0645.mwcnf,20,71,13,1.2442619800567627,True,7516.0,7516.0,0.02
608,wuf20-0646.mwcnf,20,71,15,1.6423089504241943,True,8291.0,8291.0,0.05
609,wuf20-0647.mwcnf,20,71,9,1.0018160343170166,True,7342.0,7342.0,0.02
610,wuf20-0648.mwcnf,20,71,11,1.5478744506835938,True,8256.0,8256.0,0.05
611,wuf20-0649.mwcnf,20,71,18,1.7642545700073242,True,6995.0,6995.0,0.04
612,wuf20-065.mwcnf,20,71,8,1.021134376525879,True,8520.0,8520.0,0.02
613,wuf20-0650.mwcnf,20,71,13,1.612055778503418,True,6377.0,6377.0,0.02
614,wuf20-0651.mwcnf,20,71,10,1.0768210887908936,True,7955.0,7955.0,0.03
615,wuf20-0652.mwcnf,20,71,10,1.109144926071167,True,7860.0,7860.0,0.02
616,wuf20-0653.mwcnf,20,71,9,1.0171310901641846,True,7126.0,7126.0,0.02
617,wuf20-0654.mwcnf,20,71,9,1.0766003131866455,True,7135.0,7135.0,0.02
618,wuf20-0655.mwcnf,20,71,9,1.1926155090332031,True,6554.0,6554.0,0.02
619,wuf20-0656.mwcnf,20,71,7,0.7960672378540039,True,5998.0,5998.0,0.02
620,wuf20-0657.mwcnf,20,71,10,1.1425137519836426,True,7245.0,7245.0,0.02
621,wuf20-0658.mwcnf,20,71,7,0.7311639785766602,True,6960.0,6960.0,0.02
622,wuf20-0659.mwcnf,20,71,8,0.850318193435669,True,7824.0,7824.0,0.02
623,wuf20-066.mwcnf,20,71,7,0.7342162132263184,True,9516.0,9516.0,0.02
624,wuf20-0660.mwcnf,20,71,9,0.9685695171356201,True,8256.0,8256.0,0.02
625,wuf20-0661.mwcnf,20,71,8,0.8398125171661377,True,9170.0,9170.0,0.02
626,wuf20-0662.mwcnf,20,71,6,0.6622557640075684,True,8695.0,8695.0,0.02
627,wuf20-0663.mwcnf,20,71,10,1.1420724391937256,True,6426.0,6426.0,0.02
628,wuf20-0664.mwcnf,20,71,8,0.9073529243469238,True,9857.0,9857.0,0.02
629,wuf20-0665.mwcnf,20,71,10,1.5929443836212158,True,7491.0,7491.0,0.03
630,wuf20-0666.mwcnf,20,71,7,1.0992438793182373,True,7149.0,7149.0,0.02
631,wuf20-0667.mwcnf,20,71,11,1.4540815353393555,True,7415.0,7415.0,0.03
632,wuf20-0668.mwcnf,20,71,10,1.5304980278015137,True,10226.0,10226.0,0.02
633,wuf20-0669.mwcnf,20,71,7,0.9392497539520264,True,8211.0,8211.0,0.02
634,wuf20-067.mwcnf,20,71,8,0.9702496528625488,True,7366.0,7366.0,0.02
635,wuf20-0670.mwcnf,20,71,9,1.0789964199066162,True,7357.0,7357.0,0.02
636,wuf20-0671.mwcnf,20,71,10,1.1586213111877441,True,7877.0,7877.0,0.02
637,wuf20-0672.mwcnf,20,71,9,0.9973042011260986,True,6592.0,6592.0,0.02
638,wuf20-0673.mwcnf,20,71,16,1.70225191116333,True,4398.0,4398.0,0.04
639,wuf20-0674.mwcnf,20,71,10,1.0466198921203613,True,6894.0,6894.0,0.02
640,wuf20-0675.mwcnf,20,71,10,1.158287525177002,True,8568.0,8568.0,0.02
641,wuf20-0676.mwcnf,20,71,8,0.8248674869537354,True,7013.0,7013.0,0.02
642,wuf20-0677.mwcnf,20,71,7,0.6915600299835205,True,7719.0,7719.0,0.02
643,wuf20-0678.mwcnf,20,71,9,0.9079270362854004,True,7987.0,7987.0,0.02
644,wuf20-0679.mwcnf,20,71,9,0.9234156608581543,True,10049.0,10049.0,0.02
645,wuf20-068.mwcnf,20,71,8,0.8568134307861328,True,8603.0,8603.0,0.02
646,wuf20-0680.mwcnf,20,71,11,1.1601085662841797,True,9968.0,9968.0,0.02
647,wuf20-0681.mwcnf,20,71,12,1.3313653469085693,True,8012.0,8012.0,0.02
648,wuf20-0682.mwcnf,20,71,10,1.1708528995513916,True,6779.0,6779.0,0.03
649,wuf20-0683.mwcnf,20,71,8,0.8768501281738281,True,5876.0,5876.0,0.02
650,wuf20-0684.mwcnf,20,71,8,0.8263237476348877,True,7969.0,7969.0,0.02
651,wuf20-0685.mwcnf,20,71,40,4.833653688430786,True,7719.0,7719.0,0.08
652,wuf20-0686.mwcnf,20,71,9,1.0866899490356445,True,6323.0,6323.0,0.02
653,wuf20-0687.mwcnf,20,71,7,0.8331007957458496,True,7020.0,7020.0,0.02
654,wuf20-0688.mwcnf,20,71,11,1.1122963428497314,True,8760.0,8760.0,0.02
655,wuf20-0689.mwcnf,20,71,7,0.7620840072631836,True,6930.0,6930.0,0.02
656,wuf20-069.mwcnf,20,71,7,0.7162075042724609,True,2109.0,2109.0,0.02
657,wuf20-0690.mwcnf,20,71,10,0.937875509262085,True,8356.0,8356.0,0.02
658,wuf20-0691.mwcnf,20,71,7,0.9418137073516846,True,7479.0,7479.0,0.02
659,wuf20-0692.mwcnf,20,71,9,1.1425869464874268,True,2247.0,2247.0,0.02
660,wuf20-0693.mwcnf,20,71,10,1.1235852241516113,True,1691.0,1691.0,0.02
661,wuf20-0694.mwcnf,20,71,7,0.7821698188781738,True,1781.0,1781.0,0.02
662,wuf20-0695.mwcnf,20,71,9,1.2456941604614258,True,2418.0,2418.0,0.02
663,wuf20-0696.mwcnf,20,71,7,0.9010827541351318,True,1590.0,1590.0,0.02
664,wuf20-0697.mwcnf,20,71,9,0.9240021705627441,True,2062.0,2062.0,0.02
665,wuf20-0698.mwcnf,20,71,8,0.8298368453979492,True,2338.0,2338.0,0.02
666,wuf20-0699.mwcnf,20,71,8,0.7203192710876465,True,1888.0,1888.0,0.02
667,wuf20-07.mwcnf,20,71,10,1.1256394386291504,True,1690.0,1690.0,0.02
668,wuf20-070.mwcnf,20,71,10,1.0536184310913086,True,1996.0,1996.0,0.02
669,wuf20-0700.mwcnf,20,71,13,1.5200238227844238,True,2011.0,2011.0,0.03
670,wuf20-0701.mwcnf,20,71,11,1.1957447528839111,True,1754.0,1754.0,0.02
671,wuf20-0702.mwcnf,20,71,9,0.9433026313781738,True,2148.0,2148.0,0.02
672,wuf20-0703.mwcnf,20,71,9,1.125871181488037,True,1840.0,1840.0,0.02
673,wuf20-0704.mwcnf,20,71,8,0.9072577953338623,True,1527.0,1527.0,0.02
674,wuf20-0705.mwcnf,20,71,9,1.2769956588745117,True,2398.0,2398.0,0.02
675,wuf20-0706.mwcnf,20,71,6,0.7375082969665527,True,2026.0,2026.0,0.02
676,wuf20-0707.mwcnf,20,71,9,0.9229674339294434,True,1955.0,1955.0,0.02
677,wuf20-0708.mwcnf,20,71,9,1.0484139919281006,True,2101.0,2101.0,0.02
678,wuf20-0709.mwcnf,20,71,6,0.5929255485534668,True,2407.0,2407.0,0.02
679,wuf20-071.mwcnf,20,71,10,1.283390760421753,True,1732.0,1732.0,0.02
680,wuf20-0710.mwcnf,20,71,6,0.6578094959259033,True,1584.0,1584.0,0.02
681,wuf20-0711.mwcnf,20,71,8,0.7809021472930908,True,1281.0,1281.0,0.02
682,wuf20-0712.mwcnf,20,71,9,1.1269149780273438,True,1800.0,1800.0,0.02
683,wuf20-0713.mwcnf,20,71,9,0.9769814014434814,True,2076.0,2076.0,0.02
684,wuf20-0714.mwcnf,20,71,13,1.2543809413909912,True,1872.0,1872.0,0.03
685,wuf20-0715.mwcnf,20,71,9,0.9547426700592041,True,1495.0,1495.0,0.02
686,wuf20-0716.mwcnf,20,71,9,0.8746242523193359,True,1922.0,1922.0,0.02
687,wuf20-0717.mwcnf,20,71,18,2.0329360961914062,True,1348.0,1348.0,0.03
688,wuf20-0718.mwcnf,20,71,8,0.9864349365234375,True,1553.0,1553.0,0.02
689,wuf20-0719.mwcnf,20,71,11,1.6047801971435547,True,1792.0,1792.0,0.02
690,wuf20-072.mwcnf,20,71,10,1.329878330230713,True,1767.0,1767.0,0.02
691,wuf20-0720.mwcnf,20,71,10,1.1077184677124023,True,2198.0,2198.0,0.02
692,wuf20-0721.mwcnf,20,71,9,0.8948116302490234,True,2204.0,2204.0,0.02
693,wuf20-0722.mwcnf,20,71,8,0.7519910335540771,True,1840.0,1840.0,0.02
694,wuf20-0723.mwcnf,20,71,10,0.9536817073822021,True,2175.0,2175.0,0.02
695,wuf20-0724.mwcnf,20,71,8,1.0251820087432861,True,2481.0,2481.0,0.02
696,wuf20-0725.mwcnf,20,71,10,1.0471105575561523,True,1991.0,1991.0,0.03
697,wuf20-0726.mwcnf,20,71,10,1.2583613395690918,True,1824.0,1824.0,0.02
698,wuf20-0727.mwcnf,20,71,11,1.3130555152893066,True,2058.0,2058.0,0.03
699,wuf20-0728.mwcnf,20,71,13,1.4049232006072998,True,1624.0,1624.0,0.02
700,wuf20-0729.mwcnf,20,71,9,1.2310688495635986,True,1586.0,1586.0,0.02
701,wuf20-073.mwcnf,20,71,8,0.970264196395874,True,2417.0,2417.0,0.02
702,wuf20-0730.mwcnf,20,71,7,0.704674482345581,True,1717.0,1717.0,0.02
703,wuf20-0731.mwcnf,20,71,10,1.170701265335083,True,1730.0,1730.0,0.02
704,wuf20-0732.mwcnf,20,71,9,0.8938062191009521,True,1892.0,1892.0,0.02
705,wuf20-0733.mwcnf,20,71,10,1.033287525177002,True,1875.0,1875.0,0.02
706,wuf20-0734.mwcnf,20,71,7,0.7034668922424316,True,2527.0,2527.0,0.02
707,wuf20-0735.mwcnf,20,71,9,1.8587758541107178,True,1688.0,1688.0,0.02
708,wuf20-0736.mwcnf,20,71,10,1.799257755279541,True,1803.0,1803.0,0.02
709,wuf20-0737.mwcnf,20,71,11,1.485600471496582,True,1464.0,1464.0,0.03
710,wuf20-0738.mwcnf,20,71,500,60.3497269153595,False,1646.0,1645.0,0.08
711,wuf20-0739.mwcnf,20,71,5,0.6074182987213135,True,2269.0,2269.0,0.02
712,wuf20-074.mwcnf,20,71,7,0.7785134315490723,True,2111.0,2111.0,0.02
713,wuf20-0740.mwcnf,20,71,7,0.7608904838562012,True,2296.0,2296.0,0.02
714,wuf20-0741.mwcnf,20,71,10,1.1575465202331543,True,1666.0,1666.0,0.02
715,wuf20-0742.mwcnf,20,71,7,0.6262130737304688,True,2047.0,2047.0,0.02
716,wuf20-0743.mwcnf,20,71,9,1.1194171905517578,True,1748.0,1748.0,0.02
717,wuf20-0744.mwcnf,20,71,10,1.4006469249725342,True,1954.0,1954.0,0.02
718,wuf20-0745.mwcnf,20,71,7,0.9210565090179443,True,1968.0,1968.0,0.02
719,wuf20-0746.mwcnf,20,71,14,1.5899393558502197,True,2200.0,2200.0,0.03
720,wuf20-0747.mwcnf,20,71,9,0.8968560695648193,True,2056.0,2056.0,0.02
721,wuf20-0748.mwcnf,20,71,381,41.3533661365509,True,1385.0,1385.0,0.07
722,wuf20-0749.mwcnf,20,71,8,1.2386760711669922,True,2655.0,2655.0,0.02
723,wuf20-075.mwcnf,20,71,11,1.6121580600738525,True,1609.0,1609.0,0.02
724,wuf20-0750.mwcnf,20,71,7,0.6960361003875732,True,2472.0,2472.0,0.02
725,wuf20-0751.mwcnf,20,71,22,2.8070971965789795,True,1522.0,1522.0,0.04
726,wuf20-0752.mwcnf,20,71,7,1.06203031539917,True,1659.0,1659.0,0.02
727,wuf20-0753.mwcnf,20,71,7,0.8338968753814697,True,1802.0,1802.0,0.02
728,wuf20-0754.mwcnf,20,71,9,0.9412021636962891,True,2039.0,2039.0,0.02
729,wuf20-0755.mwcnf,20,71,9,0.9073987007141113,True,1986.0,1986.0,0.02
730,wuf20-0756.mwcnf,20,71,7,0.7801430225372314,True,1830.0,1830.0,0.02
731,wuf20-0757.mwcnf,20,71,9,1.2636091709136963,True,2241.0,2241.0,0.02
732,wuf20-0758.mwcnf,20,71,8,0.7891499996185303,True,2357.0,2357.0,0.02
733,wuf20-0759.mwcnf,20,71,9,1.0143067836761475,True,2088.0,2088.0,0.02
734,wuf20-076.mwcnf,20,71,10,1.0015640258789062,True,1632.0,1632.0,0.02
735,wuf20-0760.mwcnf,20,71,9,0.9023487567901611,True,1840.0,1840.0,0.02
736,wuf20-0761.mwcnf,20,71,8,0.8335700035095215,True,2240.0,2240.0,0.02
737,wuf20-0762.mwcnf,20,71,3,0.2980360984802246,True,2014.0,2014.0,0.02
738,wuf20-0763.mwcnf,20,71,6,0.545922040939331,True,2351.0,2351.0,0.02
739,wuf20-0764.mwcnf,20,71,8,0.8304450511932373,True,2210.0,2210.0,0.02
740,wuf20-0765.mwcnf,20,71,8,1.0080878734588623,True,2024.0,2024.0,0.02
741,wuf20-0766.mwcnf,20,71,11,1.385035514831543,True,1857.0,1857.0,0.02
742,wuf20-0767.mwcnf,20,71,8,1.0011632442474365,True,1933.0,1933.0,0.02
743,wuf20-0768.mwcnf,20,71,9,0.8762366771697998,True,1624.0,1624.0,0.02
744,wuf20-0769.mwcnf,20,71,10,1.0416924953460693,True,1684.0,1684.0,0.02
745,wuf20-077.mwcnf,20,71,23,3.5413308143615723,True,1538.0,1538.0,0.03
746,wuf20-0770.mwcnf,20,71,8,1.297133207321167,True,2292.0,2292.0,0.02
747,wuf20-0771.mwcnf,20,71,7,0.7840821743011475,True,1861.0,1861.0,0.02
748,wuf20-0772.mwcnf,20,71,8,0.8078529834747314,True,2065.0,2065.0,0.02
749,wuf20-0773.mwcnf,20,71,10,1.4712045192718506,True,1814.0,1814.0,0.02
750,wuf20-0774.mwcnf,20,71,500,57.210275173187256,False,1584.0,1562.0,0.060000000000000005
751,wuf20-0775.mwcnf,20,71,7,1.2170233726501465,True,1329.0,1329.0,0.02
752,wuf20-0776.mwcnf,20,71,10,1.5050933361053467,True,1860.0,1860.0,0.02
753,wuf20-0777.mwcnf,20,71,10,1.4072346687316895,True,2051.0,2051.0,0.03
754,wuf20-0778.mwcnf,20,71,500,60.71408486366272,False,1546.0,1544.0,0.060000000000000005
755,wuf20-0779.mwcnf,20,71,8,0.9808440208435059,True,1825.0,1825.0,0.02
756,wuf20-078.mwcnf,20,71,5,0.587003231048584,True,1670.0,1670.0,0.02
757,wuf20-0780.mwcnf,20,71,9,1.0172362327575684,True,2197.0,2197.0,0.02
758,wuf20-0781.mwcnf,20,71,7,0.8621921539306641,True,1744.0,1744.0,0.02
759,wuf20-0782.mwcnf,20,71,10,1.4554777145385742,True,1549.0,1549.0,0.02
760,wuf20-0783.mwcnf,20,71,8,1.0324311256408691,True,2022.0,2022.0,0.02
761,wuf20-0784.mwcnf,20,71,15,1.9525227546691895,True,1628.0,1628.0,0.05
762,wuf20-0785.mwcnf,20,71,22,3.0207676887512207,True,1474.0,1474.0,0.05
763,wuf20-0786.mwcnf,20,71,10,1.2017216682434082,True,2095.0,2095.0,0.02
764,wuf20-0787.mwcnf,20,71,10,1.2943899631500244,True,1457.0,1457.0,0.03
765,wuf20-0788.mwcnf,20,71,8,1.1960513591766357,True,2249.0,2249.0,0.02
766,wuf20-0789.mwcnf,20,71,8,1.1742184162139893,True,2295.0,2295.0,0.02
767,wuf20-079.mwcnf,20,71,9,0.9964582920074463,True,1710.0,1710.0,0.02
768,wuf20-0790.mwcnf,20,71,500,58.16677641868591,False,2108.0,2097.0,0.07
769,wuf20-0791.mwcnf,20,71,9,1.1258819103240967,True,2112.0,2112.0,0.03
770,wuf20-0792.mwcnf,20,71,16,1.7297046184539795,True,1277.0,1277.0,0.03
771,wuf20-0793.mwcnf,20,71,12,1.3339793682098389,True,2059.0,2059.0,0.02
772,wuf20-0794.mwcnf,20,71,8,0.8758225440979004,True,2200.0,2200.0,0.02
773,wuf20-0795.mwcnf,20,71,8,1.0428972244262695,True,1728.0,1728.0,0.02
774,wuf20-0796.mwcnf,20,71,6,0.8645823001861572,True,1621.0,1621.0,0.02
775,wuf20-0797.mwcnf,20,71,10,1.3916118144989014,True,2128.0,2128.0,0.02
776,wuf20-0798.mwcnf,20,71,9,1.2516565322875977,True,2303.0,2303.0,0.02
777,wuf20-0799.mwcnf,20,71,9,1.017158031463623,True,1766.0,1766.0,0.02
778,wuf20-08.mwcnf,20,71,7,0.840939998626709,True,1859.0,1859.0,0.02
779,wuf20-080.mwcnf,20,71,9,1.1808545589447021,True,2022.0,2022.0,0.02
780,wuf20-0800.mwcnf,20,71,9,0.8445229530334473,True,2011.0,2011.0,0.02
781,wuf20-0801.mwcnf,20,71,12,1.4022479057312012,True,2473.0,2473.0,0.05
782,wuf20-0802.mwcnf,20,71,20,2.288633108139038,True,1992.0,1992.0,0.04
783,wuf20-0803.mwcnf,20,71,12,1.455695390701294,True,2100.0,2100.0,0.04
784,wuf20-0804.mwcnf,20,71,9,1.061903953552246,True,1775.0,1775.0,0.03
785,wuf20-0805.mwcnf,20,71,7,0.7660617828369141,True,2276.0,2276.0,0.02
786,wuf20-0806.mwcnf,20,71,11,2.001835346221924,True,1839.0,1839.0,0.02
787,wuf20-0807.mwcnf,20,71,10,1.4070394039154053,True,1622.0,1622.0,0.02
788,wuf20-0808.mwcnf,20,71,8,0.9953980445861816,True,1814.0,1814.0,0.02
789,wuf20-0809.mwcnf,20,71,10,1.321108102798462,True,1723.0,1723.0,0.03
790,wuf20-081.mwcnf,20,71,20,2.272855758666992,True,2084.0,2084.0,0.060000000000000005
791,wuf20-0810.mwcnf,20,71,8,0.876884937286377,True,1456.0,1456.0,0.02
792,wuf20-0811.mwcnf,20,71,6,0.6440525054931641,True,2125.0,2125.0,0.02
793,wuf20-0812.mwcnf,20,71,8,1.0832290649414062,True,2084.0,2084.0,0.02
794,wuf20-0813.mwcnf,20,71,9,1.0957410335540771,True,1793.0,1793.0,0.02
795,wuf20-0814.mwcnf,20,71,10,1.1072015762329102,True,1878.0,1878.0,0.02
796,wuf20-0815.mwcnf,20,71,10,1.375903844833374,True,2020.0,2020.0,0.02
797,wuf20-0816.mwcnf,20,71,11,1.677656650543213,True,1638.0,1638.0,0.03
798,wuf20-0817.mwcnf,20,71,500,63.30682396888733,False,1406.0,1348.0,0.07
799,wuf20-0818.mwcnf,20,71,10,1.0871145725250244,True,1975.0,1975.0,0.02
800,wuf20-0819.mwcnf,20,71,7,0.690993070602417,True,2025.0,2025.0,0.02
801,wuf20-082.mwcnf,20,71,9,1.085191249847412,True,1929.0,1929.0,0.02
802,wuf20-0820.mwcnf,20,71,8,0.9074501991271973,True,1915.0,1915.0,0.02
803,wuf20-0821.mwcnf,20,71,8,0.9951386451721191,True,1471.0,1471.0,0.02
804,wuf20-0822.mwcnf,20,71,21,2.3981359004974365,True,1423.0,1423.0,0.05
805,wuf20-0823.mwcnf,20,71,13,1.6907525062561035,True,1744.0,1744.0,0.08
806,wuf20-0824.mwcnf,20,71,11,1.1378564834594727,True,1909.0,1909.0,0.02
807,wuf20-0825.mwcnf,20,71,10,1.0189945697784424,True,1870.0,1870.0,0.02
808,wuf20-0826.mwcnf,20,71,12,1.3141779899597168,True,2256.0,2256.0,0.04
809,wuf20-0827.mwcnf,20,71,10,1.173530101776123,True,1721.0,1721.0,0.02
810,wuf20-0828.mwcnf,20,71,9,0.9727973937988281,True,2073.0,2073.0,0.02
811,wuf20-0829.mwcnf,20,71,14,1.6181159019470215,True,1888.0,1888.0,0.03
812,wuf20-083.mwcnf,20,71,8,0.790858268737793,True,2086.0,2086.0,0.02
813,wuf20-0830.mwcnf,20,71,17,2.0329232215881348,True,1933.0,1933.0,0.060000000000000005
814,wuf20-0831.mwcnf,20,71,17,2.128523588180542,True,2047.0,2047.0,0.04
815,wuf20-0832.mwcnf,20,71,12,1.2215018272399902,True,1494.0,1494.0,0.02
816,wuf20-0833.mwcnf,20,71,8,1.0681259632110596,True,1549.0,1549.0,0.02
817,wuf20-0834.mwcnf,20,71,10,0.954716682434082,True,1592.0,1592.0,0.02
818,wuf20-0835.mwcnf,20,71,7,0.7046506404876709,True,2178.0,2178.0,0.02
819,wuf20-0836.mwcnf,20,71,8,0.8591294288635254,True,2169.0,2169.0,0.02
820,wuf20-0837.mwcnf,20,71,15,1.7237458229064941,True,1492.0,1492.0,0.03
821,wuf20-0838.mwcnf,20,71,9,1.0015428066253662,True,1481.0,1481.0,0.02
822,wuf20-0839.mwcnf,20,71,11,1.3780770301818848,True,1865.0,1865.0,0.03
823,wuf20-084.mwcnf,20,71,9,1.2310690879821777,True,2451.0,2451.0,0.02
824,wuf20-0840.mwcnf,20,71,41,4.824330806732178,True,2249.0,2249.0,0.060000000000000005
825,wuf20-0841.mwcnf,20,71,13,1.401097297668457,True,1983.0,1983.0,0.04
826,wuf20-0842.mwcnf,20,71,13,1.6001954078674316,True,1588.0,1588.0,0.04
827,wuf20-0843.mwcnf,20,71,10,1.339689016342163,True,1489.0,1489.0,0.02
828,wuf20-0844.mwcnf,20,71,9,1.1294937133789062,True,2510.0,2510.0,0.02
829,wuf20-0845.mwcnf,20,71,11,1.3308980464935303,True,2048.0,2048.0,0.02
830,wuf20-0846.mwcnf,20,71,10,1.909238338470459,True,2502.0,2502.0,0.02
831,wuf20-0847.mwcnf,20,71,8,1.2610769271850586,True,1882.0,1882.0,0.02
832,wuf20-0848.mwcnf,20,71,9,1.4323458671569824,True,1915.0,1915.0,0.02
833,wuf20-0849.mwcnf,20,71,10,1.3379347324371338,True,2401.0,2401.0,0.02
834,wuf20-085.mwcnf,20,71,8,1.1428468227386475,True,2262.0,2262.0,0.02
835,wuf20-0850.mwcnf,20,71,10,1.3148400783538818,True,1591.0,1591.0,0.02
836,wuf20-0851.mwcnf,20,71,6,0.7445361614227295,True,1663.0,1663.0,0.02
837,wuf20-0852.mwcnf,20,71,8,0.7803213596343994,True,1664.0,1664.0,0.02
838,wuf20-0853.mwcnf,20,71,5,0.8340070247650146,True,1654.0,1654.0,0.02
839,wuf20-0854.mwcnf,20,71,9,1.5486373901367188,True,1511.0,1511.0,0.02
840,wuf20-0855.mwcnf,20,71,8,0.9969227313995361,True,2400.0,2400.0,0.02
841,wuf20-0856.mwcnf,20,71,6,1.03631591796875,True,1451.0,1451.0,0.02
842,wuf20-0857.mwcnf,20,71,9,1.5182466506958008,True,1573.0,1573.0,0.02
843,wuf20-0858.mwcnf,20,71,10,1.6270840167999268,True,1809.0,1809.0,0.02
844,wuf20-0859.mwcnf,20,71,8,1.0604126453399658,True,2217.0,2217.0,0.02
845,wuf20-086.mwcnf,20,71,4,0.8471951484680176,True,1655.0,1655.0,0.02
846,wuf20-0860.mwcnf,20,71,9,2.085594654083252,True,1894.0,1894.0,0.02
847,wuf20-0861.mwcnf,20,71,6,1.2390871047973633,True,1553.0,1553.0,0.02
848,wuf20-0862.mwcnf,20,71,29,6.028032541275024,True,1819.0,1819.0,0.05
849,wuf20-0863.mwcnf,20,71,7,1.0603435039520264,True,2065.0,2065.0,0.02
850,wuf20-0864.mwcnf,20,71,8,1.0196959972381592,True,2537.0,2537.0,0.02
851,wuf20-0865.mwcnf,20,71,6,0.6558504104614258,True,1775.0,1775.0,0.02
852,wuf20-0866.mwcnf,20,71,8,1.0800869464874268,True,1608.0,1608.0,0.02
853,wuf20-0867.mwcnf,20,71,7,1.0292925834655762,True,2415.0,2415.0,0.02
854,wuf20-0868.mwcnf,20,71,7,0.8254659175872803,True,1808.0,1808.0,0.02
855,wuf20-0869.mwcnf,20,71,8,0.9761760234832764,True,2065.0,2065.0,0.02
856,wuf20-087.mwcnf,20,71,11,1.5737173557281494,True,1999.0,1999.0,0.03
857,wuf20-0870.mwcnf,20,71,10,1.1104736328125,True,2014.0,2014.0,0.04
858,wuf20-0871.mwcnf,20,71,7,1.0285546779632568,True,1855.0,1855.0,0.02
859,wuf20-0872.mwcnf,20,71,13,1.3317980766296387,True,1385.0,1385.0,0.03
860,wuf20-0873.mwcnf,20,71,7,0.8257246017456055,True,2516.0,2516.0,0.02
861,wuf20-0874.mwcnf,20,71,9,1.0956411361694336,True,2389.0,2389.0,0.02
862,wuf20-0875.mwcnf,20,71,8,1.0540204048156738,True,1982.0,1982.0,0.02
863,wuf20-0876.mwcnf,20,71,13,1.5046446323394775,True,1907.0,1907.0,0.04
864,wuf20-0877.mwcnf,20,71,9,1.2211802005767822,True,1519.0,1519.0,0.02
865,wuf20-0878.mwcnf,20,71,500,63.65995454788208,False,1461.0,1445.0,0.07
866,wuf20-0879.mwcnf,20,71,4,0.45122742652893066,True,2150.0,2150.0,0.02
867,wuf20-088.mwcnf,20,71,7,1.033609390258789,True,2207.0,2207.0,0.02
868,wuf20-0880.mwcnf,20,71,9,1.2371230125427246,True,1923.0,1923.0,0.02
869,wuf20-0881.mwcnf,20,71,11,1.5742075443267822,True,2007.0,2007.0,0.03
870,wuf20-0882.mwcnf,20,71,9,1.063230037689209,True,2514.0,2514.0,0.03
871,wuf20-0883.mwcnf,20,71,10,1.1271774768829346,True,1647.0,1647.0,0.02
872,wuf20-0884.mwcnf,20,71,8,0.9072525501251221,True,2298.0,2298.0,0.02
873,wuf20-0885.mwcnf,20,71,8,1.1285641193389893,True,1954.0,1954.0,0.02
874,wuf20-0886.mwcnf,20,71,9,1.2209365367889404,True,2355.0,2355.0,0.02
875,wuf20-0887.mwcnf,20,71,14,1.5220744609832764,True,1737.0,1737.0,0.03
876,wuf20-0888.mwcnf,20,71,8,1.355903148651123,True,2043.0,2043.0,0.02
877,wuf20-0889.mwcnf,20,71,9,1.4787547588348389,True,1939.0,1939.0,0.02
878,wuf20-089.mwcnf,20,71,23,2.2374207973480225,True,1532.0,1532.0,0.04
879,wuf20-0890.mwcnf,20,71,500,59.06407117843628,False,1733.0,1729.0,0.07
880,wuf20-0891.mwcnf,20,71,500,57.7075629234314,False,1880.0,1863.0,0.08
881,wuf20-0892.mwcnf,20,71,8,0.9075255393981934,True,1924.0,1924.0,0.02
882,wuf20-0893.mwcnf,20,71,11,1.4852731227874756,True,1776.0,1776.0,0.02
883,wuf20-0894.mwcnf,20,71,12,1.6562902927398682,True,2572.0,2572.0,0.03
884,wuf20-0895.mwcnf,20,71,22,2.591078042984009,True,1756.0,1756.0,0.05
885,wuf20-0896.mwcnf,20,71,10,1.6030702590942383,True,1626.0,1626.0,0.02
886,wuf20-0897.mwcnf,20,71,11,1.514791488647461,True,2114.0,2114.0,0.04
887,wuf20-0898.mwcnf,20,71,6,0.7852203845977783,True,1548.0,1548.0,0.02
888,wuf20-0899.mwcnf,20,71,6,0.660311222076416,True,2284.0,2284.0,0.02
889,wuf20-09.mwcnf,20,71,9,1.1234982013702393,True,11081.0,11081.0,0.02
890,wuf20-090.mwcnf,20,71,12,1.4258546829223633,True,2384.0,2384.0,0.03
891,wuf20-0900.mwcnf,20,71,8,0.8722503185272217,True,1879.0,1879.0,0.02
892,wuf20-0901.mwcnf,20,71,9,1.0452368259429932,True,2419.0,2419.0,0.02
893,wuf20-0902.mwcnf,20,71,9,0.9920010566711426,True,1905.0,1905.0,0.02
894,wuf20-0903.mwcnf,20,71,9,1.1123483180999756,True,1873.0,1873.0,0.02
895,wuf20-0904.mwcnf,20,71,23,2.690764904022217,True,1723.0,1723.0,0.05
896,wuf20-0905.mwcnf,20,71,10,1.1284112930297852,True,1765.0,1765.0,0.02
897,wuf20-0906.mwcnf,20,71,9,1.1744439601898193,True,1766.0,1766.0,0.02
898,wuf20-0907.mwcnf,20,71,10,1.0547497272491455,True,1519.0,1519.0,0.02
899,wuf20-0908.mwcnf,20,71,9,1.3383326530456543,True,1700.0,1700.0,0.02
900,wuf20-0909.mwcnf,20,71,8,1.0051953792572021,True,1694.0,1694.0,0.02
901,wuf20-091.mwcnf,20,71,7,0.7554135322570801,True,2024.0,2024.0,0.02
902,wuf20-0910.mwcnf,20,71,11,1.2282986640930176,True,1783.0,1783.0,0.02
903,wuf20-0911.mwcnf,20,71,9,0.9840009212493896,True,1911.0,1911.0,0.02
904,wuf20-0912.mwcnf,20,71,10,1.1044068336486816,True,1539.0,1539.0,0.02
905,wuf20-0913.mwcnf,20,71,8,0.9101083278656006,True,1927.0,1927.0,0.02
906,wuf20-0914.mwcnf,20,71,8,1.2290663719177246,True,1843.0,1843.0,0.02
907,wuf20-0915.mwcnf,20,71,10,1.2034544944763184,True,1666.0,1666.0,0.02
908,wuf20-0916.mwcnf,20,71,8,0.8883028030395508,True,2158.0,2158.0,0.02
909,wuf20-0917.mwcnf,20,71,12,1.6006004810333252,True,1722.0,1722.0,0.05
910,wuf20-0918.mwcnf,20,71,9,1.0483994483947754,True,2108.0,2108.0,0.02
911,wuf20-0919.mwcnf,20,71,8,0.8375074863433838,True,2043.0,2043.0,0.02
912,wuf20-092.mwcnf,20,71,8,0.8107881546020508,True,2614.0,2614.0,0.02
913,wuf20-0920.mwcnf,20,71,9,1.0316569805145264,True,2569.0,2569.0,0.02
914,wuf20-0921.mwcnf,20,71,8,0.9050159454345703,True,2229.0,2229.0,0.02
915,wuf20-0922.mwcnf,20,71,10,1.066971778869629,True,2231.0,2231.0,0.03
916,wuf20-0923.mwcnf,20,71,13,1.7098095417022705,True,2104.0,2104.0,0.02
917,wuf20-0924.mwcnf,20,71,45,5.145265340805054,True,1962.0,1962.0,0.04
918,wuf20-0925.mwcnf,20,71,11,1.3554487228393555,True,1941.0,1941.0,0.02
919,wuf20-0926.mwcnf,20,71,10,1.220019817352295,True,2166.0,2166.0,0.02
920,wuf20-0927.mwcnf,20,71,7,0.912445068359375,True,1749.0,1749.0,0.02
921,wuf20-0928.mwcnf,20,71,9,0.9860363006591797,True,2032.0,2032.0,0.02
922,wuf20-0929.mwcnf,20,71,8,0.8906922340393066,True,1957.0,1957.0,0.02
923,wuf20-093.mwcnf,20,71,28,3.079313278198242,True,1624.0,1624.0,0.05
924,wuf20-0930.mwcnf,20,71,9,1.0472924709320068,True,1920.0,1920.0,0.02
925,wuf20-0931.mwcnf,20,71,10,1.2918109893798828,True,2079.0,2079.0,0.02
926,wuf20-0932.mwcnf,20,71,8,1.0271942615509033,True,2039.0,2039.0,0.02
927,wuf20-0933.mwcnf,20,71,12,1.4466698169708252,True,1723.0,1723.0,0.02
928,wuf20-0934.mwcnf,20,71,8,1.494631052017212,True,2097.0,2097.0,0.02
929,wuf20-0935.mwcnf,20,71,13,1.380507469177246,True,2246.0,2246.0,0.02
930,wuf20-0936.mwcnf,20,71,21,2.491328477859497,True,1820.0,1820.0,0.07
931,wuf20-0937.mwcnf,20,71,410,49.36889934539795,True,1521.0,1521.0,0.060000000000000005
932,wuf20-0938.mwcnf,20,71,8,0.9063682556152344,True,1871.0,1871.0,0.02
933,wuf20-0939.mwcnf,20,71,8,0.9311807155609131,True,1639.0,1639.0,0.02
934,wuf20-094.mwcnf,20,71,9,1.2723045349121094,True,2010.0,2010.0,0.02
935,wuf20-0940.mwcnf,20,71,9,1.2054450511932373,True,1824.0,1824.0,0.03
936,wuf20-0941.mwcnf,20,71,7,1.0010802745819092,True,1391.0,1391.0,0.02
937,wuf20-0942.mwcnf,20,71,4,0.5974223613739014,True,1871.0,1871.0,0.02
938,wuf20-0943.mwcnf,20,71,500,59.47103571891785,False,1914.0,1886.0,0.07
939,wuf20-0944.mwcnf,20,71,9,1.031721591949463,True,2039.0,2039.0,0.02
940,wuf20-0945.mwcnf,20,71,11,1.1355066299438477,True,2087.0,2087.0,0.02
941,wuf20-0946.mwcnf,20,71,21,2.9252688884735107,True,2024.0,2024.0,0.04
942,wuf20-0947.mwcnf,20,71,11,1.2204585075378418,True,1902.0,1902.0,0.02
943,wuf20-0948.mwcnf,20,71,8,0.9079227447509766,True,2441.0,2441.0,0.02
944,wuf20-0949.mwcnf,20,71,9,0.9187123775482178,True,1646.0,1646.0,0.02
945,wuf20-095.mwcnf,20,71,500,59.976516246795654,False,10725.0,10683.0,0.060000000000000005
946,wuf20-0950.mwcnf,20,71,6,0.7316725254058838,True,2014.0,2014.0,0.02
947,wuf20-0951.mwcnf,20,71,10,1.3339762687683105,True,1797.0,1797.0,0.02
948,wuf20-0952.mwcnf,20,71,8,0.8605318069458008,True,1787.0,1787.0,0.02
949,wuf20-0953.mwcnf,20,71,10,1.1994688510894775,True,1716.0,1716.0,0.02
950,wuf20-0954.mwcnf,20,71,5,0.5371322631835938,True,2387.0,2387.0,0.02
951,wuf20-0955.mwcnf,20,71,7,0.7977020740509033,True,2185.0,2185.0,0.02
952,wuf20-0956.mwcnf,20,71,116,13.77777361869812,True,1646.0,1646.0,0.08
953,wuf20-0957.mwcnf,20,71,15,1.7251176834106445,True,2027.0,2027.0,0.03
954,wuf20-0958.mwcnf,20,71,7,0.9691047668457031,True,1695.0,1695.0,0.02
955,wuf20-0959.mwcnf,20,71,9,1.1066899299621582,True,2085.0,2085.0,0.02
956,wuf20-096.mwcnf,20,71,16,2.020862579345703,True,11806.0,11806.0,0.03
957,wuf20-0960.mwcnf,20,71,8,1.0644655227661133,True,10436.0,10436.0,0.02
958,wuf20-0961.mwcnf,20,71,8,1.1550800800323486,True,6355.0,6355.0,0.02
959,wuf20-0962.mwcnf,20,71,8,1.5452053546905518,True,8365.0,8365.0,0.02
960,wuf20-0963.mwcnf,20,71,8,1.2890689373016357,True,8984.0,8984.0,0.02
961,wuf20-0964.mwcnf,20,71,7,0.8590476512908936,True,10942.0,10942.0,0.02
962,wuf20-0965.mwcnf,20,71,9,1.1887421607971191,True,10625.0,10625.0,0.02
963,wuf20-0966.mwcnf,20,71,11,1.425382137298584,True,11703.0,11703.0,0.03
964,wuf20-0967.mwcnf,20,71,8,0.9517483711242676,True,12328.0,12328.0,0.02
965,wuf20-0968.mwcnf,20,71,8,1.1454193592071533,True,9251.0,9251.0,0.02
966,wuf20-0969.mwcnf,20,71,7,1.1259219646453857,True,9004.0,9004.0,0.02
967,wuf20-097.mwcnf,20,71,8,1.233726978302002,True,9110.0,9110.0,0.02
968,wuf20-0970.mwcnf,20,71,9,1.624626636505127,True,8937.0,8937.0,0.02
969,wuf20-0971.mwcnf,20,71,8,1.3256397247314453,True,8178.0,8178.0,0.02
970,wuf20-0972.mwcnf,20,71,7,0.8394579887390137,True,11735.0,11735.0,0.02
971,wuf20-0973.mwcnf,20,71,8,1.284637451171875,True,11105.0,11105.0,0.02
972,wuf20-0974.mwcnf,20,71,7,1.2696681022644043,True,9695.0,9695.0,0.02
973,wuf20-0975.mwcnf,20,71,500,62.351592779159546,False,13388.0,13353.0,0.08
974,wuf20-0976.mwcnf,20,71,11,1.4627749919891357,True,10722.0,10722.0,0.02
975,wuf20-0977.mwcnf,20,71,12,1.3144876956939697,True,10962.0,10962.0,0.02
976,wuf20-0978.mwcnf,20,71,9,1.2190001010894775,True,13670.0,13670.0,0.02
977,wuf20-0979.mwcnf,20,71,9,1.2110629081726074,True,9279.0,9279.0,0.02
978,wuf20-098.mwcnf,20,71,9,1.1582093238830566,True,9880.0,9880.0,0.02
979,wuf20-0980.mwcnf,20,71,8,1.207000732421875,True,8376.0,8376.0,0.02
980,wuf20-0981.mwcnf,20,71,8,1.1534817218780518,True,8328.0,8328.0,0.02
981,wuf20-0982.mwcnf,20,71,9,1.631152629852295,True,8403.0,8403.0,0.02
982,wuf20-0983.mwcnf,20,71,7,1.2208952903747559,True,9615.0,9615.0,0.02
983,wuf20-0984.mwcnf,20,71,9,1.385040521621704,True,9530.0,9530.0,0.02
984,wuf20-0985.mwcnf,20,71,10,1.4726357460021973,True,11974.0,11974.0,0.02
985,wuf20-0986.mwcnf,20,71,9,1.3702611923217773,True,8248.0,8248.0,0.02
986,wuf20-0987.mwcnf,20,71,8,1.094505786895752,True,12128.0,12128.0,0.02
987,wuf20-0988.mwcnf,20,71,13,1.706725835800171,True,8787.0,8787.0,0.04
988,wuf20-0989.mwcnf,20,71,11,1.4400324821472168,True,9792.0,9792.0,0.02
989,wuf20-099.mwcnf,20,71,8,1.1201653480529785,True,7275.0,7275.0,0.02
990,wuf20-0990.mwcnf,20,71,7,0.6940279006958008,True,10540.0,10540.0,0.02
991,wuf20-0991.mwcnf,20,71,10,1.4660124778747559,True,11027.0,11027.0,0.02
992,wuf20-0992.mwcnf,20,71,9,1.3328332901000977,True,8276.0,8276.0,0.02
993,wuf20-0993.mwcnf,20,71,12,2.6888277530670166,True,11454.0,11454.0,0.02
994,wuf20-0994.mwcnf,20,71,41,5.9259984493255615,True,9374.0,9374.0,0.060000000000000005
995,wuf20-0995.mwcnf,20,71,8,1.1347901821136475,True,11201.0,11201.0,0.02
996,wuf20-0996.mwcnf,20,71,21,2.459026336669922,True,10148.0,10148.0,0.03
997,wuf20-0997.mwcnf,20,71,11,1.3064332008361816,True,10669.0,10669.0,0.02
998,wuf20-0998.mwcnf,20,71,11,1.7554805278778076,True,11038.0,11038.0,0.02
999,wuf20-0999.mwcnf,20,71,8,2.192007303237915,True,11777.0,11777.0,0.02
