,Task,numVariables,numClauses,endGeneration,Duration,isSolutionFound,optWeight,bestWeight,maxMutation
0,wuf50-01.mwcnf,50,218,500,152.65424227714539,False,36854.0,0.0,0.3000000000000001
1,wuf50-010.mwcnf,50,218,500,157.22487878799438,False,17635.0,0.0,0.3000000000000001
2,wuf50-0100.mwcnf,50,218,500,140.80244207382202,False,27.0,0.0,0.3000000000000001
3,wuf50-01000.mwcnf,50,218,500,140.2870695590973,False,13201.0,0.0,0.3000000000000001
4,wuf50-0101.mwcnf,50,218,500,144.04697108268738,False,29013.0,0.0,0.3000000000000001
5,wuf50-0102.mwcnf,50,218,500,142.09076929092407,False,18082.0,0.0,0.3000000000000001
6,wuf50-0103.mwcnf,50,218,500,148.38120102882385,False,35308.0,26003.0,0.3000000000000001
7,wuf50-0104.mwcnf,50,218,441,138.46739077568054,True,12325.0,12325.0,0.3000000000000001
8,wuf50-0105.mwcnf,50,218,500,156.2651822566986,False,32816.0,0.0,0.3000000000000001
9,wuf50-0106.mwcnf,50,218,500,156.55856323242188,False,9946.0,0.0,0.3000000000000001
10,wuf50-0107.mwcnf,50,218,500,157.4789206981659,False,7966.0,0.0,0.3000000000000001
11,wuf50-0108.mwcnf,50,218,500,153.0519037246704,False,28160.0,0.0,0.3000000000000001
12,wuf50-0109.mwcnf,50,218,500,143.46927785873413,False,22202.0,0.0,0.3000000000000001
13,wuf50-011.mwcnf,50,218,500,166.46160697937012,False,5984.0,0.0,0.3000000000000001
14,wuf50-0110.mwcnf,50,218,424,104.49821019172668,True,27448.0,27448.0,0.3000000000000001
15,wuf50-0111.mwcnf,50,218,500,121.33146715164185,False,5985.0,0.0,0.3000000000000001
16,wuf50-0112.mwcnf,50,218,500,136.56627011299133,False,10386.0,0.0,0.3000000000000001
17,wuf50-0113.mwcnf,50,218,417,114.72962427139282,True,20893.0,20893.0,0.3000000000000001
18,wuf50-0114.mwcnf,50,218,500,143.81556749343872,False,31748.0,22659.0,0.3000000000000001
19,wuf50-0115.mwcnf,50,218,500,153.69944190979004,False,32202.0,0.0,0.3000000000000001
20,wuf50-0116.mwcnf,50,218,500,157.00495147705078,False,25875.0,20536.0,0.3000000000000001
21,wuf50-0117.mwcnf,50,218,34,9.62004280090332,True,44004.0,44004.0,0.18000000000000002
22,wuf50-0118.mwcnf,50,218,500,151.97147583961487,False,14849.0,0.0,0.3000000000000001
23,wuf50-0119.mwcnf,50,218,500,147.85518336296082,False,47759.0,21876.0,0.3000000000000001
24,wuf50-012.mwcnf,50,218,500,140.6251208782196,False,26871.0,0.0,0.3000000000000001
25,wuf50-0120.mwcnf,50,218,500,145.74840235710144,False,5987.0,0.0,0.3000000000000001
26,wuf50-0121.mwcnf,50,218,500,150.91275262832642,False,3998.0,0.0,0.3000000000000001
27,wuf50-0122.mwcnf,50,218,500,135.38775491714478,False,17911.0,14863.0,0.3000000000000001
28,wuf50-0123.mwcnf,50,218,500,139.52989530563354,False,26310.0,0.0,0.3000000000000001
29,wuf50-0124.mwcnf,50,218,500,138.65520668029785,False,29373.0,0.0,0.3000000000000001
30,wuf50-0125.mwcnf,50,218,203,56.51013994216919,True,7601.0,7601.0,0.3000000000000001
31,wuf50-0126.mwcnf,50,218,500,140.63877248764038,False,18503.0,0.0,0.3000000000000001
32,wuf50-0127.mwcnf,50,218,500,138.14826107025146,False,10944.0,0.0,0.3000000000000001
33,wuf50-0128.mwcnf,50,218,500,138.40398168563843,False,7967.0,0.0,0.3000000000000001
34,wuf50-0129.mwcnf,50,218,500,141.8899610042572,False,4656.0,0.0,0.3000000000000001
35,wuf50-013.mwcnf,50,218,500,138.8425521850586,False,24186.0,22733.0,0.3000000000000001
36,wuf50-0130.mwcnf,50,218,500,137.71590399742126,False,7962.0,0.0,0.3000000000000001
37,wuf50-0131.mwcnf,50,218,500,134.87296056747437,False,47346.0,27283.0,0.3000000000000001
38,wuf50-0132.mwcnf,50,218,500,135.1546175479889,False,61664.0,18675.0,0.3000000000000001
39,wuf50-0133.mwcnf,50,218,500,138.98163485527039,False,4659.0,0.0,0.3000000000000001
40,wuf50-0134.mwcnf,50,218,500,125.40330600738525,False,5980.0,0.0,0.3000000000000001
41,wuf50-0135.mwcnf,50,218,500,117.16286587715149,False,49317.0,22303.0,0.3000000000000001
42,wuf50-0136.mwcnf,50,218,500,118.50851249694824,False,52266.0,40367.0,0.3000000000000001
43,wuf50-0137.mwcnf,50,218,500,120.36258792877197,False,24843.0,0.0,0.3000000000000001
44,wuf50-0138.mwcnf,50,218,500,119.3405499458313,False,35092.0,14314.0,0.3000000000000001
45,wuf50-0139.mwcnf,50,218,500,119.22270584106445,False,15247.0,0.0,0.3000000000000001
46,wuf50-014.mwcnf,50,218,500,118.75111079216003,False,71941.0,0.0,0.3000000000000001
47,wuf50-0140.mwcnf,50,218,500,120.5740921497345,False,41625.0,21561.0,0.3000000000000001
48,wuf50-0141.mwcnf,50,218,500,120.32287096977234,False,36473.0,0.0,0.3000000000000001
49,wuf50-0142.mwcnf,50,218,500,123.19361853599548,False,7968.0,0.0,0.3000000000000001
50,wuf50-0143.mwcnf,50,218,500,137.00488352775574,False,15338.0,0.0,0.3000000000000001
51,wuf50-0144.mwcnf,50,218,342,99.88186359405518,True,8359.0,8359.0,0.3000000000000001
52,wuf50-0145.mwcnf,50,218,500,148.10398054122925,False,8818.0,0.0,0.3000000000000001
53,wuf50-0146.mwcnf,50,218,500,151.81406688690186,False,4002.0,0.0,0.3000000000000001
54,wuf50-0147.mwcnf,50,218,500,149.87591099739075,False,10943.0,0.0,0.3000000000000001
55,wuf50-0148.mwcnf,50,218,500,150.573175907135,False,13028.0,0.0,0.3000000000000001
56,wuf50-0149.mwcnf,50,218,500,146.0997130870819,False,98370.0,87226.0,0.3000000000000001
57,wuf50-015.mwcnf,50,218,500,146.3819146156311,False,142370.0,91995.0,0.3000000000000001
58,wuf50-0150.mwcnf,50,218,500,148.2193546295166,False,117144.0,86761.0,0.3000000000000001
59,wuf50-0151.mwcnf,50,218,500,155.42394614219666,False,19524.0,0.0,0.3000000000000001
60,wuf50-0152.mwcnf,50,218,500,152.7087686061859,False,60079.0,0.0,0.3000000000000001
61,wuf50-0153.mwcnf,50,218,500,384.1934177875519,False,35768.0,32518.0,0.3000000000000001
62,wuf50-0154.mwcnf,50,218,500,392.32363867759705,False,89165.0,0.0,0.3000000000000001
63,wuf50-0155.mwcnf,50,218,500,395.60051369667053,False,13019.0,0.0,0.3000000000000001
64,wuf50-0156.mwcnf,50,218,500,392.1616187095642,False,86591.0,59837.0,0.3000000000000001
65,wuf50-0157.mwcnf,50,218,500,378.46078515052795,False,163227.0,91104.0,0.3000000000000001
66,wuf50-0158.mwcnf,50,218,500,399.610778093338,False,32520.0,0.0,0.3000000000000001
67,wuf50-0159.mwcnf,50,218,500,397.4404327869415,False,91884.0,0.0,0.3000000000000001
68,wuf50-016.mwcnf,50,218,500,390.5040907859802,False,62535.0,60840.0,0.3000000000000001
69,wuf50-0160.mwcnf,50,218,500,396.9236981868744,False,104892.0,0.0,0.3000000000000001
70,wuf50-0161.mwcnf,50,218,500,387.4029812812805,False,63018.0,0.0,0.3000000000000001
71,wuf50-0162.mwcnf,50,218,500,393.2791814804077,False,29920.0,0.0,0.3000000000000001
72,wuf50-0163.mwcnf,50,218,500,396.504380941391,False,26020.0,0.0,0.3000000000000001
73,wuf50-0164.mwcnf,50,218,500,395.59417939186096,False,26018.0,0.0,0.3000000000000001
74,wuf50-0165.mwcnf,50,218,500,378.3657989501953,False,94996.0,40482.0,0.3000000000000001
75,wuf50-0166.mwcnf,50,218,25,17.787632942199707,True,37736.0,37736.0,0.19000000000000003
76,wuf50-0167.mwcnf,50,218,500,397.5860240459442,False,62681.0,0.0,0.3000000000000001
77,wuf50-0168.mwcnf,50,218,500,395.42021083831787,False,76933.0,0.0,0.3000000000000001
78,wuf50-0169.mwcnf,50,218,500,225.15332436561584,False,164303.0,96281.0,0.3000000000000001
79,wuf50-017.mwcnf,50,218,500,686.8965730667114,False,31923.0,0.0,0.3000000000000001
80,wuf50-0170.mwcnf,50,218,500,1114.963488817215,False,135960.0,75369.0,0.3000000000000001
81,wuf50-0171.mwcnf,50,218,500,1104.2079148292542,False,55891.0,0.0,0.3000000000000001
82,wuf50-0172.mwcnf,50,218,500,525.8819670677185,False,26020.0,0.0,0.3000000000000001
83,wuf50-0173.mwcnf,50,218,500,229.64534664154053,False,36062.0,0.0,0.3000000000000001
84,wuf50-0174.mwcnf,50,218,500,192.15780019760132,False,121425.0,0.0,0.3000000000000001
85,wuf50-0175.mwcnf,50,218,500,198.71479988098145,False,65018.0,0.0,0.3000000000000001
86,wuf50-0176.mwcnf,50,218,500,191.80033707618713,False,6528.0,0.0,0.3000000000000001
87,wuf50-0177.mwcnf,50,218,500,168.31540369987488,False,75854.0,0.0,0.3000000000000001
88,wuf50-0178.mwcnf,50,218,500,151.03628063201904,False,196270.0,94080.0,0.21000000000000005
89,wuf50-0179.mwcnf,50,218,500,145.585040807724,False,41915.0,0.0,0.3000000000000001
90,wuf50-018.mwcnf,50,218,302,85.68597769737244,True,91991.0,91991.0,0.20000000000000004
91,wuf50-0180.mwcnf,50,218,500,148.55518221855164,False,76716.0,0.0,0.3000000000000001
92,wuf50-0181.mwcnf,50,218,500,143.87944769859314,False,6525.0,0.0,0.3000000000000001
93,wuf50-0182.mwcnf,50,218,500,147.65191340446472,False,32527.0,0.0,0.3000000000000001
94,wuf50-0183.mwcnf,50,218,500,133.79561805725098,False,106608.0,103475.0,0.3000000000000001
95,wuf50-0184.mwcnf,50,218,500,143.63391041755676,False,83220.0,0.0,0.3000000000000001
96,wuf50-0185.mwcnf,50,218,500,142.73467016220093,False,106325.0,92190.0,0.3000000000000001
97,wuf50-0186.mwcnf,50,218,500,142.19709491729736,False,91445.0,0.0,0.3000000000000001
98,wuf50-0187.mwcnf,50,218,500,141.9396834373474,False,66670.0,0.0,0.3000000000000001
99,wuf50-0188.mwcnf,50,218,500,140.08728861808777,False,169677.0,128653.0,0.3000000000000001
100,wuf50-0189.mwcnf,50,218,500,142.5704574584961,False,94655.0,0.0,0.3000000000000001
101,wuf50-019.mwcnf,50,218,500,142.87434720993042,False,26024.0,0.0,0.3000000000000001
102,wuf50-0190.mwcnf,50,218,500,154.15515041351318,False,179779.0,76679.0,0.3000000000000001
103,wuf50-0191.mwcnf,50,218,500,158.74518537521362,False,15623.0,0.0,0.3000000000000001
104,wuf50-0192.mwcnf,50,218,109,34.42329430580139,True,124518.0,124518.0,0.3000000000000001
105,wuf50-0193.mwcnf,50,218,500,154.08022904396057,False,179673.0,50713.0,0.3000000000000001
106,wuf50-0194.mwcnf,50,218,500,156.59192562103271,False,6525.0,0.0,0.3000000000000001
107,wuf50-0195.mwcnf,50,218,500,144.10878491401672,False,81430.0,0.0,0.3000000000000001
108,wuf50-0196.mwcnf,50,218,500,199.43525052070618,False,159389.0,0.0,0.3000000000000001
109,wuf50-0197.mwcnf,50,218,500,185.4944155216217,False,13023.0,0.0,0.3000000000000001
110,wuf50-0198.mwcnf,50,218,141,188.0178062915802,True,99602.0,99602.0,0.3000000000000001
111,wuf50-0199.mwcnf,50,218,500,811.9706709384918,False,103017.0,0.0,0.3000000000000001
112,wuf50-02.mwcnf,50,218,500,535.2965075969696,False,16683.0,0.0,0.3000000000000001
113,wuf50-020.mwcnf,50,218,500,710.9217042922974,False,134275.0,59745.0,0.3000000000000001
114,wuf50-0200.mwcnf,50,218,500,558.307018995285,False,132173.0,0.0,0.3000000000000001
115,wuf50-0201.mwcnf,50,218,500,215.30450820922852,False,103827.0,0.0,0.3000000000000001
116,wuf50-0202.mwcnf,50,218,500,154.340069770813,False,34684.0,0.0,0.3000000000000001
117,wuf50-0203.mwcnf,50,218,500,143.78716278076172,False,15185.0,0.0,0.3000000000000001
118,wuf50-0204.mwcnf,50,218,500,143.91493844985962,False,13016.0,16.0,0.3000000000000001
119,wuf50-0205.mwcnf,50,218,500,145.13855814933777,False,58716.0,0.0,0.3000000000000001
120,wuf50-0206.mwcnf,50,218,500,139.28875470161438,False,168359.0,93375.0,0.3000000000000001
121,wuf50-0207.mwcnf,50,218,500,138.30300402641296,False,128357.0,107022.0,0.3000000000000001
122,wuf50-0208.mwcnf,50,218,500,143.0933322906494,False,28626.0,0.0,0.3000000000000001
123,wuf50-0209.mwcnf,50,218,500,142.56284308433533,False,22123.0,0.0,0.3000000000000001
124,wuf50-021.mwcnf,50,218,500,141.65426874160767,False,130411.0,58719.0,0.3000000000000001
125,wuf50-0210.mwcnf,50,218,500,142.8401460647583,False,176679.0,0.0,0.3000000000000001
126,wuf50-0211.mwcnf,50,218,500,143.10705637931824,False,31338.0,0.0,0.3000000000000001
127,wuf50-0212.mwcnf,50,218,500,140.8093786239624,False,116925.0,57610.0,0.3000000000000001
128,wuf50-0213.mwcnf,50,218,500,142.00268006324768,False,145349.0,0.0,0.3000000000000001
129,wuf50-0214.mwcnf,50,218,500,143.6983563899994,False,59262.0,0.0,0.3000000000000001
130,wuf50-0215.mwcnf,50,218,500,142.64405488967896,False,47964.0,0.0,0.3000000000000001
131,wuf50-0216.mwcnf,50,218,500,145.91819190979004,False,139135.0,58412.0,0.3000000000000001
132,wuf50-0217.mwcnf,50,218,500,152.23570322990417,False,65018.0,0.0,0.3000000000000001
133,wuf50-0218.mwcnf,50,218,500,36711.26136612892,False,133445.0,56085.0,0.3000000000000001
134,wuf50-0219.mwcnf,50,218,500,137.99672555923462,False,117009.0,0.0,0.3000000000000001
135,wuf50-022.mwcnf,50,218,500,133.6299443244934,False,24167.0,0.0,0.3000000000000001
136,wuf50-0220.mwcnf,50,218,500,146.08858180046082,False,64333.0,0.0,0.3000000000000001
137,wuf50-0221.mwcnf,50,218,500,135.54833149909973,False,19524.0,0.0,0.3000000000000001
138,wuf50-0222.mwcnf,50,218,500,139.8679428100586,False,116047.0,0.0,0.3000000000000001
139,wuf50-0223.mwcnf,50,218,500,135.8900442123413,False,26018.0,0.0,0.3000000000000001
140,wuf50-0224.mwcnf,50,218,500,132.56420731544495,False,131240.0,62344.0,0.3000000000000001
141,wuf50-0225.mwcnf,50,218,500,133.52033019065857,False,52828.0,0.0,0.3000000000000001
142,wuf50-0226.mwcnf,50,218,500,133.62509322166443,False,32523.0,0.0,0.3000000000000001
143,wuf50-0227.mwcnf,50,218,500,133.2340440750122,False,109963.0,56135.0,0.3000000000000001
144,wuf50-0228.mwcnf,50,218,500,134.03429245948792,False,26028.0,0.0,0.3000000000000001
145,wuf50-0229.mwcnf,50,218,500,131.37753224372864,False,58668.0,0.0,0.3000000000000001
146,wuf50-023.mwcnf,50,218,500,127.48126745223999,False,191488.0,82927.0,0.24000000000000007
147,wuf50-0230.mwcnf,50,218,500,133.0867121219635,False,115383.0,0.0,0.3000000000000001
148,wuf50-0231.mwcnf,50,218,500,131.04305958747864,False,182284.0,0.0,0.3000000000000001
149,wuf50-0232.mwcnf,50,218,500,130.2770073413849,False,190814.0,0.0,0.3000000000000001
150,wuf50-0233.mwcnf,50,218,500,132.0829198360443,False,126385.0,0.0,0.3000000000000001
151,wuf50-0234.mwcnf,50,218,500,128.37656712532043,False,111990.0,89049.0,0.3000000000000001
152,wuf50-0235.mwcnf,50,218,500,125.49626159667969,False,28188.0,0.0,0.3000000000000001
153,wuf50-0236.mwcnf,50,218,500,95.62155270576477,False,112747.0,75974.0,0.3000000000000001
154,wuf50-0237.mwcnf,50,218,500,99.65826773643494,False,138009.0,83366.0,0.3000000000000001
155,wuf50-0238.mwcnf,50,218,500,98.85248756408691,False,152255.0,98786.0,0.25000000000000006
156,wuf50-0239.mwcnf,50,218,500,101.68561291694641,False,146595.0,0.0,0.3000000000000001
157,wuf50-024.mwcnf,50,218,500,96.17510676383972,False,32528.0,0.0,0.3000000000000001
158,wuf50-0240.mwcnf,50,218,500,93.35632753372192,False,26024.0,0.0,0.3000000000000001
159,wuf50-0241.mwcnf,50,218,500,92.80186295509338,False,8695.0,0.0,0.3000000000000001
160,wuf50-0242.mwcnf,50,218,500,91.68454360961914,False,147960.0,113504.0,0.3000000000000001
161,wuf50-0243.mwcnf,50,218,500,93.71707701683044,False,134340.0,0.0,0.3000000000000001
162,wuf50-0244.mwcnf,50,218,500,91.37480592727661,False,167924.0,99970.0,0.3000000000000001
163,wuf50-0245.mwcnf,50,218,500,94.27686977386475,False,49860.0,0.0,0.3000000000000001
164,wuf50-0246.mwcnf,50,218,500,96.93413853645325,False,93238.0,0.0,0.3000000000000001
165,wuf50-0247.mwcnf,50,218,500,92.34936785697937,False,147824.0,88811.0,0.3000000000000001
166,wuf50-0248.mwcnf,50,218,500,94.45735287666321,False,6522.0,0.0,0.3000000000000001
167,wuf50-0249.mwcnf,50,218,500,97.52340912818909,False,21299.0,0.0,0.3000000000000001
168,wuf50-025.mwcnf,50,218,500,94.02789616584778,False,19524.0,0.0,0.3000000000000001
169,wuf50-0250.mwcnf,50,218,500,97.03558611869812,False,147207.0,139036.0,0.3000000000000001
170,wuf50-0251.mwcnf,50,218,116,21.59725284576416,True,139993.0,139993.0,0.3000000000000001
171,wuf50-0252.mwcnf,50,218,500,93.65309858322144,False,179156.0,0.0,0.3000000000000001
172,wuf50-0253.mwcnf,50,218,500,98.48316979408264,False,30612.0,0.0,0.3000000000000001
173,wuf50-0254.mwcnf,50,218,189,34.826016902923584,True,91789.0,91789.0,0.3000000000000001
174,wuf50-0255.mwcnf,50,218,500,94.78357028961182,False,122788.0,0.0,0.3000000000000001
175,wuf50-0256.mwcnf,50,218,500,96.57858610153198,False,89525.0,67703.0,0.3000000000000001
176,wuf50-0257.mwcnf,50,218,500,96.48883605003357,False,186416.0,0.0,0.3000000000000001
177,wuf50-0258.mwcnf,50,218,500,98.20456600189209,False,19532.0,0.0,0.3000000000000001
178,wuf50-0259.mwcnf,50,218,500,95.6108512878418,False,116754.0,93768.0,0.3000000000000001
179,wuf50-026.mwcnf,50,218,500,99.25286102294922,False,52783.0,0.0,0.3000000000000001
180,wuf50-0260.mwcnf,50,218,500,98.40024209022522,False,160297.0,0.0,0.3000000000000001
181,wuf50-0261.mwcnf,50,218,500,97.43150424957275,False,37250.0,0.0,0.3000000000000001
182,wuf50-0262.mwcnf,50,218,500,99.62752962112427,False,32525.0,0.0,0.3000000000000001
183,wuf50-0263.mwcnf,50,218,500,98.89796328544617,False,114850.0,0.0,0.3000000000000001
184,wuf50-0264.mwcnf,50,218,500,102.92625665664673,False,179342.0,95414.0,0.3000000000000001
185,wuf50-0265.mwcnf,50,218,500,99.02521204948425,False,139556.0,0.0,0.3000000000000001
186,wuf50-0266.mwcnf,50,218,155,32.07464861869812,True,31590.0,31590.0,0.3000000000000001
187,wuf50-0267.mwcnf,50,218,500,101.267657995224,False,13026.0,0.0,0.3000000000000001
188,wuf50-0268.mwcnf,50,218,500,101.06343531608582,False,51068.0,0.0,0.3000000000000001
189,wuf50-0269.mwcnf,50,218,500,95.98450493812561,False,141359.0,123124.0,0.3000000000000001
190,wuf50-027.mwcnf,50,218,500,97.87804079055786,False,101933.0,83881.0,0.3000000000000001
191,wuf50-0270.mwcnf,50,218,500,103.63322734832764,False,6522.0,0.0,0.3000000000000001
192,wuf50-0271.mwcnf,50,218,264,52.84668254852295,True,32524.0,32524.0,0.3000000000000001
193,wuf50-0272.mwcnf,50,218,500,103.5680320262909,False,112614.0,60972.0,0.3000000000000001
194,wuf50-0273.mwcnf,50,218,500,109.71494054794312,False,102074.0,0.0,0.3000000000000001
195,wuf50-0274.mwcnf,50,218,500,112.60355973243713,False,19524.0,0.0,0.3000000000000001
196,wuf50-0275.mwcnf,50,218,500,100.21943807601929,False,59646.0,0.0,0.3000000000000001
197,wuf50-0276.mwcnf,50,218,500,107.49076342582703,False,37106.0,0.0,0.3000000000000001
198,wuf50-0277.mwcnf,50,218,500,99.39934420585632,False,132654.0,79225.0,0.3000000000000001
199,wuf50-0278.mwcnf,50,218,500,102.28915190696716,False,171497.0,74275.0,0.3000000000000001
200,wuf50-0279.mwcnf,50,218,500,95.60502910614014,False,31738.0,0.0,0.3000000000000001
201,wuf50-028.mwcnf,50,218,500,100.73067021369934,False,112279.0,0.0,0.3000000000000001
202,wuf50-0280.mwcnf,50,218,500,106.55468678474426,False,64113.0,0.0,0.3000000000000001
203,wuf50-0281.mwcnf,50,218,500,98.6595230102539,False,110928.0,76339.0,0.3000000000000001
204,wuf50-0282.mwcnf,50,218,87,18.090897798538208,True,100794.0,100794.0,0.3000000000000001
205,wuf50-0283.mwcnf,50,218,500,98.53668117523193,False,83945.0,73526.0,0.3000000000000001
206,wuf50-0284.mwcnf,50,218,500,109.24793934822083,False,74969.0,0.0,0.3000000000000001
207,wuf50-0285.mwcnf,50,218,500,104.73879933357239,False,67497.0,0.0,0.3000000000000001
208,wuf50-0286.mwcnf,50,218,500,106.06073713302612,False,22230.0,0.0,0.3000000000000001
209,wuf50-0287.mwcnf,50,218,500,103.97386360168457,False,36325.0,0.0,0.3000000000000001
210,wuf50-0288.mwcnf,50,218,500,98.83548593521118,False,137882.0,79440.0,0.3000000000000001
211,wuf50-0289.mwcnf,50,218,500,104.78853821754456,False,12979.0,0.0,0.3000000000000001
212,wuf50-029.mwcnf,50,218,500,101.37176251411438,False,66029.0,0.0,0.3000000000000001
213,wuf50-0290.mwcnf,50,218,359,70.2637128829956,True,65981.0,65981.0,0.3000000000000001
214,wuf50-0291.mwcnf,50,218,500,99.04058694839478,False,143339.0,97157.0,0.3000000000000001
215,wuf50-0292.mwcnf,50,218,500,102.86351561546326,False,30772.0,0.0,0.3000000000000001
216,wuf50-0293.mwcnf,50,218,40,7.245696544647217,True,47334.0,47334.0,0.2800000000000001
217,wuf50-0294.mwcnf,50,218,500,95.60873675346375,False,102661.0,64834.0,0.24000000000000007
218,wuf50-0295.mwcnf,50,218,500,100.54867839813232,False,56425.0,0.0,0.3000000000000001
219,wuf50-0296.mwcnf,50,218,500,98.92883586883545,False,25937.0,0.0,0.3000000000000001
220,wuf50-0297.mwcnf,50,218,500,102.1379337310791,False,33340.0,0.0,0.3000000000000001
221,wuf50-0298.mwcnf,50,218,500,100.50433683395386,False,41878.0,39742.0,0.3000000000000001
222,wuf50-0299.mwcnf,50,218,500,100.80739331245422,False,102229.0,0.0,0.3000000000000001
223,wuf50-03.mwcnf,50,218,500,99.96597290039062,False,61079.0,60868.0,0.3000000000000001
224,wuf50-030.mwcnf,50,218,500,95.0873351097107,False,5576.0,0.0,0.3000000000000001
225,wuf50-0300.mwcnf,50,218,500,97.71114206314087,False,65881.0,52625.0,0.3000000000000001
226,wuf50-0301.mwcnf,50,218,500,102.2359766960144,False,27786.0,0.0,0.3000000000000001
227,wuf50-0302.mwcnf,50,218,500,100.02888512611389,False,24612.0,0.0,0.3000000000000001
228,wuf50-0303.mwcnf,50,218,500,97.42176389694214,False,90506.0,42505.0,0.3000000000000001
229,wuf50-0304.mwcnf,50,218,500,100.20412230491638,False,130935.0,0.0,0.3000000000000001
230,wuf50-0305.mwcnf,50,218,500,98.73524022102356,False,111191.0,99221.0,0.3000000000000001
231,wuf50-0306.mwcnf,50,218,500,95.76260304450989,False,93857.0,0.0,0.3000000000000001
232,wuf50-0307.mwcnf,50,218,500,98.98464322090149,False,64619.0,40732.0,0.3000000000000001
233,wuf50-0308.mwcnf,50,218,500,100.50172090530396,False,24452.0,0.0,0.3000000000000001
234,wuf50-0309.mwcnf,50,218,500,104.64945530891418,False,22240.0,0.0,0.3000000000000001
235,wuf50-031.mwcnf,50,218,500,111.37895131111145,False,126090.0,0.0,0.3000000000000001
236,wuf50-0310.mwcnf,50,218,500,101.24980759620667,False,67536.0,62444.0,0.3000000000000001
237,wuf50-0311.mwcnf,50,218,500,104.15675711631775,False,11137.0,0.0,0.3000000000000001
238,wuf50-0312.mwcnf,50,218,500,104.54801869392395,False,33947.0,0.0,0.3000000000000001
239,wuf50-0313.mwcnf,50,218,500,105.71077084541321,False,94403.0,0.0,0.3000000000000001
240,wuf50-0314.mwcnf,50,218,500,103.81758379936218,False,149072.0,68266.0,0.3000000000000001
241,wuf50-0315.mwcnf,50,218,500,102.83658146858215,False,140066.0,78748.0,0.3000000000000001
242,wuf50-0316.mwcnf,50,218,500,102.19389176368713,False,94127.0,69883.0,0.3000000000000001
243,wuf50-0317.mwcnf,50,218,500,103.58618664741516,False,129254.0,0.0,0.3000000000000001
244,wuf50-0318.mwcnf,50,218,500,103.73432779312134,False,29751.0,0.0,0.3000000000000001
245,wuf50-0319.mwcnf,50,218,500,103.21948146820068,False,24451.0,0.0,0.3000000000000001
246,wuf50-032.mwcnf,50,218,500,98.71463632583618,False,130424.0,49800.0,0.3000000000000001
247,wuf50-0320.mwcnf,50,218,500,103.13286995887756,False,150571.0,66941.0,0.3000000000000001
248,wuf50-0321.mwcnf,50,218,500,101.17248463630676,False,34124.0,0.0,0.3000000000000001
249,wuf50-0322.mwcnf,50,218,500,103.48056125640869,False,76098.0,0.0,0.3000000000000001
250,wuf50-0323.mwcnf,50,218,500,103.31680107116699,False,49985.0,0.0,0.3000000000000001
251,wuf50-0324.mwcnf,50,218,500,101.62982726097107,False,89954.0,0.0,0.3000000000000001
252,wuf50-0325.mwcnf,50,218,500,103.4234390258789,False,5576.0,0.0,0.3000000000000001
253,wuf50-0326.mwcnf,50,218,500,99.77959299087524,False,105498.0,0.0,0.3000000000000001
254,wuf50-0327.mwcnf,50,218,500,102.7991030216217,False,27783.0,0.0,0.3000000000000001
255,wuf50-0328.mwcnf,50,218,500,102.66201376914978,False,99083.0,0.0,0.3000000000000001
256,wuf50-0329.mwcnf,50,218,500,99.71452951431274,False,44167.0,0.0,0.3000000000000001
257,wuf50-033.mwcnf,50,218,500,104.66620802879333,False,98698.0,0.0,0.3000000000000001
258,wuf50-0330.mwcnf,50,218,500,100.4292414188385,False,101388.0,0.0,0.3000000000000001
259,wuf50-0331.mwcnf,50,218,500,102.73693060874939,False,16683.0,0.0,0.3000000000000001
260,wuf50-0332.mwcnf,50,218,500,102.8738067150116,False,108387.0,0.0,0.3000000000000001
261,wuf50-0333.mwcnf,50,218,500,100.62953424453735,False,27775.0,0.0,0.3000000000000001
262,wuf50-0334.mwcnf,50,218,500,100.30223488807678,False,107336.0,87304.0,0.23000000000000007
263,wuf50-0335.mwcnf,50,218,500,100.81506252288818,False,95610.0,74132.0,0.3000000000000001
264,wuf50-0336.mwcnf,50,218,500,104.17754173278809,False,39576.0,0.0,0.3000000000000001
265,wuf50-0337.mwcnf,50,218,86,18.606592416763306,True,41109.0,41109.0,0.3000000000000001
266,wuf50-0338.mwcnf,50,218,500,103.72271299362183,False,108074.0,59485.0,0.3000000000000001
267,wuf50-0339.mwcnf,50,218,500,99.84694218635559,False,26985.0,0.0,0.3000000000000001
268,wuf50-034.mwcnf,50,218,500,103.94072079658508,False,125096.0,0.0,0.3000000000000001
269,wuf50-0340.mwcnf,50,218,500,100.56844210624695,False,103625.0,0.0,0.3000000000000001
270,wuf50-0341.mwcnf,50,218,500,105.43155717849731,False,16680.0,0.0,0.3000000000000001
271,wuf50-0342.mwcnf,50,218,500,98.6335334777832,False,106235.0,71663.0,0.3000000000000001
272,wuf50-0343.mwcnf,50,218,500,101.76299214363098,False,75925.0,65705.0,0.23000000000000007
273,wuf50-0344.mwcnf,50,218,500,102.48907995223999,False,5579.0,0.0,0.3000000000000001
274,wuf50-0345.mwcnf,50,218,500,104.6971206665039,False,12980.0,0.0,0.3000000000000001
275,wuf50-0346.mwcnf,50,218,500,103.26536440849304,False,16685.0,0.0,0.3000000000000001
276,wuf50-0347.mwcnf,50,218,500,105.02098774909973,False,22232.0,0.0,0.3000000000000001
277,wuf50-0348.mwcnf,50,218,500,97.70721387863159,False,90319.0,70073.0,0.3000000000000001
278,wuf50-0349.mwcnf,50,218,500,107.50653982162476,False,27786.0,0.0,0.3000000000000001
279,wuf50-035.mwcnf,50,218,500,108.72565531730652,False,165433.0,0.0,0.3000000000000001
280,wuf50-0350.mwcnf,50,218,500,104.0258994102478,False,125736.0,0.0,0.3000000000000001
281,wuf50-0351.mwcnf,50,218,500,107.47417974472046,False,77734.0,0.0,0.3000000000000001
282,wuf50-0352.mwcnf,50,218,500,109.43967413902283,False,16680.0,0.0,0.3000000000000001
283,wuf50-0353.mwcnf,50,218,500,104.39246368408203,False,114927.0,0.0,0.3000000000000001
284,wuf50-0354.mwcnf,50,218,500,97.73557949066162,False,131426.0,109376.0,0.3000000000000001
285,wuf50-0355.mwcnf,50,218,500,104.06768941879272,False,19453.0,0.0,0.3000000000000001
286,wuf50-0356.mwcnf,50,218,500,108.93115711212158,False,32720.0,0.0,0.3000000000000001
287,wuf50-0357.mwcnf,50,218,500,100.25489664077759,False,59841.0,49990.0,0.3000000000000001
288,wuf50-0358.mwcnf,50,218,500,108.08161401748657,False,16674.0,0.0,0.3000000000000001
289,wuf50-0359.mwcnf,50,218,500,118.00573778152466,False,11130.0,0.0,0.3000000000000001
290,wuf50-036.mwcnf,50,218,500,103.58717179298401,False,27782.0,0.0,0.3000000000000001
291,wuf50-0360.mwcnf,50,218,500,99.4857816696167,False,110860.0,88304.0,0.3000000000000001
292,wuf50-0361.mwcnf,50,218,500,95.1504397392273,False,158555.0,97226.0,0.3000000000000001
293,wuf50-0362.mwcnf,50,218,500,97.25752830505371,False,139089.0,106635.0,0.2700000000000001
294,wuf50-0363.mwcnf,50,218,500,100.82303833961487,False,24080.0,0.0,0.3000000000000001
295,wuf50-0364.mwcnf,50,218,491,97.13894963264465,True,47666.0,47666.0,0.3000000000000001
296,wuf50-0365.mwcnf,50,218,500,106.9808976650238,False,129661.0,0.0,0.3000000000000001
297,wuf50-0366.mwcnf,50,218,500,102.40965676307678,False,22230.0,0.0,0.3000000000000001
298,wuf50-0367.mwcnf,50,218,500,99.94527554512024,False,11127.0,0.0,0.3000000000000001
299,wuf50-0368.mwcnf,50,218,500,105.64277863502502,False,80300.0,0.0,0.3000000000000001
300,wuf50-0369.mwcnf,50,218,500,97.97830104827881,False,11124.0,0.0,0.3000000000000001
301,wuf50-037.mwcnf,50,218,500,97.78340673446655,False,64483.0,37264.0,0.3000000000000001
302,wuf50-0370.mwcnf,50,218,500,104.35542154312134,False,42380.0,0.0,0.3000000000000001
303,wuf50-0371.mwcnf,50,218,500,103.49964809417725,False,77499.0,0.0,0.3000000000000001
304,wuf50-0372.mwcnf,50,218,500,96.67589855194092,False,107850.0,0.0,0.3000000000000001
305,wuf50-0373.mwcnf,50,218,500,99.11439752578735,False,64644.0,0.0,0.3000000000000001
306,wuf50-0374.mwcnf,50,218,500,100.5649483203888,False,30559.0,0.0,0.3000000000000001
307,wuf50-0375.mwcnf,50,218,500,95.90033864974976,False,117158.0,0.0,0.3000000000000001
308,wuf50-0376.mwcnf,50,218,500,101.92140746116638,False,29636.0,0.0,0.3000000000000001
309,wuf50-0377.mwcnf,50,218,500,94.87967538833618,False,93592.0,70874.0,0.19000000000000003
310,wuf50-0378.mwcnf,50,218,500,98.2448377609253,False,115459.0,92520.0,0.3000000000000001
311,wuf50-0379.mwcnf,50,218,500,98.40978002548218,False,129258.0,0.0,0.3000000000000001
312,wuf50-038.mwcnf,50,218,500,103.56209349632263,False,89237.0,0.0,0.3000000000000001
313,wuf50-0380.mwcnf,50,218,500,99.04061317443848,False,16686.0,0.0,0.3000000000000001
314,wuf50-0381.mwcnf,50,218,500,101.74316501617432,False,11125.0,0.0,0.3000000000000001
315,wuf50-0382.mwcnf,50,218,500,97.07460451126099,False,16682.0,0.0,0.3000000000000001
316,wuf50-0383.mwcnf,50,218,262,52.91721987724304,True,137314.0,137314.0,0.3000000000000001
317,wuf50-0384.mwcnf,50,218,500,96.40382790565491,False,38618.0,28573.0,0.3000000000000001
318,wuf50-0385.mwcnf,50,218,500,96.14793872833252,False,87917.0,87864.0,0.3000000000000001
319,wuf50-0386.mwcnf,50,218,500,99.64447236061096,False,125337.0,64889.0,0.3000000000000001
320,wuf50-0387.mwcnf,50,218,500,98.24821925163269,False,26305.0,0.0,0.3000000000000001
321,wuf50-0388.mwcnf,50,218,500,101.96744179725647,False,56125.0,0.0,0.3000000000000001
322,wuf50-0389.mwcnf,50,218,500,98.20405411720276,False,25564.0,0.0,0.3000000000000001
323,wuf50-039.mwcnf,50,218,500,97.4353678226471,False,107075.0,67358.0,0.3000000000000001
324,wuf50-0390.mwcnf,50,218,500,99.39625954627991,False,33914.0,0.0,0.3000000000000001
325,wuf50-0391.mwcnf,50,218,500,99.92361426353455,False,24082.0,0.0,0.3000000000000001
326,wuf50-0392.mwcnf,50,218,500,99.24435901641846,False,30860.0,0.0,0.3000000000000001
327,wuf50-0393.mwcnf,50,218,500,99.89118313789368,False,11130.0,0.0,0.3000000000000001
328,wuf50-0394.mwcnf,50,218,500,100.14272570610046,False,88838.0,0.0,0.3000000000000001
329,wuf50-0395.mwcnf,50,218,500,98.27552366256714,False,27778.0,0.0,0.3000000000000001
330,wuf50-0396.mwcnf,50,218,500,101.10692191123962,False,110767.0,0.0,0.3000000000000001
331,wuf50-0397.mwcnf,50,218,68,13.306898593902588,True,116727.0,116727.0,0.3000000000000001
332,wuf50-0398.mwcnf,50,218,500,95.2939064502716,False,144361.0,53855.0,0.3000000000000001
333,wuf50-0399.mwcnf,50,218,492,97.03781223297119,True,20212.0,20212.0,0.3000000000000001
334,wuf50-04.mwcnf,50,218,500,101.50954985618591,False,2818.0,0.0,0.3000000000000001
335,wuf50-040.mwcnf,50,218,500,94.86530637741089,False,16705.0,15274.0,0.3000000000000001
336,wuf50-0400.mwcnf,50,218,500,100.82394409179688,False,60328.0,0.0,0.3000000000000001
337,wuf50-0401.mwcnf,50,218,500,96.11916494369507,False,50778.0,42847.0,0.3000000000000001
338,wuf50-0402.mwcnf,50,218,500,106.87414741516113,False,16683.0,0.0,0.3000000000000001
339,wuf50-0403.mwcnf,50,218,500,97.53429198265076,False,27783.0,0.0,0.3000000000000001
340,wuf50-0404.mwcnf,50,218,500,98.1426899433136,False,117212.0,84714.0,0.3000000000000001
341,wuf50-0405.mwcnf,50,218,500,100.66540598869324,False,93076.0,0.0,0.3000000000000001
342,wuf50-0406.mwcnf,50,218,500,98.09737014770508,False,116337.0,60588.0,0.3000000000000001
343,wuf50-0407.mwcnf,50,218,500,97.36042070388794,False,67456.0,0.0,0.3000000000000001
344,wuf50-0408.mwcnf,50,218,500,100.94226121902466,False,2058.0,0.0,0.3000000000000001
345,wuf50-0409.mwcnf,50,218,37,6.76311469078064,True,12120.0,12120.0,0.20000000000000004
346,wuf50-041.mwcnf,50,218,500,102.54768180847168,False,4085.0,0.0,0.3000000000000001
347,wuf50-0410.mwcnf,50,218,500,98.78502559661865,False,20.0,0.0,0.3000000000000001
348,wuf50-0411.mwcnf,50,218,500,98.78133010864258,False,13523.0,0.0,0.3000000000000001
349,wuf50-0412.mwcnf,50,218,500,102.04711055755615,False,5951.0,0.0,0.3000000000000001
350,wuf50-0413.mwcnf,50,218,500,100.90309381484985,False,9225.0,0.0,0.3000000000000001
351,wuf50-0414.mwcnf,50,218,500,98.4850857257843,False,8356.0,0.0,0.3000000000000001
352,wuf50-0415.mwcnf,50,218,500,101.94951295852661,False,7644.0,0.0,0.3000000000000001
353,wuf50-0416.mwcnf,50,218,500,103.50885486602783,False,16012.0,0.0,0.3000000000000001
354,wuf50-0417.mwcnf,50,218,500,99.54414105415344,False,31331.0,0.0,0.3000000000000001
355,wuf50-0418.mwcnf,50,218,500,100.99160432815552,False,1031.0,0.0,0.3000000000000001
356,wuf50-0419.mwcnf,50,218,500,99.56636095046997,False,3480.0,0.0,0.3000000000000001
357,wuf50-042.mwcnf,50,218,500,101.44876837730408,False,3078.0,0.0,0.3000000000000001
358,wuf50-0420.mwcnf,50,218,500,98.59791851043701,False,2060.0,0.0,0.3000000000000001
359,wuf50-0421.mwcnf,50,218,500,100.58043169975281,False,10114.0,9843.0,0.3000000000000001
360,wuf50-0422.mwcnf,50,218,500,98.02599740028381,False,5114.0,0.0,0.3000000000000001
361,wuf50-0423.mwcnf,50,218,500,101.23761892318726,False,19607.0,16529.0,0.3000000000000001
362,wuf50-0424.mwcnf,50,218,127,25.275507926940918,True,25663.0,25663.0,0.3000000000000001
363,wuf50-0425.mwcnf,50,218,500,98.39685583114624,False,9801.0,0.0,0.3000000000000001
364,wuf50-0426.mwcnf,50,218,500,101.66648030281067,False,6493.0,0.0,0.3000000000000001
365,wuf50-0427.mwcnf,50,218,500,98.40543794631958,False,12659.0,0.0,0.3000000000000001
366,wuf50-0428.mwcnf,50,218,500,100.76634812355042,False,19368.0,16215.0,0.3000000000000001
367,wuf50-0429.mwcnf,50,218,500,97.50424146652222,False,12465.0,0.0,0.3000000000000001
368,wuf50-043.mwcnf,50,218,500,104.69856119155884,False,15164.0,0.0,0.3000000000000001
369,wuf50-0430.mwcnf,50,218,500,106.03106427192688,False,1036.0,0.0,0.3000000000000001
370,wuf50-0431.mwcnf,50,218,500,98.9305911064148,False,30380.0,0.0,0.3000000000000001
371,wuf50-0432.mwcnf,50,218,500,104.45758628845215,False,16557.0,13827.0,0.3000000000000001
372,wuf50-0433.mwcnf,50,218,500,106.59225749969482,False,9967.0,0.0,0.3000000000000001
373,wuf50-0434.mwcnf,50,218,500,105.90644240379333,False,15131.0,0.0,0.3000000000000001
374,wuf50-0435.mwcnf,50,218,500,108.0558214187622,False,4433.0,0.0,0.3000000000000001
375,wuf50-0436.mwcnf,50,218,500,105.37038564682007,False,8662.0,0.0,0.3000000000000001
376,wuf50-0437.mwcnf,50,218,500,100.73287081718445,False,22603.0,5846.0,0.3000000000000001
377,wuf50-0438.mwcnf,50,218,500,103.22056341171265,False,14757.0,0.0,0.3000000000000001
378,wuf50-0439.mwcnf,50,218,500,97.7389805316925,False,19334.0,10506.0,0.22000000000000006
379,wuf50-044.mwcnf,50,218,500,105.18809795379639,False,21758.0,0.0,0.3000000000000001
380,wuf50-0440.mwcnf,50,218,203,44.09965968132019,True,4092.0,4092.0,0.3000000000000001
381,wuf50-0441.mwcnf,50,218,500,104.10604548454285,False,22.0,0.0,0.3000000000000001
382,wuf50-0442.mwcnf,50,218,500,104.58739733695984,False,3075.0,0.0,0.3000000000000001
383,wuf50-0443.mwcnf,50,218,500,99.5159056186676,False,5511.0,0.0,0.3000000000000001
384,wuf50-0444.mwcnf,50,218,500,103.41089797019958,False,15093.0,0.0,0.3000000000000001
385,wuf50-0445.mwcnf,50,218,500,102.1962776184082,False,14928.0,8781.0,0.3000000000000001
386,wuf50-0446.mwcnf,50,218,500,110.68007636070251,False,6902.0,0.0,0.3000000000000001
387,wuf50-0447.mwcnf,50,218,500,108.78222799301147,False,30.0,0.0,0.3000000000000001
388,wuf50-0448.mwcnf,50,218,500,109.26468205451965,False,3081.0,0.0,0.3000000000000001
389,wuf50-0449.mwcnf,50,218,500,102.81008267402649,False,11862.0,0.0,0.3000000000000001
390,wuf50-045.mwcnf,50,218,500,105.0018789768219,False,14426.0,0.0,0.3000000000000001
391,wuf50-0450.mwcnf,50,218,500,107.87180066108704,False,18955.0,0.0,0.3000000000000001
392,wuf50-0451.mwcnf,50,218,500,108.73702549934387,False,6122.0,0.0,0.3000000000000001
393,wuf50-0452.mwcnf,50,218,500,109.0440239906311,False,15014.0,0.0,0.3000000000000001
394,wuf50-0453.mwcnf,50,218,500,103.21101140975952,False,11346.0,9893.0,0.3000000000000001
395,wuf50-0454.mwcnf,50,218,500,112.29666996002197,False,9171.0,0.0,0.3000000000000001
396,wuf50-0455.mwcnf,50,218,500,109.95320844650269,False,1040.0,0.0,0.3000000000000001
397,wuf50-0456.mwcnf,50,218,500,108.55461072921753,False,21196.0,0.0,0.3000000000000001
398,wuf50-0457.mwcnf,50,218,500,110.5961537361145,False,18234.0,13755.0,0.25000000000000006
399,wuf50-0458.mwcnf,50,218,500,99.60189867019653,False,25339.0,12179.0,0.3000000000000001
400,wuf50-0459.mwcnf,50,218,500,107.13754463195801,False,15991.0,5988.0,0.3000000000000001
401,wuf50-046.mwcnf,50,218,500,109.43373727798462,False,19875.0,16246.0,0.3000000000000001
402,wuf50-0460.mwcnf,50,218,196,40.90232253074646,True,7582.0,7582.0,0.3000000000000001
403,wuf50-0461.mwcnf,50,218,500,99.55593037605286,False,19487.0,9790.0,0.15
404,wuf50-0462.mwcnf,50,218,500,101.73228311538696,False,22413.0,11298.0,0.20000000000000004
405,wuf50-0463.mwcnf,50,218,500,103.33906531333923,False,19945.0,0.0,0.3000000000000001
406,wuf50-0464.mwcnf,50,218,500,105.07619619369507,False,4432.0,0.0,0.3000000000000001
407,wuf50-0465.mwcnf,50,218,500,102.10471558570862,False,1038.0,0.0,0.3000000000000001
408,wuf50-0466.mwcnf,50,218,500,104.04301643371582,False,7551.0,0.0,0.3000000000000001
409,wuf50-0467.mwcnf,50,218,500,104.25444531440735,False,1043.0,0.0,0.3000000000000001
410,wuf50-0468.mwcnf,50,218,148,30.36873173713684,True,8295.0,8295.0,0.3000000000000001
411,wuf50-0469.mwcnf,50,218,500,105.66758871078491,False,13038.0,11826.0,0.3000000000000001
412,wuf50-047.mwcnf,50,218,500,114.17019128799438,False,5742.0,5140.0,0.3000000000000001
413,wuf50-0470.mwcnf,50,218,500,107.47361874580383,False,3277.0,1650.0,0.3000000000000001
414,wuf50-0471.mwcnf,50,218,500,103.95525312423706,False,2060.0,0.0,0.3000000000000001
415,wuf50-0472.mwcnf,50,218,500,99.50625896453857,False,19259.0,15349.0,0.10999999999999999
416,wuf50-0473.mwcnf,50,218,500,103.11527681350708,False,5399.0,0.0,0.3000000000000001
417,wuf50-0474.mwcnf,50,218,500,107.10208368301392,False,2058.0,0.0,0.3000000000000001
418,wuf50-0475.mwcnf,50,218,385,79.66187357902527,True,22334.0,22334.0,0.3000000000000001
419,wuf50-0476.mwcnf,50,218,500,105.2728362083435,False,8468.0,0.0,0.3000000000000001
420,wuf50-0477.mwcnf,50,218,500,102.63798832893372,False,8157.0,7647.0,0.3000000000000001
421,wuf50-0478.mwcnf,50,218,500,109.91490936279297,False,1037.0,0.0,0.3000000000000001
422,wuf50-0479.mwcnf,50,218,500,109.64394092559814,False,14501.0,0.0,0.3000000000000001
423,wuf50-048.mwcnf,50,218,500,104.61230945587158,False,3584.0,0.0,0.3000000000000001
424,wuf50-0480.mwcnf,50,218,500,102.52038264274597,False,18448.0,16354.0,0.3000000000000001
425,wuf50-0481.mwcnf,50,218,500,108.890310049057,False,37117.0,15474.0,0.3000000000000001
426,wuf50-0482.mwcnf,50,218,500,107.71456289291382,False,12558.0,0.0,0.3000000000000001
427,wuf50-0483.mwcnf,50,218,500,12659.110049724579,False,21194.0,12613.0,0.23000000000000007
428,wuf50-0484.mwcnf,50,218,500,122.39049172401428,False,3081.0,0.0,0.3000000000000001
429,wuf50-0485.mwcnf,50,218,500,153.60049200057983,False,1035.0,0.0,0.3000000000000001
430,wuf50-0486.mwcnf,50,218,500,153.72928738594055,False,7646.0,0.0,0.3000000000000001
431,wuf50-0487.mwcnf,50,218,500,147.15389728546143,False,25513.0,16127.0,0.3000000000000001
432,wuf50-0488.mwcnf,50,218,500,146.15201592445374,False,19857.0,17022.0,0.3000000000000001
433,wuf50-0489.mwcnf,50,218,500,151.97757720947266,False,7672.0,0.0,0.3000000000000001
434,wuf50-049.mwcnf,50,218,500,152.2926435470581,False,5337.0,0.0,0.3000000000000001
435,wuf50-0490.mwcnf,50,218,500,152.43526530265808,False,7099.0,0.0,0.3000000000000001
436,wuf50-0491.mwcnf,50,218,500,152.48072004318237,False,19331.0,0.0,0.3000000000000001
437,wuf50-0492.mwcnf,50,218,500,148.97220993041992,False,21068.0,13750.0,0.3000000000000001
438,wuf50-0493.mwcnf,50,218,500,147.66936492919922,False,15518.0,8613.0,0.3000000000000001
439,wuf50-0494.mwcnf,50,218,500,163.06551456451416,False,22407.0,0.0,0.3000000000000001
440,wuf50-0495.mwcnf,50,218,500,161.78794884681702,False,1038.0,0.0,0.3000000000000001
441,wuf50-0496.mwcnf,50,218,500,161.1549334526062,False,18314.0,0.0,0.3000000000000001
442,wuf50-0497.mwcnf,50,218,500,159.95017671585083,False,2399.0,0.0,0.3000000000000001
443,wuf50-0498.mwcnf,50,218,500,159.60769820213318,False,15644.0,0.0,0.3000000000000001
444,wuf50-0499.mwcnf,50,218,500,163.0895721912384,False,16554.0,0.0,0.3000000000000001
445,wuf50-05.mwcnf,50,218,500,154.430734872818,False,148265.0,117159.0,0.25000000000000006
446,wuf50-050.mwcnf,50,218,500,160.65890407562256,False,6376.0,0.0,0.3000000000000001
447,wuf50-0500.mwcnf,50,218,500,162.14891362190247,False,2398.0,0.0,0.3000000000000001
448,wuf50-0501.mwcnf,50,218,500,162.16833353042603,False,3078.0,0.0,0.3000000000000001
449,wuf50-0502.mwcnf,50,218,500,161.52306747436523,False,3417.0,0.0,0.3000000000000001
450,wuf50-0503.mwcnf,50,218,500,161.38340067863464,False,3409.0,0.0,0.3000000000000001
451,wuf50-0504.mwcnf,50,218,500,158.34743356704712,False,22531.0,19102.0,0.3000000000000001
452,wuf50-0505.mwcnf,50,218,500,158.3693118095398,False,23661.0,16008.0,0.3000000000000001
453,wuf50-0506.mwcnf,50,218,500,162.18256258964539,False,29037.0,16880.0,0.3000000000000001
454,wuf50-0507.mwcnf,50,218,500,161.92724442481995,False,6972.0,0.0,0.3000000000000001
455,wuf50-0508.mwcnf,50,218,500,156.43432021141052,False,13316.0,13195.0,0.15
456,wuf50-0509.mwcnf,50,218,500,162.62391304969788,False,24575.0,0.0,0.3000000000000001
457,wuf50-051.mwcnf,50,218,500,155.95377016067505,False,19912.0,12929.0,0.3000000000000001
458,wuf50-0510.mwcnf,50,218,500,160.89653611183167,False,2055.0,0.0,0.3000000000000001
459,wuf50-0511.mwcnf,50,218,500,157.0087423324585,False,19481.0,8535.0,0.3000000000000001
460,wuf50-0512.mwcnf,50,218,500,156.46836614608765,False,17022.0,13090.0,0.3000000000000001
461,wuf50-0513.mwcnf,50,218,500,160.51952147483826,False,28.0,0.0,0.3000000000000001
462,wuf50-0514.mwcnf,50,218,263,82.30025815963745,True,6544.0,6544.0,0.3000000000000001
463,wuf50-0515.mwcnf,50,218,500,158.3556125164032,False,4095.0,0.0,0.3000000000000001
464,wuf50-0516.mwcnf,50,218,500,158.66162514686584,False,19271.0,0.0,0.3000000000000001
465,wuf50-0517.mwcnf,50,218,500,173.07788729667664,False,5617.0,0.0,0.3000000000000001
466,wuf50-0518.mwcnf,50,218,500,175.18843388557434,False,6684.0,0.0,0.3000000000000001
467,wuf50-0519.mwcnf,50,218,500,176.19868969917297,False,26676.0,0.0,0.3000000000000001
468,wuf50-052.mwcnf,50,218,500,177.90698885917664,False,20970.0,0.0,0.3000000000000001
469,wuf50-0520.mwcnf,50,218,500,169.43322324752808,False,4091.0,0.0,0.3000000000000001
470,wuf50-0521.mwcnf,50,218,500,153.9710624217987,False,18087.0,15472.0,0.26000000000000006
471,wuf50-0522.mwcnf,50,218,500,159.00031113624573,False,6325.0,0.0,0.3000000000000001
472,wuf50-0523.mwcnf,50,218,500,173.64728951454163,False,18378.0,0.0,0.3000000000000001
473,wuf50-0524.mwcnf,50,218,500,159.9456067085266,False,19029.0,18861.0,0.3000000000000001
474,wuf50-0525.mwcnf,50,218,500,158.82040071487427,False,17395.0,9676.0,0.3000000000000001
475,wuf50-0526.mwcnf,50,218,500,182.25688910484314,False,15464.0,0.0,0.3000000000000001
476,wuf50-0527.mwcnf,50,218,500,179.2748429775238,False,17231.0,11699.0,0.3000000000000001
477,wuf50-0528.mwcnf,50,218,500,183.85533928871155,False,13586.0,0.0,0.3000000000000001
478,wuf50-0529.mwcnf,50,218,500,177.33988881111145,False,16674.0,15056.0,0.3000000000000001
479,wuf50-053.mwcnf,50,218,500,194.39154624938965,False,13988.0,0.0,0.3000000000000001
480,wuf50-0530.mwcnf,50,218,500,194.39580631256104,False,6710.0,0.0,0.3000000000000001
481,wuf50-0531.mwcnf,50,218,500,186.90986967086792,False,5306.0,0.0,0.3000000000000001
482,wuf50-0532.mwcnf,50,218,500,174.21182131767273,False,18692.0,16518.0,0.22000000000000006
483,wuf50-0533.mwcnf,50,218,500,182.4230182170868,False,6333.0,0.0,0.3000000000000001
484,wuf50-0534.mwcnf,50,218,500,182.45537567138672,False,8493.0,0.0,0.3000000000000001
485,wuf50-0535.mwcnf,50,218,499,183.96427655220032,True,7232.0,7232.0,0.3000000000000001
486,wuf50-0536.mwcnf,50,218,500,183.60525369644165,False,15658.0,0.0,0.3000000000000001
487,wuf50-0537.mwcnf,50,218,500,170.65598154067993,False,22564.0,9812.0,0.3000000000000001
488,wuf50-0538.mwcnf,50,218,500,176.43467736244202,False,142246.0,0.0,0.3000000000000001
489,wuf50-0539.mwcnf,50,218,500,182.6721043586731,False,110352.0,0.0,0.3000000000000001
490,wuf50-054.mwcnf,50,218,500,180.78899478912354,False,113978.0,0.0,0.3000000000000001
491,wuf50-0540.mwcnf,50,218,500,174.04362416267395,False,49750.0,0.0,0.3000000000000001
492,wuf50-0541.mwcnf,50,218,500,172.60558009147644,False,13988.0,0.0,0.3000000000000001
493,wuf50-0542.mwcnf,50,218,500,170.71461153030396,False,65310.0,0.0,0.3000000000000001
494,wuf50-0543.mwcnf,50,218,500,166.79301047325134,False,158041.0,110426.0,0.15
495,wuf50-0544.mwcnf,50,218,414,144.09530401229858,True,73250.0,73250.0,0.3000000000000001
496,wuf50-0545.mwcnf,50,218,500,173.63125872612,False,43310.0,0.0,0.3000000000000001
497,wuf50-0546.mwcnf,50,218,500,175.65719413757324,False,136369.0,0.0,0.3000000000000001
498,wuf50-0547.mwcnf,50,218,500,171.7964644432068,False,127505.0,91885.0,0.3000000000000001
499,wuf50-0548.mwcnf,50,218,500,170.28127312660217,False,110530.0,74623.0,0.3000000000000001
500,wuf50-0549.mwcnf,50,218,500,168.92289400100708,False,125266.0,100977.0,0.3000000000000001
501,wuf50-055.mwcnf,50,218,500,161.56453561782837,False,99127.0,53832.0,0.26000000000000006
502,wuf50-0550.mwcnf,50,218,500,166.69877743721008,False,98363.0,67401.0,0.25000000000000006
503,wuf50-0551.mwcnf,50,218,334,114.50638008117676,True,60324.0,60324.0,0.3000000000000001
504,wuf50-0552.mwcnf,50,218,500,171.50811290740967,False,13990.0,0.0,0.3000000000000001
505,wuf50-0553.mwcnf,50,218,500,171.43228888511658,False,66760.0,0.0,0.3000000000000001
506,wuf50-0554.mwcnf,50,218,500,170.38422846794128,False,20970.0,0.0,0.3000000000000001
507,wuf50-0555.mwcnf,50,218,500,169.36305475234985,False,77479.0,62852.0,0.3000000000000001
508,wuf50-0556.mwcnf,50,218,500,171.90769982337952,False,7010.0,0.0,0.3000000000000001
509,wuf50-0557.mwcnf,50,218,500,169.69766211509705,False,19580.0,0.0,0.3000000000000001
510,wuf50-0558.mwcnf,50,218,500,207.26758742332458,False,7010.0,0.0,0.3000000000000001
511,wuf50-0559.mwcnf,50,218,500,202.2311909198761,False,119500.0,73767.0,0.3000000000000001
512,wuf50-056.mwcnf,50,218,500,204.71242594718933,False,78529.0,0.0,0.3000000000000001
513,wuf50-0560.mwcnf,50,218,500,210.37906908988953,False,67357.0,53115.0,0.3000000000000001
514,wuf50-0561.mwcnf,50,218,500,209.31712579727173,False,79628.0,0.0,0.3000000000000001
515,wuf50-0562.mwcnf,50,218,500,196.64309191703796,False,86129.0,0.0,0.3000000000000001
516,wuf50-0563.mwcnf,50,218,500,196.49095606803894,False,7010.0,0.0,0.3000000000000001
517,wuf50-0564.mwcnf,50,218,500,196.43991994857788,False,128562.0,0.0,0.3000000000000001
518,wuf50-0565.mwcnf,50,218,500,171.54510498046875,False,27950.0,0.0,0.3000000000000001
519,wuf50-0566.mwcnf,50,218,500,168.16105198860168,False,13986.0,0.0,0.3000000000000001
520,wuf50-0567.mwcnf,50,218,500,177.60867190361023,False,198906.0,0.0,0.3000000000000001
521,wuf50-0568.mwcnf,50,218,500,153.83874368667603,False,9332.0,0.0,0.3000000000000001
522,wuf50-0569.mwcnf,50,218,500,153.85577845573425,False,20969.0,0.0,0.3000000000000001
523,wuf50-057.mwcnf,50,218,500,157.21760439872742,False,53546.0,0.0,0.3000000000000001
524,wuf50-0570.mwcnf,50,218,500,153.84825468063354,False,7003.0,0.0,0.3000000000000001
525,wuf50-0571.mwcnf,50,218,500,166.2897732257843,False,157823.0,0.0,0.3000000000000001
526,wuf50-0572.mwcnf,50,218,500,159.70732593536377,False,13992.0,0.0,0.3000000000000001
527,wuf50-0573.mwcnf,50,218,500,162.68319654464722,False,109280.0,83666.0,0.3000000000000001
528,wuf50-0574.mwcnf,50,218,410,135.43868374824524,True,93572.0,93572.0,0.3000000000000001
529,wuf50-0575.mwcnf,50,218,500,167.33546805381775,False,150869.0,0.0,0.3000000000000001
530,wuf50-0576.mwcnf,50,218,500,164.39442324638367,False,114109.0,92097.0,0.3000000000000001
531,wuf50-0577.mwcnf,50,218,500,166.57003045082092,False,44663.0,0.0,0.3000000000000001
532,wuf50-0578.mwcnf,50,218,500,166.81575775146484,False,81958.0,0.0,0.3000000000000001
533,wuf50-0579.mwcnf,50,218,500,163.80250811576843,False,87452.0,83466.0,0.3000000000000001
534,wuf50-058.mwcnf,50,218,500,168.30013418197632,False,171310.0,0.0,0.3000000000000001
535,wuf50-0580.mwcnf,50,218,500,167.15130972862244,False,46102.0,0.0,0.3000000000000001
536,wuf50-0581.mwcnf,50,218,500,168.78062891960144,False,185034.0,0.0,0.3000000000000001
537,wuf50-0582.mwcnf,50,218,500,169.55598974227905,False,23299.0,0.0,0.3000000000000001
538,wuf50-0583.mwcnf,50,218,500,167.15944385528564,False,20968.0,0.0,0.3000000000000001
539,wuf50-0584.mwcnf,50,218,500,169.0617847442627,False,195689.0,0.0,0.3000000000000001
540,wuf50-0585.mwcnf,50,218,500,168.81130290031433,False,53191.0,0.0,0.3000000000000001
541,wuf50-0586.mwcnf,50,218,500,168.55844807624817,False,27950.0,0.0,0.3000000000000001
542,wuf50-0587.mwcnf,50,218,500,167.2980854511261,False,7003.0,0.0,0.3000000000000001
543,wuf50-0588.mwcnf,50,218,194,63.50415396690369,True,73957.0,73957.0,0.3000000000000001
544,wuf50-0589.mwcnf,50,218,500,166.28079795837402,False,200059.0,133358.0,0.3000000000000001
545,wuf50-059.mwcnf,50,218,500,168.03306031227112,False,126010.0,0.0,0.3000000000000001
546,wuf50-0590.mwcnf,50,218,500,168.59447503089905,False,34931.0,0.0,0.3000000000000001
547,wuf50-0591.mwcnf,50,218,500,169.78647661209106,False,85395.0,0.0,0.3000000000000001
548,wuf50-0592.mwcnf,50,218,500,167.13532185554504,False,23300.0,0.0,0.3000000000000001
549,wuf50-0593.mwcnf,50,218,500,164.42069220542908,False,134461.0,83241.0,0.3000000000000001
550,wuf50-0594.mwcnf,50,218,500,167.84789204597473,False,198476.0,0.0,0.3000000000000001
551,wuf50-0595.mwcnf,50,218,500,166.4209234714508,False,49822.0,0.0,0.3000000000000001
552,wuf50-0596.mwcnf,50,218,500,162.64744114875793,False,187067.0,128585.0,0.16
553,wuf50-0597.mwcnf,50,218,500,168.65908026695251,False,143849.0,66993.0,0.3000000000000001
554,wuf50-0598.mwcnf,50,218,500,163.31783437728882,False,149121.0,88119.0,0.3000000000000001
555,wuf50-0599.mwcnf,50,218,500,169.65784311294556,False,158035.0,0.0,0.3000000000000001
556,wuf50-06.mwcnf,50,218,500,170.44673895835876,False,7320.0,0.0,0.3000000000000001
557,wuf50-060.mwcnf,50,218,500,168.55987668037415,False,13991.0,0.0,0.3000000000000001
558,wuf50-0600.mwcnf,50,218,500,168.40245294570923,False,16321.0,30.0,0.3000000000000001
559,wuf50-0601.mwcnf,50,218,500,165.64573454856873,False,133406.0,109940.0,0.3000000000000001
560,wuf50-0602.mwcnf,50,218,500,164.2722098827362,False,100795.0,0.0,0.3000000000000001
561,wuf50-0603.mwcnf,50,218,500,162.19188046455383,False,143090.0,108603.0,0.3000000000000001
562,wuf50-0604.mwcnf,50,218,500,165.10678887367249,False,140401.0,101919.0,0.3000000000000001
563,wuf50-0605.mwcnf,50,218,500,168.62401342391968,False,72939.0,0.0,0.3000000000000001
564,wuf50-0606.mwcnf,50,218,500,164.2590160369873,False,116676.0,70778.0,0.3000000000000001
565,wuf50-0607.mwcnf,50,218,500,166.44327354431152,False,141474.0,93049.0,0.3000000000000001
566,wuf50-0608.mwcnf,50,218,500,169.9523961544037,False,148645.0,0.0,0.3000000000000001
567,wuf50-0609.mwcnf,50,218,500,168.50383162498474,False,101333.0,0.0,0.3000000000000001
568,wuf50-061.mwcnf,50,218,500,168.47179245948792,False,29947.0,0.0,0.3000000000000001
569,wuf50-0610.mwcnf,50,218,500,168.39236044883728,False,136471.0,0.0,0.3000000000000001
570,wuf50-0611.mwcnf,50,218,500,164.29070472717285,False,145627.0,112354.0,0.3000000000000001
571,wuf50-0612.mwcnf,50,218,500,167.1834454536438,False,48896.0,0.0,0.3000000000000001
572,wuf50-0613.mwcnf,50,218,500,163.2797281742096,False,69673.0,58306.0,0.3000000000000001
573,wuf50-0614.mwcnf,50,218,500,168.27712082862854,False,155413.0,0.0,0.3000000000000001
574,wuf50-0615.mwcnf,50,218,500,168.8564646244049,False,26554.0,0.0,0.3000000000000001
575,wuf50-0616.mwcnf,50,218,500,164.90805554389954,False,124770.0,78027.0,0.3000000000000001
576,wuf50-0617.mwcnf,50,218,500,161.7927074432373,False,156983.0,97754.0,0.3000000000000001
577,wuf50-0618.mwcnf,50,218,500,167.0256609916687,False,132983.0,97729.0,0.3000000000000001
578,wuf50-0619.mwcnf,50,218,500,162.51665496826172,False,126680.0,94429.0,0.25000000000000006
579,wuf50-062.mwcnf,50,218,500,166.24585556983948,False,139076.0,102674.0,0.3000000000000001
580,wuf50-0620.mwcnf,50,218,500,167.73324918746948,False,27948.0,0.0,0.3000000000000001
581,wuf50-0621.mwcnf,50,218,500,168.49710273742676,False,23763.0,0.0,0.3000000000000001
582,wuf50-0622.mwcnf,50,218,500,168.79304575920105,False,118055.0,0.0,0.3000000000000001
583,wuf50-0623.mwcnf,50,218,500,165.40674448013306,False,71724.0,69286.0,0.3000000000000001
584,wuf50-0624.mwcnf,50,218,500,167.66659212112427,False,34928.0,0.0,0.3000000000000001
585,wuf50-0625.mwcnf,50,218,500,170.11474680900574,False,138348.0,0.0,0.3000000000000001
586,wuf50-0626.mwcnf,50,218,500,169.68300414085388,False,34935.0,0.0,0.3000000000000001
587,wuf50-0627.mwcnf,50,218,500,164.13109135627747,False,80450.0,79804.0,0.3000000000000001
588,wuf50-0628.mwcnf,50,218,500,165.74515795707703,False,129082.0,73489.0,0.3000000000000001
589,wuf50-0629.mwcnf,50,218,500,170.74845933914185,False,20966.0,0.0,0.3000000000000001
590,wuf50-063.mwcnf,50,218,500,168.344872713089,False,36478.0,0.0,0.3000000000000001
591,wuf50-0630.mwcnf,50,218,500,168.0643172264099,False,23292.0,0.0,0.3000000000000001
592,wuf50-0631.mwcnf,50,218,290,97.01105427742004,True,26785.0,26785.0,0.3000000000000001
593,wuf50-0632.mwcnf,50,218,500,169.9079146385193,False,9329.0,0.0,0.3000000000000001
594,wuf50-0633.mwcnf,50,218,178,58.37253952026367,True,20965.0,20965.0,0.3000000000000001
595,wuf50-0634.mwcnf,50,218,500,168.34713101387024,False,50801.0,0.0,0.3000000000000001
596,wuf50-0635.mwcnf,50,218,500,164.91916918754578,False,175318.0,134726.0,0.3000000000000001
597,wuf50-0636.mwcnf,50,218,500,166.72643113136292,False,117193.0,99291.0,0.3000000000000001
598,wuf50-0637.mwcnf,50,218,500,164.667738199234,False,157363.0,95050.0,0.13999999999999999
599,wuf50-0638.mwcnf,50,218,500,165.9945330619812,False,24460.0,0.0,0.3000000000000001
600,wuf50-0639.mwcnf,50,218,500,169.28389859199524,False,156410.0,0.0,0.3000000000000001
601,wuf50-064.mwcnf,50,218,500,169.8075466156006,False,54321.0,37335.0,0.3000000000000001
602,wuf50-0640.mwcnf,50,218,500,168.83267521858215,False,138178.0,0.0,0.3000000000000001
603,wuf50-0641.mwcnf,50,218,500,165.12436628341675,False,195804.0,83343.0,0.3000000000000001
604,wuf50-0642.mwcnf,50,218,500,169.16768407821655,False,13985.0,0.0,0.3000000000000001
605,wuf50-0643.mwcnf,50,218,500,170.02255606651306,False,34936.0,0.0,0.3000000000000001
606,wuf50-0644.mwcnf,50,218,500,171.5021710395813,False,157320.0,0.0,0.3000000000000001
607,wuf50-0645.mwcnf,50,218,500,162.10035514831543,False,72827.0,60857.0,0.3000000000000001
608,wuf50-0646.mwcnf,50,218,500,165.93799018859863,False,75586.0,35337.0,0.3000000000000001
609,wuf50-0647.mwcnf,50,218,500,166.89439487457275,False,94271.0,0.0,0.3000000000000001
610,wuf50-0648.mwcnf,50,218,500,167.5131378173828,False,33436.0,0.0,0.3000000000000001
611,wuf50-0649.mwcnf,50,218,38,12.28551197052002,True,64308.0,64308.0,0.2900000000000001
612,wuf50-065.mwcnf,50,218,500,169.28712582588196,False,95960.0,0.0,0.3000000000000001
613,wuf50-0650.mwcnf,50,218,500,166.80932998657227,False,63258.0,46934.0,0.3000000000000001
614,wuf50-0651.mwcnf,50,218,500,162.81339502334595,False,81795.0,42209.0,0.3000000000000001
615,wuf50-0652.mwcnf,50,218,500,167.45817971229553,False,15469.0,0.0,0.3000000000000001
616,wuf50-0653.mwcnf,50,218,500,166.97139930725098,False,84271.0,0.0,0.3000000000000001
617,wuf50-0654.mwcnf,50,218,500,167.3137810230255,False,46267.0,0.0,0.3000000000000001
618,wuf50-0655.mwcnf,50,218,500,169.49724006652832,False,48111.0,0.0,0.3000000000000001
619,wuf50-0656.mwcnf,50,218,500,169.17031025886536,False,75395.0,0.0,0.3000000000000001
620,wuf50-0657.mwcnf,50,218,500,168.38499546051025,False,58912.0,0.0,0.3000000000000001
621,wuf50-0658.mwcnf,50,218,500,166.15634322166443,False,12787.0,0.0,0.3000000000000001
622,wuf50-0659.mwcnf,50,218,352,118.76162028312683,True,29990.0,29990.0,0.3000000000000001
623,wuf50-066.mwcnf,50,218,500,172.27858805656433,False,47896.0,0.0,0.3000000000000001
624,wuf50-0660.mwcnf,50,218,500,168.27429008483887,False,18253.0,0.0,0.3000000000000001
625,wuf50-0661.mwcnf,50,218,500,163.1075632572174,False,85732.0,52966.0,0.3000000000000001
626,wuf50-0662.mwcnf,50,218,500,167.21425199508667,False,21900.0,0.0,0.3000000000000001
627,wuf50-0663.mwcnf,50,218,500,169.6171875,False,72711.0,0.0,0.3000000000000001
628,wuf50-0664.mwcnf,50,218,500,163.84783554077148,False,65135.0,39809.0,0.3000000000000001
629,wuf50-0665.mwcnf,50,218,500,166.61522340774536,False,19469.0,0.0,0.3000000000000001
630,wuf50-0666.mwcnf,50,218,500,164.5499768257141,False,79965.0,31218.0,0.3000000000000001
631,wuf50-0667.mwcnf,50,218,500,170.88447451591492,False,3672.0,0.0,0.3000000000000001
632,wuf50-0668.mwcnf,50,218,500,163.69894886016846,False,77031.0,55236.0,0.20000000000000004
633,wuf50-0669.mwcnf,50,218,500,167.54189085960388,False,56239.0,0.0,0.3000000000000001
634,wuf50-067.mwcnf,50,218,500,166.2740786075592,False,8769.0,0.0,0.3000000000000001
635,wuf50-0670.mwcnf,50,218,500,169.13236284255981,False,26665.0,0.0,0.3000000000000001
636,wuf50-0671.mwcnf,50,218,500,164.28456211090088,False,33943.0,26862.0,0.3000000000000001
637,wuf50-0672.mwcnf,50,218,500,166.46580338478088,False,10969.0,0.0,0.3000000000000001
638,wuf50-0673.mwcnf,50,218,500,165.63758373260498,False,97999.0,34216.0,0.3000000000000001
639,wuf50-0674.mwcnf,50,218,500,41889.82812356949,False,14613.0,0.0,0.3000000000000001
640,wuf50-0675.mwcnf,50,218,500,275.2882375717163,False,7318.0,0.0,0.3000000000000001
641,wuf50-0676.mwcnf,50,218,500,383.88765954971313,False,29564.0,26198.0,0.3000000000000001
642,wuf50-0677.mwcnf,50,218,500,3247.5223326683044,False,27008.0,0.0,0.3000000000000001
643,wuf50-0678.mwcnf,50,218,500,156.70371961593628,False,95588.0,59602.0,0.26000000000000006
644,wuf50-0679.mwcnf,50,218,500,158.9004271030426,False,12784.0,0.0,0.3000000000000001
645,wuf50-068.mwcnf,50,218,500,163.46175241470337,False,70575.0,33397.0,0.3000000000000001
646,wuf50-0680.mwcnf,50,218,223,72.99008131027222,True,46070.0,46070.0,0.3000000000000001
647,wuf50-0681.mwcnf,50,218,500,168.11155533790588,False,53488.0,0.0,0.3000000000000001
648,wuf50-0682.mwcnf,50,218,500,174.55117177963257,False,30167.0,0.0,0.3000000000000001
649,wuf50-0683.mwcnf,50,218,500,170.9337499141693,False,7318.0,0.0,0.3000000000000001
650,wuf50-0684.mwcnf,50,218,500,169.77391910552979,False,27046.0,25330.0,0.3000000000000001
651,wuf50-0685.mwcnf,50,218,500,167.83567810058594,False,30691.0,29404.0,0.11999999999999998
652,wuf50-0686.mwcnf,50,218,500,170.36897253990173,False,101253.0,0.0,0.3000000000000001
653,wuf50-0687.mwcnf,50,218,500,166.30250191688538,False,57225.0,49791.0,0.3000000000000001
654,wuf50-0688.mwcnf,50,218,500,165.5132441520691,False,52105.0,0.0,0.3000000000000001
655,wuf50-0689.mwcnf,50,218,500,165.07375741004944,False,14613.0,0.0,0.3000000000000001
656,wuf50-069.mwcnf,50,218,500,163.5208728313446,False,14615.0,0.0,0.3000000000000001
657,wuf50-0690.mwcnf,50,218,500,172.3743178844452,False,7318.0,0.0,0.3000000000000001
658,wuf50-0691.mwcnf,50,218,500,164.067729473114,False,43007.0,0.0,0.3000000000000001
659,wuf50-0692.mwcnf,50,218,500,164.44086599349976,False,7322.0,0.0,0.3000000000000001
660,wuf50-0693.mwcnf,50,218,500,163.76442885398865,False,25546.0,0.0,0.3000000000000001
661,wuf50-0694.mwcnf,50,218,500,160.80740308761597,False,92192.0,65121.0,0.3000000000000001
662,wuf50-0695.mwcnf,50,218,500,163.27038717269897,False,64049.0,47468.0,0.3000000000000001
663,wuf50-0696.mwcnf,50,218,65,19.628990173339844,True,28912.0,28912.0,0.3000000000000001
664,wuf50-0697.mwcnf,50,218,152,53.40064263343811,True,33512.0,33512.0,0.3000000000000001
665,wuf50-0698.mwcnf,50,218,353,113.29099225997925,True,21910.0,21910.0,0.3000000000000001
666,wuf50-0699.mwcnf,50,218,500,166.51555347442627,False,18260.0,0.0,0.3000000000000001
667,wuf50-07.mwcnf,50,218,500,168.35831546783447,False,44292.0,0.0,0.3000000000000001
668,wuf50-070.mwcnf,50,218,500,166.45690989494324,False,18257.0,0.0,0.3000000000000001
669,wuf50-0700.mwcnf,50,218,500,164.5757293701172,False,16071.0,0.0,0.3000000000000001
670,wuf50-0701.mwcnf,50,218,500,165.89942598342896,False,103752.0,0.0,0.3000000000000001
671,wuf50-0702.mwcnf,50,218,500,169.8003420829773,False,74073.0,0.0,0.3000000000000001
672,wuf50-0703.mwcnf,50,218,500,162.9305613040924,False,39999.0,34510.0,0.3000000000000001
673,wuf50-0704.mwcnf,50,218,500,161.17007875442505,False,37341.0,28334.0,0.3000000000000001
674,wuf50-0705.mwcnf,50,218,500,165.25128436088562,False,41799.0,29015.0,0.3000000000000001
675,wuf50-0706.mwcnf,50,218,500,166.01065468788147,False,15820.0,0.0,0.3000000000000001
676,wuf50-0707.mwcnf,50,218,500,164.82541847229004,False,63844.0,0.0,0.3000000000000001
677,wuf50-0708.mwcnf,50,218,500,164.94262981414795,False,29192.0,0.0,0.3000000000000001
678,wuf50-0709.mwcnf,50,218,500,166.31052803993225,False,104069.0,0.0,0.3000000000000001
679,wuf50-071.mwcnf,50,218,500,159.44426155090332,False,75290.0,48733.0,0.26000000000000006
680,wuf50-0710.mwcnf,50,218,500,165.77168726921082,False,16798.0,0.0,0.3000000000000001
681,wuf50-0711.mwcnf,50,218,500,159.60405015945435,False,93531.0,44717.0,0.3000000000000001
682,wuf50-0712.mwcnf,50,218,500,164.53892850875854,False,49292.0,0.0,0.3000000000000001
683,wuf50-0713.mwcnf,50,218,500,160.07651376724243,False,92119.0,28936.0,0.3000000000000001
684,wuf50-0714.mwcnf,50,218,500,164.39848446846008,False,36963.0,0.0,0.3000000000000001
685,wuf50-0715.mwcnf,50,218,343,112.68615555763245,True,40002.0,40002.0,0.3000000000000001
686,wuf50-0716.mwcnf,50,218,500,166.16777634620667,False,94178.0,0.0,0.3000000000000001
687,wuf50-0717.mwcnf,50,218,500,164.22423434257507,False,8538.0,0.0,0.3000000000000001
688,wuf50-0718.mwcnf,50,218,500,166.84136152267456,False,24505.0,0.0,0.3000000000000001
689,wuf50-0719.mwcnf,50,218,500,162.22379755973816,False,77366.0,60290.0,0.22000000000000006
690,wuf50-072.mwcnf,50,218,500,166.0470530986786,False,58435.0,0.0,0.3000000000000001
691,wuf50-0720.mwcnf,50,218,500,164.80174136161804,False,51411.0,0.0,0.3000000000000001
692,wuf50-0721.mwcnf,50,218,500,164.2786407470703,False,34053.0,0.0,0.3000000000000001
693,wuf50-0722.mwcnf,50,218,500,167.80027866363525,False,42047.0,0.0,0.3000000000000001
694,wuf50-0723.mwcnf,50,218,500,165.69946026802063,False,71155.0,0.0,0.3000000000000001
695,wuf50-0724.mwcnf,50,218,500,159.52921533584595,False,66379.0,58729.0,0.21000000000000005
696,wuf50-0725.mwcnf,50,218,500,163.84639954566956,False,82477.0,46692.0,0.3000000000000001
697,wuf50-0726.mwcnf,50,218,500,164.9232485294342,False,99117.0,0.0,0.3000000000000001
698,wuf50-0727.mwcnf,50,218,500,166.2242078781128,False,21901.0,0.0,0.3000000000000001
699,wuf50-0728.mwcnf,50,218,500,166.4332172870636,False,20689.0,0.0,0.3000000000000001
700,wuf50-0729.mwcnf,50,218,500,159.6501338481903,False,22508.0,21291.0,0.3000000000000001
701,wuf50-073.mwcnf,50,218,500,166.79296207427979,False,19471.0,0.0,0.3000000000000001
702,wuf50-0730.mwcnf,50,218,500,160.0446388721466,False,82238.0,48048.0,0.3000000000000001
703,wuf50-0731.mwcnf,50,218,500,165.10198259353638,False,14610.0,0.0,0.3000000000000001
704,wuf50-0732.mwcnf,50,218,500,165.00954794883728,False,27264.0,0.0,0.3000000000000001
705,wuf50-0733.mwcnf,50,218,500,164.99579787254333,False,80478.0,0.0,0.3000000000000001
706,wuf50-0734.mwcnf,50,218,500,164.28599405288696,False,29620.0,0.0,0.3000000000000001
707,wuf50-0735.mwcnf,50,218,500,165.83880925178528,False,82221.0,0.0,0.3000000000000001
708,wuf50-0736.mwcnf,50,218,500,166.00936937332153,False,39780.0,0.0,0.3000000000000001
709,wuf50-0737.mwcnf,50,218,500,166.29490399360657,False,50289.0,0.0,0.3000000000000001
710,wuf50-0738.mwcnf,50,218,500,167.06607747077942,False,18663.0,0.0,0.3000000000000001
711,wuf50-0739.mwcnf,50,218,500,167.03235793113708,False,87666.0,0.0,0.3000000000000001
712,wuf50-074.mwcnf,50,218,500,164.71211218833923,False,14608.0,0.0,0.3000000000000001
713,wuf50-0740.mwcnf,50,218,500,163.70933485031128,False,100485.0,0.0,0.3000000000000001
714,wuf50-0741.mwcnf,50,218,500,164.66122174263,False,59667.0,0.0,0.3000000000000001
715,wuf50-0742.mwcnf,50,218,500,167.14622116088867,False,46459.0,31168.0,0.3000000000000001
716,wuf50-0743.mwcnf,50,218,500,159.71806240081787,False,83100.0,41745.0,0.3000000000000001
717,wuf50-0744.mwcnf,50,218,500,167.06800198554993,False,18261.0,0.0,0.3000000000000001
718,wuf50-0745.mwcnf,50,218,500,162.7697992324829,False,26.0,0.0,0.3000000000000001
719,wuf50-0746.mwcnf,50,218,500,163.90067791938782,False,106817.0,0.0,0.3000000000000001
720,wuf50-0747.mwcnf,50,218,500,166.9706003665924,False,84037.0,76061.0,0.3000000000000001
721,wuf50-0748.mwcnf,50,218,500,173.474125623703,False,62021.0,27856.0,0.3000000000000001
722,wuf50-0749.mwcnf,50,218,500,161.7465696334839,False,20077.0,0.0,0.3000000000000001
723,wuf50-075.mwcnf,50,218,500,166.65469336509705,False,12428.0,0.0,0.3000000000000001
724,wuf50-0750.mwcnf,50,218,500,167.51155400276184,False,90134.0,0.0,0.3000000000000001
725,wuf50-0751.mwcnf,50,218,500,167.62409567832947,False,51178.0,0.0,0.3000000000000001
726,wuf50-0752.mwcnf,50,218,500,167.43888020515442,False,42723.0,0.0,0.3000000000000001
727,wuf50-0753.mwcnf,50,218,500,159.0265829563141,False,108282.0,49680.0,0.3000000000000001
728,wuf50-0754.mwcnf,50,218,500,165.92898750305176,False,76801.0,0.0,0.3000000000000001
729,wuf50-0755.mwcnf,50,218,500,166.74454760551453,False,74837.0,0.0,0.3000000000000001
730,wuf50-0756.mwcnf,50,218,500,167.91695356369019,False,58755.0,0.0,0.3000000000000001
731,wuf50-0757.mwcnf,50,218,500,165.89433217048645,False,40403.0,0.0,0.3000000000000001
732,wuf50-0758.mwcnf,50,218,500,166.6038637161255,False,48763.0,47153.0,0.3000000000000001
733,wuf50-0759.mwcnf,50,218,500,165.78032994270325,False,8539.0,0.0,0.3000000000000001
734,wuf50-076.mwcnf,50,218,500,159.77988052368164,False,62093.0,56639.0,0.3000000000000001
735,wuf50-0760.mwcnf,50,218,500,168.1418423652649,False,46780.0,0.0,0.3000000000000001
736,wuf50-0761.mwcnf,50,218,500,168.7298080921173,False,3666.0,0.0,0.3000000000000001
737,wuf50-0762.mwcnf,50,218,500,167.83585619926453,False,46961.0,0.0,0.3000000000000001
738,wuf50-0763.mwcnf,50,218,500,163.81164622306824,False,20688.0,0.0,0.3000000000000001
739,wuf50-0764.mwcnf,50,218,148,51.55854797363281,True,33217.0,33217.0,0.3000000000000001
740,wuf50-0765.mwcnf,50,218,500,164.36628079414368,False,34850.0,0.0,0.3000000000000001
741,wuf50-0766.mwcnf,50,218,500,159.8089370727539,False,74489.0,37959.0,0.3000000000000001
742,wuf50-0767.mwcnf,50,218,500,165.54444932937622,False,29.0,0.0,0.3000000000000001
743,wuf50-0768.mwcnf,50,218,500,163.14728260040283,False,48690.0,28636.0,0.3000000000000001
744,wuf50-0769.mwcnf,50,218,500,166.52252006530762,False,46819.0,0.0,0.3000000000000001
745,wuf50-077.mwcnf,50,218,500,168.44480109214783,False,9853.0,0.0,0.3000000000000001
746,wuf50-0770.mwcnf,50,218,500,159.54001879692078,False,99205.0,56859.0,0.3000000000000001
747,wuf50-0771.mwcnf,50,218,500,164.08348155021667,False,18256.0,0.0,0.3000000000000001
748,wuf50-0772.mwcnf,50,218,500,167.5941801071167,False,3674.0,0.0,0.3000000000000001
749,wuf50-0773.mwcnf,50,218,500,168.1798450946808,False,12180.0,0.0,0.3000000000000001
750,wuf50-0774.mwcnf,50,218,500,164.22118306159973,False,29185.0,0.0,0.3000000000000001
751,wuf50-0775.mwcnf,50,218,500,161.9252371788025,False,112572.0,45417.0,0.3000000000000001
752,wuf50-0776.mwcnf,50,218,500,166.0519847869873,False,15832.0,0.0,0.3000000000000001
753,wuf50-0777.mwcnf,50,218,500,161.36114835739136,False,42577.0,36209.0,0.3000000000000001
754,wuf50-0778.mwcnf,50,218,500,164.94104099273682,False,59927.0,0.0,0.3000000000000001
755,wuf50-0779.mwcnf,50,218,500,164.83479499816895,False,33839.0,22676.0,0.3000000000000001
756,wuf50-078.mwcnf,50,218,500,172.05525636672974,False,2488.0,0.0,0.3000000000000001
757,wuf50-0780.mwcnf,50,218,500,162.15799260139465,False,39800.0,24644.0,0.3000000000000001
758,wuf50-0781.mwcnf,50,218,500,164.17795753479004,False,17067.0,0.0,0.3000000000000001
759,wuf50-0782.mwcnf,50,218,500,161.47704982757568,False,61852.0,41066.0,0.23000000000000007
760,wuf50-0783.mwcnf,50,218,500,166.58122062683105,False,4936.0,0.0,0.3000000000000001
761,wuf50-0784.mwcnf,50,218,500,166.47418212890625,False,38012.0,0.0,0.3000000000000001
762,wuf50-0785.mwcnf,50,218,500,164.85061645507812,False,11819.0,0.0,0.3000000000000001
763,wuf50-0786.mwcnf,50,218,500,160.04763340950012,False,59782.0,29693.0,0.3000000000000001
764,wuf50-0787.mwcnf,50,218,500,164.01060223579407,False,69272.0,0.0,0.3000000000000001
765,wuf50-0788.mwcnf,50,218,500,165.39162278175354,False,9850.0,0.0,0.3000000000000001
766,wuf50-0789.mwcnf,50,218,500,164.5301628112793,False,2485.0,0.0,0.3000000000000001
767,wuf50-079.mwcnf,50,218,500,160.1535758972168,False,66121.0,43523.0,0.26000000000000006
768,wuf50-0790.mwcnf,50,218,500,164.47835326194763,False,68828.0,0.0,0.3000000000000001
769,wuf50-0791.mwcnf,50,218,500,165.71414613723755,False,12312.0,0.0,0.3000000000000001
770,wuf50-0792.mwcnf,50,218,500,162.27071475982666,False,55805.0,34065.0,0.3000000000000001
771,wuf50-0793.mwcnf,50,218,500,166.72555828094482,False,18029.0,0.0,0.3000000000000001
772,wuf50-0794.mwcnf,50,218,500,164.2625606060028,False,38399.0,0.0,0.3000000000000001
773,wuf50-0795.mwcnf,50,218,500,164.98489212989807,False,12309.0,0.0,0.3000000000000001
774,wuf50-0796.mwcnf,50,218,500,162.88942098617554,False,39834.0,0.0,0.3000000000000001
775,wuf50-0797.mwcnf,50,218,500,161.875723361969,False,41678.0,0.0,0.3000000000000001
776,wuf50-0798.mwcnf,50,218,500,157.9703130722046,False,56380.0,29560.0,0.3000000000000001
777,wuf50-0799.mwcnf,50,218,500,163.22253584861755,False,9856.0,0.0,0.3000000000000001
778,wuf50-08.mwcnf,50,218,500,155.67406296730042,False,2482.0,0.0,0.3000000000000001
779,wuf50-080.mwcnf,50,218,500,155.71031284332275,False,66385.0,30729.0,0.3000000000000001
780,wuf50-0800.mwcnf,50,218,500,150.90150475502014,False,61934.0,32783.0,0.3000000000000001
781,wuf50-0801.mwcnf,50,218,500,155.87797498703003,False,9366.0,0.0,0.3000000000000001
782,wuf50-0802.mwcnf,50,218,500,156.42879247665405,False,46475.0,0.0,0.3000000000000001
783,wuf50-0803.mwcnf,50,218,500,155.18893575668335,False,17228.0,0.0,0.3000000000000001
784,wuf50-0804.mwcnf,50,218,405,124.73080968856812,True,30985.0,30985.0,0.3000000000000001
785,wuf50-0805.mwcnf,50,218,500,150.0679416656494,False,63948.0,39995.0,0.20000000000000004
786,wuf50-0806.mwcnf,50,218,500,155.600768327713,False,8221.0,0.0,0.3000000000000001
787,wuf50-0807.mwcnf,50,218,500,149.76907777786255,False,84674.0,23162.0,0.3000000000000001
788,wuf50-0808.mwcnf,50,218,500,150.63634872436523,False,49123.0,37088.0,0.3000000000000001
789,wuf50-0809.mwcnf,50,218,500,154.4896216392517,False,7396.0,0.0,0.3000000000000001
790,wuf50-081.mwcnf,50,218,232,71.20598125457764,True,24200.0,24200.0,0.3000000000000001
791,wuf50-0810.mwcnf,50,218,500,156.2415087223053,False,11328.0,0.0,0.3000000000000001
792,wuf50-0811.mwcnf,50,218,500,150.759765625,False,67603.0,32782.0,0.20000000000000004
793,wuf50-0812.mwcnf,50,218,500,155.6241250038147,False,12308.0,0.0,0.3000000000000001
794,wuf50-0813.mwcnf,50,218,500,154.78036522865295,False,17933.0,0.0,0.3000000000000001
795,wuf50-0814.mwcnf,50,218,500,155.532940864563,False,41723.0,0.0,0.3000000000000001
796,wuf50-0815.mwcnf,50,218,500,154.41300988197327,False,16776.0,0.0,0.3000000000000001
797,wuf50-0816.mwcnf,50,218,500,151.1671860218048,False,38081.0,28019.0,0.3000000000000001
798,wuf50-0817.mwcnf,50,218,500,155.0190761089325,False,47359.0,43459.0,0.3000000000000001
799,wuf50-0818.mwcnf,50,218,295,94.9628038406372,True,11818.0,11818.0,0.3000000000000001
800,wuf50-0819.mwcnf,50,218,500,163.63089442253113,False,14768.0,0.0,0.3000000000000001
801,wuf50-082.mwcnf,50,218,500,162.3055112361908,False,58607.0,0.0,0.3000000000000001
802,wuf50-0820.mwcnf,50,218,500,161.78096795082092,False,39331.0,17444.0,0.3000000000000001
803,wuf50-0821.mwcnf,50,218,500,161.410991191864,False,5917.0,0.0,0.3000000000000001
804,wuf50-0822.mwcnf,50,218,500,157.32977628707886,False,58734.0,30313.0,0.3000000000000001
805,wuf50-0823.mwcnf,50,218,402,125.7368152141571,True,14116.0,14116.0,0.3000000000000001
806,wuf50-0824.mwcnf,50,218,500,163.90483450889587,False,47755.0,0.0,0.3000000000000001
807,wuf50-0825.mwcnf,50,218,500,154.19195675849915,False,29200.0,0.0,0.3000000000000001
808,wuf50-0826.mwcnf,50,218,500,155.20231342315674,False,4942.0,0.0,0.3000000000000001
809,wuf50-0827.mwcnf,50,218,500,159.4439697265625,False,2483.0,0.0,0.3000000000000001
810,wuf50-0828.mwcnf,50,218,500,150.6269416809082,False,22737.0,20088.0,0.3000000000000001
811,wuf50-0829.mwcnf,50,218,500,153.1540870666504,False,40566.0,32582.0,0.3000000000000001
812,wuf50-083.mwcnf,50,218,31,9.303902864456177,True,16739.0,16739.0,0.20000000000000004
813,wuf50-0830.mwcnf,50,218,500,150.62626338005066,False,45224.0,27874.0,0.3000000000000001
814,wuf50-0831.mwcnf,50,218,500,160.34496140480042,False,39904.0,0.0,0.3000000000000001
815,wuf50-0832.mwcnf,50,218,500,155.863290309906,False,4939.0,0.0,0.3000000000000001
816,wuf50-0833.mwcnf,50,218,500,160.05259656906128,False,63949.0,0.0,0.3000000000000001
817,wuf50-0834.mwcnf,50,218,500,160.649977684021,False,29123.0,15932.0,0.3000000000000001
818,wuf50-0835.mwcnf,50,218,500,161.97786474227905,False,47750.0,0.0,0.3000000000000001
819,wuf50-0836.mwcnf,50,218,500,162.96236991882324,False,25116.0,0.0,0.3000000000000001
820,wuf50-0837.mwcnf,50,218,500,161.73547840118408,False,54434.0,0.0,0.3000000000000001
821,wuf50-0838.mwcnf,50,218,330,107.67271614074707,True,31240.0,31240.0,0.3000000000000001
822,wuf50-0839.mwcnf,50,218,500,159.6019880771637,False,2485.0,0.0,0.3000000000000001
823,wuf50-084.mwcnf,50,218,500,163.57234907150269,False,20799.0,0.0,0.3000000000000001
824,wuf50-0840.mwcnf,50,218,500,159.58232593536377,False,33851.0,18526.0,0.3000000000000001
825,wuf50-0841.mwcnf,50,218,137,48.50090432167053,True,16689.0,16689.0,0.3000000000000001
826,wuf50-0842.mwcnf,50,218,500,163.37316346168518,False,25527.0,0.0,0.3000000000000001
827,wuf50-0843.mwcnf,50,218,500,164.44894528388977,False,34736.0,0.0,0.3000000000000001
828,wuf50-0844.mwcnf,50,218,500,160.27803421020508,False,2478.0,0.0,0.3000000000000001
829,wuf50-0845.mwcnf,50,218,500,163.97940802574158,False,52834.0,0.0,0.3000000000000001
830,wuf50-0846.mwcnf,50,218,500,158.35034251213074,False,50489.0,39295.0,0.3000000000000001
831,wuf50-0847.mwcnf,50,218,500,158.77963161468506,False,34966.0,28367.0,0.19000000000000003
832,wuf50-0848.mwcnf,50,218,500,165.07854413986206,False,61751.0,56904.0,0.3000000000000001
833,wuf50-0849.mwcnf,50,218,500,164.02826952934265,False,14067.0,0.0,0.3000000000000001
834,wuf50-085.mwcnf,50,218,112,37.36915993690491,True,15593.0,15593.0,0.3000000000000001
835,wuf50-0850.mwcnf,50,218,500,154.98199558258057,False,7396.0,0.0,0.3000000000000001
836,wuf50-0851.mwcnf,50,218,500,158.35846757888794,False,37659.0,18387.0,0.3000000000000001
837,wuf50-0852.mwcnf,50,218,500,155.19602608680725,False,4949.0,0.0,0.3000000000000001
838,wuf50-0853.mwcnf,50,218,500,155.5482039451599,False,4945.0,0.0,0.3000000000000001
839,wuf50-0854.mwcnf,50,218,500,153.99492073059082,False,24697.0,0.0,0.3000000000000001
840,wuf50-0855.mwcnf,50,218,500,154.7838819026947,False,2480.0,0.0,0.3000000000000001
841,wuf50-0856.mwcnf,50,218,500,153.7215497493744,False,7405.0,0.0,0.3000000000000001
842,wuf50-0857.mwcnf,50,218,500,153.48418593406677,False,12313.0,0.0,0.3000000000000001
843,wuf50-0858.mwcnf,50,218,500,150.94168639183044,False,26867.0,26781.0,0.3000000000000001
844,wuf50-0859.mwcnf,50,218,500,154.6925859451294,False,7396.0,0.0,0.3000000000000001
845,wuf50-086.mwcnf,50,218,500,155.61391377449036,False,21649.0,0.0,0.3000000000000001
846,wuf50-0860.mwcnf,50,218,500,154.922292470932,False,39275.0,0.0,0.3000000000000001
847,wuf50-0861.mwcnf,50,218,500,155.1848156452179,False,4937.0,0.0,0.3000000000000001
848,wuf50-0862.mwcnf,50,218,500,155.0144066810608,False,9855.0,0.0,0.3000000000000001
849,wuf50-0863.mwcnf,50,218,500,154.42217350006104,False,4937.0,0.0,0.3000000000000001
850,wuf50-0864.mwcnf,50,218,500,154.00274777412415,False,5753.0,0.0,0.3000000000000001
851,wuf50-0865.mwcnf,50,218,500,153.95999121665955,False,4937.0,0.0,0.3000000000000001
852,wuf50-0866.mwcnf,50,218,500,154.04686450958252,False,47233.0,0.0,0.3000000000000001
853,wuf50-0867.mwcnf,50,218,500,154.76791906356812,False,22137.0,0.0,0.3000000000000001
854,wuf50-0868.mwcnf,50,218,500,155.0007185935974,False,12315.0,0.0,0.3000000000000001
855,wuf50-0869.mwcnf,50,218,500,155.7347493171692,False,8217.0,0.0,0.3000000000000001
856,wuf50-087.mwcnf,50,218,500,155.33621263504028,False,11085.0,0.0,0.3000000000000001
857,wuf50-0870.mwcnf,50,218,500,153.9037892818451,False,42848.0,21083.0,0.3000000000000001
858,wuf50-0871.mwcnf,50,218,500,155.40362930297852,False,35726.0,0.0,0.3000000000000001
859,wuf50-0872.mwcnf,50,218,500,155.03280687332153,False,45615.0,0.0,0.3000000000000001
860,wuf50-0873.mwcnf,50,218,500,161.66616463661194,False,2486.0,0.0,0.3000000000000001
861,wuf50-0874.mwcnf,50,218,500,162.54954600334167,False,48034.0,0.0,0.3000000000000001
862,wuf50-0875.mwcnf,50,218,500,164.18388891220093,False,48030.0,0.0,0.3000000000000001
863,wuf50-0876.mwcnf,50,218,500,164.97469687461853,False,49275.0,0.0,0.3000000000000001
864,wuf50-0877.mwcnf,50,218,500,157.53038215637207,False,22994.0,17621.0,0.3000000000000001
865,wuf50-0878.mwcnf,50,218,500,155.3081455230713,False,2481.0,0.0,0.3000000000000001
866,wuf50-0879.mwcnf,50,218,500,157.21839570999146,False,4940.0,0.0,0.3000000000000001
867,wuf50-088.mwcnf,50,218,500,156.88822484016418,False,13128.0,0.0,0.3000000000000001
868,wuf50-0880.mwcnf,50,218,500,164.34342885017395,False,17433.0,0.0,0.3000000000000001
869,wuf50-0881.mwcnf,50,218,500,163.83539748191833,False,47566.0,0.0,0.3000000000000001
870,wuf50-0882.mwcnf,50,218,500,158.52233409881592,False,10910.0,0.0,0.3000000000000001
871,wuf50-0883.mwcnf,50,218,500,158.81511449813843,False,43624.0,33813.0,0.3000000000000001
872,wuf50-0884.mwcnf,50,218,500,165.1102843284607,False,4951.0,0.0,0.3000000000000001
873,wuf50-0885.mwcnf,50,218,500,167.41375517845154,False,28228.0,0.0,0.3000000000000001
874,wuf50-0886.mwcnf,50,218,500,165.0525245666504,False,43215.0,24360.0,0.3000000000000001
875,wuf50-0887.mwcnf,50,218,500,165.17858386039734,False,51300.0,25088.0,0.3000000000000001
876,wuf50-0888.mwcnf,50,218,500,162.22688961029053,False,34789.0,25931.0,0.3000000000000001
877,wuf50-0889.mwcnf,50,218,500,170.52987265586853,False,13585.0,0.0,0.3000000000000001
878,wuf50-089.mwcnf,50,218,500,164.88424825668335,False,31157.0,0.0,0.3000000000000001
