,Task,numVariables,numClauses,endGeneration,Duration,isSolutionFound,optWeight,bestWeight,maxMutation
0,wuf75-01.mwcnf,75,325,500,154.11548948287964,False,109541.0,0.0,0.3000000000000001
1,wuf75-010.mwcnf,75,325,500,228.34461736679077,False,121472.0,0.0,0.3000000000000001
2,wuf75-0100.mwcnf,75,325,500,217.29528212547302,False,37615.0,0.0,0.3000000000000001
3,wuf75-011.mwcnf,75,325,500,214.13555932044983,False,82885.0,0.0,0.3000000000000001
4,wuf75-012.mwcnf,75,325,500,206.44452571868896,False,14801.0,0.0,0.3000000000000001
5,wuf75-013.mwcnf,75,325,500,227.9611246585846,False,94410.0,0.0,0.3000000000000001
6,wuf75-014.mwcnf,75,325,500,234.7953462600708,False,111021.0,0.0,0.3000000000000001
7,wuf75-015.mwcnf,75,325,500,228.47236728668213,False,64894.0,0.0,0.3000000000000001
8,wuf75-016.mwcnf,75,325,500,228.83740711212158,False,20135.0,0.0,0.3000000000000001
9,wuf75-017.mwcnf,75,325,500,240.82884335517883,False,80826.0,0.0,0.3000000000000001
10,wuf75-018.mwcnf,75,325,500,185.42179799079895,False,78870.0,0.0,0.3000000000000001
11,wuf75-019.mwcnf,75,325,500,190.86968398094177,False,11394.0,0.0,0.3000000000000001
12,wuf75-02.mwcnf,75,325,500,204.3776252269745,False,104451.0,0.0,0.3000000000000001
13,wuf75-020.mwcnf,75,325,500,226.94820094108582,False,28434.0,0.0,0.3000000000000001
14,wuf75-021.mwcnf,75,325,500,230.21496415138245,False,63739.0,0.0,0.3000000000000001
15,wuf75-022.mwcnf,75,325,500,224.8518524169922,False,114842.0,0.0,0.3000000000000001
16,wuf75-023.mwcnf,75,325,500,213.31602954864502,False,41015.0,0.0,0.3000000000000001
17,wuf75-024.mwcnf,75,325,500,221.35883831977844,False,46822.0,0.0,0.3000000000000001
18,wuf75-025.mwcnf,75,325,500,206.8287754058838,False,79178.0,0.0,0.3000000000000001
19,wuf75-026.mwcnf,75,325,500,207.21973037719727,False,60524.0,0.0,0.3000000000000001
20,wuf75-027.mwcnf,75,325,500,207.86674189567566,False,92973.0,0.0,0.3000000000000001
21,wuf75-028.mwcnf,75,325,500,204.96826195716858,False,32901.0,0.0,0.3000000000000001
22,wuf75-029.mwcnf,75,325,500,206.73797583580017,False,104136.0,0.0,0.3000000000000001
23,wuf75-03.mwcnf,75,325,500,211.54472708702087,False,4579.0,0.0,0.3000000000000001
24,wuf75-030.mwcnf,75,325,500,205.24544501304626,False,33408.0,0.0,0.3000000000000001
25,wuf75-031.mwcnf,75,325,500,208.0138988494873,False,51780.0,0.0,0.3000000000000001
26,wuf75-032.mwcnf,75,325,500,192.4434154033661,False,30280.0,0.0,0.3000000000000001
27,wuf75-033.mwcnf,75,325,500,177.8966670036316,False,128875.0,0.0,0.3000000000000001
28,wuf75-034.mwcnf,75,325,500,179.1970283985138,False,92384.0,0.0,0.3000000000000001
29,wuf75-035.mwcnf,75,325,500,179.05559849739075,False,82911.0,0.0,0.3000000000000001
30,wuf75-036.mwcnf,75,325,500,176.44284844398499,False,23888.0,0.0,0.3000000000000001
31,wuf75-037.mwcnf,75,325,500,181.2544937133789,False,22753.0,0.0,0.3000000000000001
32,wuf75-038.mwcnf,75,325,500,180.71553325653076,False,18207.0,0.0,0.3000000000000001
33,wuf75-039.mwcnf,75,325,500,200.31871461868286,False,43349.0,0.0,0.3000000000000001
34,wuf75-04.mwcnf,75,325,500,215.146497964859,False,17075.0,0.0,0.3000000000000001
35,wuf75-040.mwcnf,75,325,500,221.8169538974762,False,19794.0,0.0,0.3000000000000001
36,wuf75-041.mwcnf,75,325,500,221.73386573791504,False,13665.0,0.0,0.3000000000000001
37,wuf75-042.mwcnf,75,325,500,218.98800826072693,False,110737.0,0.0,0.3000000000000001
38,wuf75-043.mwcnf,75,325,500,220.26154589653015,False,107616.0,0.0,0.3000000000000001
39,wuf75-044.mwcnf,75,325,500,222.08935046195984,False,20474.0,0.0,0.3000000000000001
40,wuf75-045.mwcnf,75,325,500,430.8017644882202,False,105159.0,0.0,0.3000000000000001
41,wuf75-046.mwcnf,75,325,500,577.8767237663269,False,10257.0,0.0,0.3000000000000001
42,wuf75-047.mwcnf,75,325,500,577.1898972988129,False,101300.0,0.0,0.3000000000000001
43,wuf75-048.mwcnf,75,325,500,576.7442147731781,False,77660.0,0.0,0.3000000000000001
44,wuf75-049.mwcnf,75,325,500,584.0015368461609,False,113088.0,0.0,0.3000000000000001
45,wuf75-05.mwcnf,75,325,500,589.5868654251099,False,20859.0,0.0,0.3000000000000001
46,wuf75-050.mwcnf,75,325,500,588.9052731990814,False,76526.0,0.0,0.3000000000000001
47,wuf75-051.mwcnf,75,325,500,600.478068113327,False,17073.0,0.0,0.3000000000000001
48,wuf75-052.mwcnf,75,325,500,582.8230352401733,False,29952.0,0.0,0.3000000000000001
49,wuf75-053.mwcnf,75,325,500,579.4517095088959,False,49184.0,0.0,0.3000000000000001
50,wuf75-054.mwcnf,75,325,500,592.3721854686737,False,70486.0,0.0,0.3000000000000001
51,wuf75-055.mwcnf,75,325,500,373.0061776638031,False,11394.0,0.0,0.3000000000000001
52,wuf75-056.mwcnf,75,325,500,1517.3002920150757,False,47528.0,0.0,0.3000000000000001
53,wuf75-057.mwcnf,75,325,500,1559.0390861034393,False,18202.0,0.0,0.3000000000000001
54,wuf75-058.mwcnf,75,325,500,484.4402313232422,False,90641.0,0.0,0.3000000000000001
55,wuf75-059.mwcnf,75,325,500,285.54086542129517,False,82143.0,0.0,0.3000000000000001
56,wuf75-06.mwcnf,75,325,500,293.80248188972473,False,81172.0,0.0,0.3000000000000001
57,wuf75-060.mwcnf,75,325,500,248.72246670722961,False,53611.0,0.0,0.3000000000000001
58,wuf75-061.mwcnf,75,325,500,222.88740253448486,False,94316.0,0.0,0.3000000000000001
59,wuf75-062.mwcnf,75,325,500,219.79192996025085,False,15026.0,0.0,0.3000000000000001
60,wuf75-063.mwcnf,75,325,500,212.75769329071045,False,76851.0,0.0,0.3000000000000001
61,wuf75-064.mwcnf,75,325,500,212.22845888137817,False,102556.0,0.0,0.3000000000000001
62,wuf75-065.mwcnf,75,325,500,209.5117084980011,False,61247.0,0.0,0.3000000000000001
63,wuf75-066.mwcnf,75,325,500,215.6459081172943,False,92241.0,0.0,0.3000000000000001
64,wuf75-067.mwcnf,75,325,500,208.68589520454407,False,27288.0,0.0,0.3000000000000001
65,wuf75-068.mwcnf,75,325,500,212.5129678249359,False,136557.0,0.0,0.3000000000000001
66,wuf75-069.mwcnf,75,325,500,211.76466608047485,False,90709.0,0.0,0.3000000000000001
67,wuf75-07.mwcnf,75,325,500,233.72213411331177,False,63876.0,0.0,0.3000000000000001
68,wuf75-070.mwcnf,75,325,500,233.87756967544556,False,55572.0,0.0,0.3000000000000001
69,wuf75-071.mwcnf,75,325,500,231.95524072647095,False,121291.0,0.0,0.3000000000000001
70,wuf75-072.mwcnf,75,325,500,265.39101219177246,False,112987.0,0.0,0.3000000000000001
71,wuf75-073.mwcnf,75,325,500,380.2764194011688,False,157829.0,0.0,0.3000000000000001
72,wuf75-074.mwcnf,75,325,500,987.7493040561676,False,72536.0,0.0,0.3000000000000001
73,wuf75-075.mwcnf,75,325,500,1056.5704843997955,False,116318.0,0.0,0.3000000000000001
74,wuf75-076.mwcnf,75,325,500,723.0556018352509,False,81472.0,0.0,0.3000000000000001
75,wuf75-077.mwcnf,75,325,500,235.6429624557495,False,116605.0,0.0,0.3000000000000001
76,wuf75-078.mwcnf,75,325,500,214.16179943084717,False,39212.0,0.0,0.3000000000000001
77,wuf75-079.mwcnf,75,325,500,214.13360214233398,False,62174.0,0.0,0.3000000000000001
78,wuf75-08.mwcnf,75,325,500,212.39209580421448,False,29618.0,0.0,0.3000000000000001
79,wuf75-080.mwcnf,75,325,500,212.6459503173828,False,78623.0,0.0,0.3000000000000001
80,wuf75-081.mwcnf,75,325,500,211.50367283821106,False,28798.0,0.0,0.3000000000000001
81,wuf75-082.mwcnf,75,325,500,212.10176753997803,False,103098.0,0.0,0.3000000000000001
82,wuf75-083.mwcnf,75,325,500,212.2838213443756,False,35022.0,0.0,0.3000000000000001
83,wuf75-084.mwcnf,75,325,500,211.90222668647766,False,34104.0,0.0,0.3000000000000001
84,wuf75-085.mwcnf,75,325,500,211.15260100364685,False,129368.0,0.0,0.3000000000000001
85,wuf75-086.mwcnf,75,325,500,218.1615800857544,False,30515.0,0.0,0.3000000000000001
86,wuf75-087.mwcnf,75,325,500,223.54202032089233,False,102818.0,0.0,0.3000000000000001
87,wuf75-088.mwcnf,75,325,500,36776.10726261139,False,104729.0,0.0,0.3000000000000001
88,wuf75-089.mwcnf,75,325,500,196.11568427085876,False,78086.0,0.0,0.3000000000000001
89,wuf75-09.mwcnf,75,325,500,214.26253151893616,False,33309.0,0.0,0.3000000000000001
90,wuf75-090.mwcnf,75,325,500,205.07458233833313,False,6771.0,0.0,0.3000000000000001
91,wuf75-091.mwcnf,75,325,500,201.2867455482483,False,3408.0,0.0,0.3000000000000001
92,wuf75-092.mwcnf,75,325,500,197.5123336315155,False,41324.0,0.0,0.3000000000000001
93,wuf75-093.mwcnf,75,325,500,198.25428342819214,False,32927.0,0.0,0.3000000000000001
94,wuf75-094.mwcnf,75,325,500,196.905775308609,False,29323.0,0.0,0.3000000000000001
95,wuf75-095.mwcnf,75,325,500,192.99867033958435,False,8789.0,0.0,0.3000000000000001
96,wuf75-096.mwcnf,75,325,500,197.41834545135498,False,11404.0,0.0,0.3000000000000001
97,wuf75-097.mwcnf,75,325,500,193.40436840057373,False,11278.0,0.0,0.3000000000000001
98,wuf75-098.mwcnf,75,325,500,195.34648752212524,False,27108.0,0.0,0.3000000000000001
99,wuf75-099.mwcnf,75,325,500,194.29605388641357,False,14608.0,0.0,0.3000000000000001
