,Task,numVariables,numClauses,endGeneration,Duration,isSolutionFound,optWeight,bestWeight,maxMutation
0,wuf20-01.mwcnf,20,91,50,9.07213830947876,True,2293.0,2293.0,0.3000000000000001
1,wuf20-010.mwcnf,20,91,9,2.369117021560669,True,4399.0,4399.0,0.05
2,wuf20-0100.mwcnf,20,91,500,150.1395547389984,False,4900.0,4000.0,0.07
3,wuf20-01000.mwcnf,20,91,66,21.411153078079224,True,3200.0,3200.0,0.3000000000000001
4,wuf20-0101.mwcnf,20,91,7,2.267782211303711,True,3801.0,3801.0,0.060000000000000005
5,wuf20-0102.mwcnf,20,91,108,32.9170036315918,True,4601.0,4601.0,0.3000000000000001
6,wuf20-0103.mwcnf,20,91,269,84.5566017627716,True,4400.0,4400.0,0.3000000000000001
7,wuf20-0104.mwcnf,20,91,6,1.751636028289795,True,4248.0,4248.0,0.02
8,wuf20-0105.mwcnf,20,91,6,1.7728846073150635,True,3200.0,3200.0,0.04
9,wuf20-0106.mwcnf,20,91,128,40.64868521690369,True,3600.0,3600.0,0.3000000000000001
10,wuf20-0107.mwcnf,20,91,14,4.17940878868103,True,4400.0,4400.0,0.12999999999999998
11,wuf20-0108.mwcnf,20,91,500,155.1751971244812,False,3600.0,3300.0,0.08
12,wuf20-0109.mwcnf,20,91,42,13.045061349868774,True,3400.0,3400.0,0.3000000000000001
13,wuf20-011.mwcnf,20,91,8,2.5421559810638428,True,3668.0,3668.0,0.03
14,wuf20-0110.mwcnf,20,91,472,143.92125964164734,True,3856.0,3856.0,0.07
15,wuf20-0111.mwcnf,20,91,14,4.301601886749268,True,4146.0,4146.0,0.060000000000000005
16,wuf20-0112.mwcnf,20,91,5,1.5378034114837646,True,4859.0,4859.0,0.03
17,wuf20-0113.mwcnf,20,91,38,8.858277559280396,True,4400.0,4400.0,0.3000000000000001
18,wuf20-0114.mwcnf,20,91,12,1.4684879779815674,True,3906.0,3906.0,0.07
19,wuf20-0115.mwcnf,20,91,51,6.574621677398682,True,2950.0,2950.0,0.3000000000000001
20,wuf20-0116.mwcnf,20,91,9,0.9150333404541016,True,3069.0,3069.0,0.07
21,wuf20-0117.mwcnf,20,91,15,1.5428171157836914,True,3800.0,3800.0,0.09999999999999999
22,wuf20-0118.mwcnf,20,91,5,0.5350379943847656,True,3850.0,3850.0,0.02
23,wuf20-0119.mwcnf,20,91,4,0.43367505073547363,True,2801.0,2801.0,0.03
24,wuf20-012.mwcnf,20,91,8,0.8297116756439209,True,3443.0,3443.0,0.02
25,wuf20-0120.mwcnf,20,91,13,1.3947720527648926,True,4258.0,4258.0,0.07
26,wuf20-0121.mwcnf,20,91,8,0.833960771560669,True,4300.0,4300.0,0.060000000000000005
27,wuf20-0122.mwcnf,20,91,11,1.1638152599334717,True,5601.0,5601.0,0.09999999999999999
28,wuf20-0123.mwcnf,20,91,6,0.6245038509368896,True,5000.0,5000.0,0.05
29,wuf20-0124.mwcnf,20,91,6,0.645301342010498,True,4024.0,4024.0,0.03
30,wuf20-0125.mwcnf,20,91,14,1.4516079425811768,True,4400.0,4400.0,0.03
31,wuf20-0126.mwcnf,20,91,9,0.8488993644714355,True,2271.0,2271.0,0.08
32,wuf20-0127.mwcnf,20,91,8,0.814908504486084,True,3449.0,3449.0,0.04
33,wuf20-0128.mwcnf,20,91,9,0.8729395866394043,True,4268.0,4268.0,0.060000000000000005
34,wuf20-0129.mwcnf,20,91,70,7.578686237335205,True,4059.0,4059.0,0.3000000000000001
35,wuf20-013.mwcnf,20,91,13,1.266059160232544,True,1944.0,1944.0,0.05
36,wuf20-0130.mwcnf,20,91,9,0.9264473915100098,True,2601.0,2601.0,0.060000000000000005
37,wuf20-0131.mwcnf,20,91,6,0.6120483875274658,True,4744.0,4744.0,0.02
38,wuf20-0132.mwcnf,20,91,11,1.0917925834655762,True,5200.0,5200.0,0.09999999999999999
39,wuf20-0133.mwcnf,20,91,7,0.6602897644042969,True,4160.0,4160.0,0.060000000000000005
40,wuf20-0134.mwcnf,20,91,11,1.1291553974151611,True,3855.0,3855.0,0.02
41,wuf20-0135.mwcnf,20,91,13,1.2613615989685059,True,4600.0,4600.0,0.09999999999999999
42,wuf20-0136.mwcnf,20,91,68,7.3943047523498535,True,5534.0,5534.0,0.3000000000000001
43,wuf20-0137.mwcnf,20,91,10,1.1188266277313232,True,1771.0,1771.0,0.05
44,wuf20-0138.mwcnf,20,91,8,0.9199032783508301,True,3214.0,3214.0,0.07
45,wuf20-0139.mwcnf,20,91,6,0.6856217384338379,True,1704.0,1704.0,0.02
46,wuf20-014.mwcnf,20,91,7,0.7971429824829102,True,3266.0,3266.0,0.04
47,wuf20-0140.mwcnf,20,91,500,56.619157552719116,False,2553.0,2430.0,0.060000000000000005
48,wuf20-0141.mwcnf,20,91,157,16.63054370880127,True,2799.0,2799.0,0.3000000000000001
49,wuf20-0142.mwcnf,20,91,10,0.9883823394775391,True,3089.0,3089.0,0.060000000000000005
50,wuf20-0143.mwcnf,20,91,500,53.07676935195923,False,3205.0,3026.0,0.08
51,wuf20-0144.mwcnf,20,91,12,1.2610464096069336,True,1873.0,1873.0,0.05
52,wuf20-0145.mwcnf,20,91,8,0.7197833061218262,True,3111.0,3111.0,0.060000000000000005
53,wuf20-0146.mwcnf,20,91,11,1.260453701019287,True,2931.0,2931.0,0.060000000000000005
54,wuf20-0147.mwcnf,20,91,110,12.084292888641357,True,3577.0,3577.0,0.3000000000000001
55,wuf20-0148.mwcnf,20,91,24,2.368396520614624,True,3213.0,3213.0,0.060000000000000005
56,wuf20-0149.mwcnf,20,91,7,0.7338972091674805,True,2333.0,2333.0,0.060000000000000005
57,wuf20-015.mwcnf,20,91,500,52.975311279296875,False,2052.0,1025.0,0.08
58,wuf20-0150.mwcnf,20,91,10,1.0647549629211426,True,2521.0,2521.0,0.08
59,wuf20-0151.mwcnf,20,91,7,0.7399904727935791,True,3834.0,3834.0,0.05
60,wuf20-0152.mwcnf,20,91,95,9.726000308990479,True,2140.0,2140.0,0.05
61,wuf20-0153.mwcnf,20,91,11,1.1388447284698486,True,2828.0,2828.0,0.04
62,wuf20-0154.mwcnf,20,91,7,0.7376971244812012,True,4043.0,4043.0,0.060000000000000005
63,wuf20-0155.mwcnf,20,91,28,2.768883466720581,True,3302.0,3302.0,0.04
64,wuf20-0156.mwcnf,20,91,35,3.7006843090057373,True,1982.0,1982.0,0.11999999999999998
65,wuf20-0157.mwcnf,20,91,32,3.2739474773406982,True,2125.0,2125.0,0.10999999999999999
66,wuf20-0158.mwcnf,20,91,500,54.50165843963623,False,2310.0,1555.0,0.060000000000000005
67,wuf20-0159.mwcnf,20,91,500,54.36888599395752,False,2932.0,2798.0,0.060000000000000005
68,wuf20-016.mwcnf,20,91,7,0.7365057468414307,True,3236.0,3236.0,0.060000000000000005
69,wuf20-0160.mwcnf,20,91,101,10.703308820724487,True,3733.0,3733.0,0.3000000000000001
70,wuf20-0161.mwcnf,20,91,6,0.6075706481933594,True,3330.0,3330.0,0.05
71,wuf20-0162.mwcnf,20,91,8,0.8440237045288086,True,3149.0,3149.0,0.04
72,wuf20-0163.mwcnf,20,91,500,50.94008207321167,False,3236.0,3095.0,0.060000000000000005
73,wuf20-0164.mwcnf,20,91,6,0.6184587478637695,True,2337.0,2337.0,0.02
74,wuf20-0165.mwcnf,20,91,7,0.7335731983184814,True,3654.0,3654.0,0.04
75,wuf20-0166.mwcnf,20,91,10,1.0070860385894775,True,3733.0,3733.0,0.09999999999999999
76,wuf20-0167.mwcnf,20,91,12,1.2085330486297607,True,2644.0,2644.0,0.09
77,wuf20-0168.mwcnf,20,91,7,0.7205333709716797,True,2721.0,2721.0,0.07
78,wuf20-0169.mwcnf,20,91,21,2.264831066131592,True,3069.0,3069.0,0.05
79,wuf20-017.mwcnf,20,91,9,0.868253231048584,True,3810.0,3810.0,0.08
80,wuf20-0170.mwcnf,20,91,13,1.3863348960876465,True,3733.0,3733.0,0.05
81,wuf20-0171.mwcnf,20,91,6,0.6284253597259521,True,3251.0,3251.0,0.04
82,wuf20-0172.mwcnf,20,91,40,4.225275278091431,True,2488.0,2488.0,0.3000000000000001
83,wuf20-0173.mwcnf,20,91,9,0.9348857402801514,True,2124.0,2124.0,0.08
84,wuf20-0174.mwcnf,20,91,7,0.7522368431091309,True,3576.0,3576.0,0.05
85,wuf20-0175.mwcnf,20,91,12,1.1675994396209717,True,2987.0,2987.0,0.08
86,wuf20-0176.mwcnf,20,91,120,12.84303069114685,True,1866.0,1866.0,0.3000000000000001
87,wuf20-0177.mwcnf,20,91,20,2.0007121562957764,True,3110.0,3110.0,0.17
88,wuf20-0178.mwcnf,20,91,34,3.40322208404541,True,2334.0,2334.0,0.17
89,wuf20-0179.mwcnf,20,91,6,0.546738862991333,True,3628.0,3628.0,0.03
90,wuf20-018.mwcnf,20,91,72,7.421979904174805,True,4043.0,4043.0,0.3000000000000001
91,wuf20-0180.mwcnf,20,91,10,0.9721510410308838,True,3577.0,3577.0,0.09
92,wuf20-0181.mwcnf,20,91,8,0.8254516124725342,True,3213.0,3213.0,0.060000000000000005
93,wuf20-0182.mwcnf,20,91,9,0.8442292213439941,True,2574.0,2574.0,0.04
94,wuf20-0183.mwcnf,20,91,500,51.51620864868164,False,2695.0,2385.0,0.20000000000000004
95,wuf20-0184.mwcnf,20,91,9,1.0094103813171387,True,2863.0,2863.0,0.08
96,wuf20-0185.mwcnf,20,91,97,10.476777076721191,True,3421.0,3421.0,0.3000000000000001
97,wuf20-0186.mwcnf,20,91,5,0.5318522453308105,True,3680.0,3680.0,0.05
98,wuf20-0187.mwcnf,20,91,261,26.793001890182495,True,1662.0,1662.0,0.08
99,wuf20-0188.mwcnf,20,91,500,51.78243923187256,False,2644.0,2643.0,0.060000000000000005
100,wuf20-0189.mwcnf,20,91,19,1.8655204772949219,True,1998.0,1998.0,0.05
101,wuf20-019.mwcnf,20,91,9,0.9443488121032715,True,3266.0,3266.0,0.05
102,wuf20-0190.mwcnf,20,91,10,1.0893886089324951,True,3135.0,3135.0,0.04
103,wuf20-0191.mwcnf,20,91,30,2.812592029571533,True,3266.0,3266.0,0.18000000000000002
104,wuf20-0192.mwcnf,20,91,277,28.9902184009552,True,2022.0,2022.0,0.3000000000000001
105,wuf20-0193.mwcnf,20,91,160,16.662437677383423,True,2955.0,2955.0,0.3000000000000001
106,wuf20-0194.mwcnf,20,91,9,0.8873603343963623,True,2777.0,2777.0,0.060000000000000005
107,wuf20-0195.mwcnf,20,91,7,0.6839096546173096,True,3566.0,3566.0,0.03
108,wuf20-0196.mwcnf,20,91,8,0.8506808280944824,True,2722.0,2722.0,0.060000000000000005
109,wuf20-0197.mwcnf,20,91,11,1.0751447677612305,True,3732.0,3732.0,0.09999999999999999
110,wuf20-0198.mwcnf,20,91,9,0.9509520530700684,True,3110.0,3110.0,0.08
111,wuf20-0199.mwcnf,20,91,8,0.8330981731414795,True,3578.0,3578.0,0.03
112,wuf20-02.mwcnf,20,91,16,1.6886017322540283,True,3972.0,3972.0,0.05
113,wuf20-020.mwcnf,20,91,10,0.9965035915374756,True,2486.0,2486.0,0.08
114,wuf20-0200.mwcnf,20,91,500,50.61785054206848,False,2179.0,1815.0,0.060000000000000005
115,wuf20-0201.mwcnf,20,91,12,1.1427953243255615,True,2644.0,2644.0,0.060000000000000005
116,wuf20-0202.mwcnf,20,91,19,1.8452391624450684,True,2739.0,2739.0,0.060000000000000005
117,wuf20-0203.mwcnf,20,91,51,5.317546367645264,True,2644.0,2644.0,0.3000000000000001
118,wuf20-0204.mwcnf,20,91,10,1.0285918712615967,True,2798.0,2798.0,0.060000000000000005
119,wuf20-0205.mwcnf,20,91,8,0.7752892971038818,True,2799.0,2799.0,0.05
120,wuf20-0206.mwcnf,20,91,500,50.74439358711243,False,4009.0,3179.0,0.11999999999999998
121,wuf20-0207.mwcnf,20,91,38,4.020263433456421,True,2955.0,2955.0,0.3000000000000001
122,wuf20-0208.mwcnf,20,91,8,0.807354211807251,True,2930.0,2930.0,0.05
123,wuf20-0209.mwcnf,20,91,49,4.966536045074463,True,3266.0,3266.0,0.3000000000000001
124,wuf20-021.mwcnf,20,91,11,1.101536750793457,True,2801.0,2801.0,0.09999999999999999
125,wuf20-0210.mwcnf,20,91,12,1.1959850788116455,True,1588.0,1588.0,0.03
126,wuf20-0211.mwcnf,20,91,11,1.16617751121521,True,3237.0,3237.0,0.08
127,wuf20-0212.mwcnf,20,91,30,3.0196163654327393,True,2192.0,2192.0,0.2900000000000001
128,wuf20-0213.mwcnf,20,91,37,3.934009075164795,True,2676.0,2676.0,0.3000000000000001
129,wuf20-0214.mwcnf,20,91,7,0.7427377700805664,True,4354.0,4354.0,0.060000000000000005
130,wuf20-0215.mwcnf,20,91,500,51.597501277923584,False,3029.0,2626.0,0.060000000000000005
131,wuf20-0216.mwcnf,20,91,66,6.790260314941406,True,3733.0,3733.0,0.3000000000000001
132,wuf20-0217.mwcnf,20,91,5,0.5066165924072266,True,3553.0,3553.0,0.04
133,wuf20-0218.mwcnf,20,91,9,0.851557731628418,True,3210.0,3210.0,0.02
134,wuf20-0219.mwcnf,20,91,40,4.138126373291016,True,2488.0,2488.0,0.3000000000000001
135,wuf20-022.mwcnf,20,91,46,4.652008533477783,True,2179.0,2179.0,0.3000000000000001
136,wuf20-0220.mwcnf,20,91,6,0.5640857219696045,True,2667.0,2667.0,0.05
137,wuf20-0221.mwcnf,20,91,8,0.8034758567810059,True,4275.0,4275.0,0.04
138,wuf20-0222.mwcnf,20,91,12,1.2220208644866943,True,3420.0,3420.0,0.03
139,wuf20-0223.mwcnf,20,91,11,1.044773817062378,True,3318.0,3318.0,0.09999999999999999
140,wuf20-0224.mwcnf,20,91,24,2.4896247386932373,True,2333.0,2333.0,0.13999999999999999
141,wuf20-0225.mwcnf,20,91,68,7.1577980518341064,True,1244.0,1244.0,0.3000000000000001
142,wuf20-0226.mwcnf,20,91,462,46.2116961479187,True,2333.0,2333.0,0.07
143,wuf20-0227.mwcnf,20,91,500,50.946040630340576,False,3246.0,1833.0,0.3000000000000001
144,wuf20-0228.mwcnf,20,91,9,0.8836557865142822,True,3420.0,3420.0,0.060000000000000005
145,wuf20-0229.mwcnf,20,91,12,1.2014269828796387,True,3485.0,3485.0,0.09999999999999999
146,wuf20-023.mwcnf,20,91,21,2.1301991939544678,True,2255.0,2255.0,0.05
147,wuf20-0230.mwcnf,20,91,418,42.32051086425781,True,2676.0,2676.0,0.08
148,wuf20-0231.mwcnf,20,91,218,22.94060730934143,True,3421.0,3421.0,0.3000000000000001
149,wuf20-0232.mwcnf,20,91,11,1.035064697265625,True,3577.0,3577.0,0.09999999999999999
150,wuf20-0233.mwcnf,20,91,14,1.438751459121704,True,3287.0,3287.0,0.09999999999999999
151,wuf20-0234.mwcnf,20,91,44,4.728689432144165,True,3525.0,3525.0,0.3000000000000001
152,wuf20-0235.mwcnf,20,91,4,0.38494873046875,True,3905.0,3905.0,0.03
153,wuf20-0236.mwcnf,20,91,376,39.13328814506531,True,4199.0,4199.0,0.3000000000000001
154,wuf20-0237.mwcnf,20,91,20,1.9863371849060059,True,2535.0,2535.0,0.07
155,wuf20-0238.mwcnf,20,91,41,4.204951763153076,True,2489.0,2489.0,0.3000000000000001
156,wuf20-0239.mwcnf,20,91,8,0.7798748016357422,True,2179.0,2179.0,0.07
157,wuf20-024.mwcnf,20,91,500,50.955486536026,False,2958.0,2646.0,0.05
158,wuf20-0240.mwcnf,20,91,6,0.6141371726989746,True,3369.0,3369.0,0.04
159,wuf20-0241.mwcnf,20,91,2,0.21115660667419434,True,2290.0,2290.0,0.02
160,wuf20-0242.mwcnf,20,91,10,1.0374743938446045,True,3383.0,3383.0,0.03
161,wuf20-0243.mwcnf,20,91,8,0.8229296207427979,True,2126.0,2126.0,0.07
162,wuf20-0244.mwcnf,20,91,7,0.672410249710083,True,3110.0,3110.0,0.04
163,wuf20-0245.mwcnf,20,91,14,1.341538667678833,True,1711.0,1711.0,0.07
164,wuf20-0246.mwcnf,20,91,7,0.7484679222106934,True,2716.0,2716.0,0.03
165,wuf20-0247.mwcnf,20,91,47,4.71864914894104,True,4043.0,4043.0,0.3000000000000001
166,wuf20-0248.mwcnf,20,91,101,10.592354536056519,True,4043.0,4043.0,0.3000000000000001
167,wuf20-0249.mwcnf,20,91,11,1.1319606304168701,True,3672.0,3672.0,0.08
168,wuf20-025.mwcnf,20,91,132,13.680071115493774,True,4976.0,4976.0,0.3000000000000001
169,wuf20-0250.mwcnf,20,91,23,2.2733030319213867,True,3390.0,3390.0,0.08
170,wuf20-0251.mwcnf,20,91,7,0.6765787601470947,True,4146.0,4146.0,0.05
171,wuf20-0252.mwcnf,20,91,31,3.191938877105713,True,3196.0,3196.0,0.08
172,wuf20-0253.mwcnf,20,91,8,0.8011987209320068,True,3835.0,3835.0,0.07
173,wuf20-0254.mwcnf,20,91,16,1.5740525722503662,True,3421.0,3421.0,0.04
174,wuf20-0255.mwcnf,20,91,10,0.997417688369751,True,3032.0,3032.0,0.07
175,wuf20-0256.mwcnf,20,91,14,1.4462177753448486,True,2975.0,2975.0,0.03
176,wuf20-0257.mwcnf,20,91,8,0.7812120914459229,True,2334.0,2334.0,0.060000000000000005
177,wuf20-0258.mwcnf,20,91,10,1.0860702991485596,True,2206.0,2206.0,0.060000000000000005
178,wuf20-0259.mwcnf,20,91,10,1.0229771137237549,True,3753.0,3753.0,0.05
179,wuf20-026.mwcnf,20,91,37,3.809873580932617,True,5450.0,5450.0,0.3000000000000001
180,wuf20-0260.mwcnf,20,91,220,23.044695377349854,True,1866.0,1866.0,0.3000000000000001
181,wuf20-0261.mwcnf,20,91,26,2.7076213359832764,True,3110.0,3110.0,0.10999999999999999
182,wuf20-0262.mwcnf,20,91,39,4.15626859664917,True,2644.0,2644.0,0.3000000000000001
183,wuf20-0263.mwcnf,20,91,11,1.1266450881958008,True,2279.0,2279.0,0.09
184,wuf20-0264.mwcnf,20,91,58,5.82971978187561,True,3835.0,3835.0,0.3000000000000001
185,wuf20-0265.mwcnf,20,91,7,0.6823034286499023,True,4125.0,4125.0,0.03
186,wuf20-0266.mwcnf,20,91,500,51.49830365180969,False,3213.0,2696.0,0.09999999999999999
187,wuf20-0267.mwcnf,20,91,9,1.0115647315979004,True,3420.0,3420.0,0.05
188,wuf20-0268.mwcnf,20,91,10,0.991591215133667,True,5916.0,5916.0,0.02
189,wuf20-0269.mwcnf,20,91,10,0.9208292961120605,True,4750.0,4750.0,0.08
190,wuf20-027.mwcnf,20,91,11,1.0936837196350098,True,5420.0,5420.0,0.05
191,wuf20-0270.mwcnf,20,91,97,10.21298360824585,True,7266.0,7266.0,0.3000000000000001
192,wuf20-0271.mwcnf,20,91,5,0.47873902320861816,True,4054.0,4054.0,0.04
193,wuf20-0272.mwcnf,20,91,8,0.8576347827911377,True,4229.0,4229.0,0.05
194,wuf20-0273.mwcnf,20,91,7,0.6820173263549805,True,4601.0,4601.0,0.05
195,wuf20-0274.mwcnf,20,91,11,1.1493079662322998,True,5709.0,5709.0,0.05
196,wuf20-0275.mwcnf,20,91,500,50.85809278488159,False,3797.0,3776.0,0.060000000000000005
197,wuf20-0276.mwcnf,20,91,10,1.0772380828857422,True,4911.0,4911.0,0.05
198,wuf20-0277.mwcnf,20,91,16,1.6959996223449707,True,4711.0,4711.0,0.09
199,wuf20-0278.mwcnf,20,91,43,4.6228015422821045,True,1817.0,1817.0,0.3000000000000001
200,wuf20-0279.mwcnf,20,91,500,51.328537940979004,False,6920.0,5536.0,0.3000000000000001
201,wuf20-028.mwcnf,20,91,7,0.7309706211090088,True,4585.0,4585.0,0.05
202,wuf20-0280.mwcnf,20,91,58,5.837282657623291,True,4498.0,4498.0,0.3000000000000001
203,wuf20-0281.mwcnf,20,91,8,0.7770552635192871,True,5518.0,5518.0,0.02
204,wuf20-0282.mwcnf,20,91,41,4.128909111022949,True,4931.0,4931.0,0.3000000000000001
205,wuf20-0283.mwcnf,20,91,16,1.641144037246704,True,5188.0,5188.0,0.04
206,wuf20-0284.mwcnf,20,91,500,51.06895112991333,False,4239.0,3547.0,0.060000000000000005
207,wuf20-0285.mwcnf,20,91,500,52.24412155151367,False,4152.0,3979.0,0.3000000000000001
208,wuf20-0286.mwcnf,20,91,66,6.9736597537994385,True,5969.0,5969.0,0.3000000000000001
209,wuf20-0287.mwcnf,20,91,12,1.194911003112793,True,5450.0,5450.0,0.08
210,wuf20-0288.mwcnf,20,91,19,1.9195904731750488,True,4585.0,4585.0,0.10999999999999999
211,wuf20-0289.mwcnf,20,91,7,0.6063642501831055,True,5882.0,5882.0,0.060000000000000005
212,wuf20-029.mwcnf,20,91,68,7.42468523979187,True,1557.0,1557.0,0.3000000000000001
213,wuf20-0290.mwcnf,20,91,6,0.5811970233917236,True,4671.0,4671.0,0.05
214,wuf20-0291.mwcnf,20,91,19,1.7475416660308838,True,7266.0,7266.0,0.060000000000000005
215,wuf20-0292.mwcnf,20,91,5,0.45183515548706055,True,5123.0,5123.0,0.04
216,wuf20-0293.mwcnf,20,91,8,0.8698170185089111,True,5999.0,5999.0,0.03
217,wuf20-0294.mwcnf,20,91,29,2.9829018115997314,True,5191.0,5191.0,0.09999999999999999
218,wuf20-0295.mwcnf,20,91,39,4.023463010787964,True,5450.0,5450.0,0.3000000000000001
219,wuf20-0296.mwcnf,20,91,500,50.4333176612854,False,3769.0,2561.0,0.060000000000000005
220,wuf20-0297.mwcnf,20,91,8,0.8517334461212158,True,4048.0,4048.0,0.060000000000000005
221,wuf20-0298.mwcnf,20,91,10,0.9791164398193359,True,5276.0,5276.0,0.060000000000000005
222,wuf20-0299.mwcnf,20,91,11,1.1793098449707031,True,3424.0,3424.0,0.08
223,wuf20-03.mwcnf,20,91,49,4.897963523864746,True,4005.0,4005.0,0.3000000000000001
224,wuf20-030.mwcnf,20,91,10,1.0055630207061768,True,5830.0,5830.0,0.04
225,wuf20-0300.mwcnf,20,91,9,0.9531354904174805,True,4413.0,4413.0,0.03
226,wuf20-0301.mwcnf,20,91,12,1.191786289215088,True,4152.0,4152.0,0.09999999999999999
227,wuf20-0302.mwcnf,20,91,7,0.7300562858581543,True,4996.0,4996.0,0.03
228,wuf20-0303.mwcnf,20,91,7,0.6817858219146729,True,5190.0,5190.0,0.07
229,wuf20-0304.mwcnf,20,91,500,51.056291818618774,False,5191.0,5018.0,0.09999999999999999
230,wuf20-0305.mwcnf,20,91,13,1.1886975765228271,True,5222.0,5222.0,0.07
231,wuf20-0306.mwcnf,20,91,12,1.196418046951294,True,3052.0,3052.0,0.05
232,wuf20-0307.mwcnf,20,91,500,51.47602367401123,False,4266.0,4265.0,0.060000000000000005
233,wuf20-0308.mwcnf,20,91,11,1.1196677684783936,True,6099.0,6099.0,0.07
234,wuf20-0309.mwcnf,20,91,7,0.7623355388641357,True,4122.0,4122.0,0.03
235,wuf20-031.mwcnf,20,91,45,4.645260810852051,True,5190.0,5190.0,0.3000000000000001
236,wuf20-0310.mwcnf,20,91,12,1.1483180522918701,True,5363.0,5363.0,0.10999999999999999
237,wuf20-0311.mwcnf,20,91,500,50.90235257148743,False,6330.0,5086.0,0.060000000000000005
238,wuf20-0312.mwcnf,20,91,71,7.26225209236145,True,3633.0,3633.0,0.3000000000000001
239,wuf20-0313.mwcnf,20,91,500,49.92014288902283,False,5190.0,4844.0,0.07
240,wuf20-0314.mwcnf,20,91,22,2.1814634799957275,True,5150.0,5150.0,0.07
241,wuf20-0315.mwcnf,20,91,6,0.659609317779541,True,4859.0,4859.0,0.03
242,wuf20-0316.mwcnf,20,91,8,0.755878210067749,True,4152.0,4152.0,0.060000000000000005
243,wuf20-0317.mwcnf,20,91,500,50.30128192901611,False,3460.0,1817.0,0.3000000000000001
244,wuf20-0318.mwcnf,20,91,39,3.835800886154175,True,5797.0,5797.0,0.05
245,wuf20-0319.mwcnf,20,91,500,51.26428413391113,False,4980.0,3528.0,0.07
246,wuf20-032.mwcnf,20,91,68,6.9425060749053955,True,4671.0,4671.0,0.3000000000000001
247,wuf20-0320.mwcnf,20,91,8,0.8392045497894287,True,6176.0,6176.0,0.060000000000000005
248,wuf20-0321.mwcnf,20,91,8,0.8279054164886475,True,4801.0,4801.0,0.05
249,wuf20-0322.mwcnf,20,91,7,0.690697193145752,True,5709.0,5709.0,0.07
250,wuf20-0323.mwcnf,20,91,500,51.18783450126648,False,5279.0,4932.0,0.20000000000000004
251,wuf20-0324.mwcnf,20,91,9,1.0175352096557617,True,5363.0,5363.0,0.060000000000000005
252,wuf20-0325.mwcnf,20,91,17,1.7562932968139648,True,6921.0,6921.0,0.11999999999999998
253,wuf20-0326.mwcnf,20,91,5,0.47550129890441895,True,4282.0,4282.0,0.04
254,wuf20-0327.mwcnf,20,91,8,0.772336483001709,True,5121.0,5121.0,0.05
255,wuf20-0328.mwcnf,20,91,13,1.2922084331512451,True,3114.0,3114.0,0.11999999999999998
256,wuf20-0329.mwcnf,20,91,30,3.0419819355010986,True,4325.0,4325.0,0.2800000000000001
257,wuf20-033.mwcnf,20,91,6,0.6243166923522949,True,3208.0,3208.0,0.05
258,wuf20-0330.mwcnf,20,91,287,30.813316822052002,True,2855.0,2855.0,0.3000000000000001
259,wuf20-0331.mwcnf,20,91,9,0.8879692554473877,True,4844.0,4844.0,0.03
260,wuf20-0332.mwcnf,20,91,5,0.5171005725860596,True,3244.0,3244.0,0.04
261,wuf20-0333.mwcnf,20,91,21,2.0629117488861084,True,5709.0,5709.0,0.20000000000000004
262,wuf20-0334.mwcnf,20,91,24,2.327127456665039,True,3492.0,3492.0,0.060000000000000005
263,wuf20-0335.mwcnf,20,91,13,1.3685824871063232,True,4281.0,4281.0,0.11999999999999998
264,wuf20-0336.mwcnf,20,91,69,7.096924543380737,True,3633.0,3633.0,0.3000000000000001
265,wuf20-0337.mwcnf,20,91,28,2.9457969665527344,True,5969.0,5969.0,0.25000000000000006
266,wuf20-0338.mwcnf,20,91,9,0.8802895545959473,True,3806.0,3806.0,0.08
267,wuf20-0339.mwcnf,20,91,9,0.9268007278442383,True,5189.0,5189.0,0.060000000000000005
268,wuf20-034.mwcnf,20,91,18,1.875070571899414,True,4841.0,4841.0,0.04
269,wuf20-0340.mwcnf,20,91,500,51.86247253417969,False,3905.0,2251.0,0.09
270,wuf20-0341.mwcnf,20,91,500,51.4926381111145,False,7105.0,6960.0,0.07
271,wuf20-0342.mwcnf,20,91,14,1.4914085865020752,True,3634.0,3634.0,0.08
272,wuf20-0343.mwcnf,20,91,6,0.5681138038635254,True,5450.0,5450.0,0.05
273,wuf20-0344.mwcnf,20,91,40,4.26099967956543,True,6401.0,6401.0,0.3000000000000001
274,wuf20-0345.mwcnf,20,91,6,0.5931522846221924,True,4154.0,4154.0,0.05
275,wuf20-0346.mwcnf,20,91,21,2.0352609157562256,True,3460.0,3460.0,0.08
276,wuf20-0347.mwcnf,20,91,11,1.0852210521697998,True,5761.0,5761.0,0.060000000000000005
277,wuf20-0348.mwcnf,20,91,17,1.7998876571655273,True,7526.0,7526.0,0.11999999999999998
278,wuf20-0349.mwcnf,20,91,500,51.521581172943115,False,4348.0,3245.0,0.07
279,wuf20-035.mwcnf,20,91,500,53.55693697929382,False,5085.0,2595.0,0.3000000000000001
280,wuf20-0350.mwcnf,20,91,34,3.5653610229492188,True,3114.0,3114.0,0.2700000000000001
281,wuf20-0351.mwcnf,20,91,12,1.211705207824707,True,6488.0,6488.0,0.08
282,wuf20-0352.mwcnf,20,91,5,0.5395097732543945,True,5622.0,5622.0,0.04
283,wuf20-0353.mwcnf,20,91,4,0.34415340423583984,True,5617.0,5617.0,0.03
284,wuf20-0354.mwcnf,20,91,9,0.917464017868042,True,4152.0,4152.0,0.08
285,wuf20-0355.mwcnf,20,91,18,1.9197187423706055,True,6488.0,6488.0,0.16
286,wuf20-0356.mwcnf,20,91,19,1.896132230758667,True,4152.0,4152.0,0.13999999999999999
287,wuf20-0357.mwcnf,20,91,247,25.820152521133423,True,4931.0,4931.0,0.3000000000000001
288,wuf20-0358.mwcnf,20,91,11,1.1894733905792236,True,5308.0,5308.0,0.03
289,wuf20-0359.mwcnf,20,91,7,0.6844038963317871,True,4262.0,4262.0,0.04
290,wuf20-036.mwcnf,20,91,500,51.22462558746338,False,5062.0,4412.0,0.060000000000000005
291,wuf20-0360.mwcnf,20,91,7,0.8154640197753906,True,5552.0,5552.0,0.04
292,wuf20-0361.mwcnf,20,91,9,0.9583694934844971,True,4325.0,4325.0,0.07
293,wuf20-0362.mwcnf,20,91,7,0.7720601558685303,True,4599.0,4599.0,0.03
294,wuf20-0363.mwcnf,20,91,15,1.6034274101257324,True,4843.0,4843.0,0.07
295,wuf20-0364.mwcnf,20,91,47,5.119201421737671,True,5191.0,5191.0,0.3000000000000001
296,wuf20-0365.mwcnf,20,91,19,1.9776225090026855,True,5515.0,5515.0,0.08
297,wuf20-0366.mwcnf,20,91,10,1.049649715423584,True,4412.0,4412.0,0.07
298,wuf20-0367.mwcnf,20,91,12,1.1982367038726807,True,3115.0,3115.0,0.07
299,wuf20-0368.mwcnf,20,91,10,1.044079303741455,True,4498.0,4498.0,0.08
300,wuf20-0369.mwcnf,20,91,25,2.5116512775421143,True,4325.0,4325.0,0.24000000000000007
301,wuf20-037.mwcnf,20,91,126,13.532377481460571,True,5190.0,5190.0,0.3000000000000001
302,wuf20-0370.mwcnf,20,91,17,1.8044416904449463,True,4326.0,4326.0,0.10999999999999999
303,wuf20-0371.mwcnf,20,91,500,53.02950048446655,False,3893.0,3720.0,0.060000000000000005
304,wuf20-0372.mwcnf,20,91,17,1.7904658317565918,True,5121.0,5121.0,0.08
305,wuf20-0373.mwcnf,20,91,16,1.6235370635986328,True,4488.0,4488.0,0.08
306,wuf20-0374.mwcnf,20,91,10,1.035388469696045,True,4931.0,4931.0,0.09
307,wuf20-0375.mwcnf,20,91,7,0.7187166213989258,True,3729.0,3729.0,0.03
308,wuf20-0376.mwcnf,20,91,6,0.6950008869171143,True,5882.0,5882.0,0.05
309,wuf20-0377.mwcnf,20,91,12,1.1568512916564941,True,5245.0,5245.0,0.09999999999999999
310,wuf20-0378.mwcnf,20,91,500,51.12828063964844,False,4932.0,4672.0,0.08
311,wuf20-0379.mwcnf,20,91,4,0.37656617164611816,True,5450.0,5450.0,0.03
312,wuf20-038.mwcnf,20,91,7,0.6939907073974609,True,3841.0,3841.0,0.05
313,wuf20-0380.mwcnf,20,91,500,51.853731870651245,False,2401.0,2271.0,0.07
314,wuf20-0381.mwcnf,20,91,29,2.911923885345459,True,6313.0,6313.0,0.09999999999999999
315,wuf20-0382.mwcnf,20,91,500,51.73858666419983,False,3744.0,3689.0,0.060000000000000005
316,wuf20-0383.mwcnf,20,91,101,10.840046405792236,True,4152.0,4152.0,0.3000000000000001
317,wuf20-0384.mwcnf,20,91,7,0.7112686634063721,True,4969.0,4969.0,0.04
318,wuf20-0385.mwcnf,20,91,11,1.0975172519683838,True,5191.0,5191.0,0.07
319,wuf20-0386.mwcnf,20,91,71,7.617079734802246,True,7007.0,7007.0,0.3000000000000001
320,wuf20-0387.mwcnf,20,91,12,1.2918076515197754,True,4072.0,4072.0,0.03
321,wuf20-0388.mwcnf,20,91,18,1.8355598449707031,True,4671.0,4671.0,0.12999999999999998
322,wuf20-0389.mwcnf,20,91,34,3.366793155670166,True,3893.0,3893.0,0.04
323,wuf20-039.mwcnf,20,91,14,1.298048734664917,True,5363.0,5363.0,0.12999999999999998
324,wuf20-0390.mwcnf,20,91,500,51.24082541465759,False,3321.0,2804.0,0.3000000000000001
325,wuf20-0391.mwcnf,20,91,33,3.500913619995117,True,5709.0,5709.0,0.17
326,wuf20-0392.mwcnf,20,91,500,51.31868505477905,False,4878.0,4153.0,0.11999999999999998
327,wuf20-0393.mwcnf,20,91,8,0.8150262832641602,True,5514.0,5514.0,0.060000000000000005
328,wuf20-0394.mwcnf,20,91,500,51.27817344665527,False,4257.0,4255.0,0.08
329,wuf20-0395.mwcnf,20,91,11,1.155641794204712,True,6988.0,6988.0,0.03
330,wuf20-0396.mwcnf,20,91,375,39.07784390449524,True,2422.0,2422.0,0.3000000000000001
331,wuf20-0397.mwcnf,20,91,38,4.0455262660980225,True,4152.0,4152.0,0.3000000000000001
332,wuf20-0398.mwcnf,20,91,9,0.8967854976654053,True,5709.0,5709.0,0.060000000000000005
333,wuf20-0399.mwcnf,20,91,18,1.770897388458252,True,5916.0,5916.0,0.060000000000000005
334,wuf20-04.mwcnf,20,91,23,2.2765204906463623,True,2136.0,2136.0,0.22000000000000006
335,wuf20-040.mwcnf,20,91,14,1.5143003463745117,True,2136.0,2136.0,0.10999999999999999
336,wuf20-0400.mwcnf,20,91,17,1.667536973953247,True,3026.0,3026.0,0.15
337,wuf20-0401.mwcnf,20,91,6,0.6188914775848389,True,3105.0,3105.0,0.04
338,wuf20-0402.mwcnf,20,91,36,3.8143625259399414,True,1068.0,1068.0,0.3000000000000001
339,wuf20-0403.mwcnf,20,91,12,1.2516911029815674,True,2458.0,2458.0,0.03
340,wuf20-0404.mwcnf,20,91,31,3.230548858642578,True,2324.0,2324.0,0.09999999999999999
341,wuf20-0405.mwcnf,20,91,8,0.8057341575622559,True,1883.0,1883.0,0.04
342,wuf20-0406.mwcnf,20,91,127,13.25957465171814,True,1870.0,1870.0,0.3000000000000001
343,wuf20-0407.mwcnf,20,91,70,7.349052667617798,True,2403.0,2403.0,0.3000000000000001
344,wuf20-0408.mwcnf,20,91,6,0.6619231700897217,True,2359.0,2359.0,0.05
345,wuf20-0409.mwcnf,20,91,500,51.54943633079529,False,2991.0,2937.0,0.07
346,wuf20-041.mwcnf,20,91,21,2.061588764190674,True,3204.0,3204.0,0.20000000000000004
347,wuf20-0410.mwcnf,20,91,44,4.533328533172607,True,2937.0,2937.0,0.3000000000000001
348,wuf20-0411.mwcnf,20,91,215,23.21886682510376,True,2804.0,2804.0,0.3000000000000001
349,wuf20-0412.mwcnf,20,91,10,0.9542806148529053,True,2844.0,2844.0,0.04
350,wuf20-0413.mwcnf,20,91,10,1.0341382026672363,True,2863.0,2863.0,0.05
351,wuf20-0414.mwcnf,20,91,14,1.4194319248199463,True,2537.0,2537.0,0.11999999999999998
352,wuf20-0415.mwcnf,20,91,500,51.0791072845459,False,1868.0,1817.0,0.08
353,wuf20-0416.mwcnf,20,91,11,1.1445293426513672,True,2721.0,2721.0,0.05
354,wuf20-0417.mwcnf,20,91,8,0.7962009906768799,True,3026.0,3026.0,0.03
355,wuf20-0418.mwcnf,20,91,5,0.47274088859558105,True,3042.0,3042.0,0.04
356,wuf20-0419.mwcnf,20,91,58,6.129954099655151,True,2670.0,2670.0,0.3000000000000001
357,wuf20-042.mwcnf,20,91,14,1.4327714443206787,True,2671.0,2671.0,0.09999999999999999
358,wuf20-0420.mwcnf,20,91,204,21.83208155632019,True,2270.0,2270.0,0.3000000000000001
359,wuf20-0421.mwcnf,20,91,500,51.23102855682373,False,1936.0,1601.0,0.3000000000000001
360,wuf20-0422.mwcnf,20,91,8,0.8378822803497314,True,3897.0,3897.0,0.07
361,wuf20-0423.mwcnf,20,91,9,0.9322702884674072,True,2938.0,2938.0,0.060000000000000005
362,wuf20-0424.mwcnf,20,91,99,10.378854751586914,True,1602.0,1602.0,0.3000000000000001
363,wuf20-0425.mwcnf,20,91,17,1.7827033996582031,True,2537.0,2537.0,0.15
364,wuf20-0426.mwcnf,20,91,500,50.818745136260986,False,2994.0,2669.0,0.07
365,wuf20-0427.mwcnf,20,91,9,0.9149339199066162,True,2680.0,2680.0,0.04
366,wuf20-0428.mwcnf,20,91,9,0.871429443359375,True,3071.0,3071.0,0.060000000000000005
367,wuf20-0429.mwcnf,20,91,9,0.9400382041931152,True,3635.0,3635.0,0.04
368,wuf20-043.mwcnf,20,91,116,12.010701894760132,True,3071.0,3071.0,0.3000000000000001
369,wuf20-0430.mwcnf,20,91,5,0.5545611381530762,True,1624.0,1624.0,0.03
370,wuf20-0431.mwcnf,20,91,9,1.0020277500152588,True,2622.0,2622.0,0.03
371,wuf20-0432.mwcnf,20,91,32,3.3059799671173096,True,2759.0,2759.0,0.22000000000000006
372,wuf20-0433.mwcnf,20,91,10,1.0490806102752686,True,2292.0,2292.0,0.02
373,wuf20-0434.mwcnf,20,91,119,12.213539123535156,True,2549.0,2549.0,0.3000000000000001
374,wuf20-0435.mwcnf,20,91,308,32.52169728279114,True,1736.0,1736.0,0.3000000000000001
375,wuf20-0436.mwcnf,20,91,10,1.1539039611816406,True,2537.0,2537.0,0.08
376,wuf20-0437.mwcnf,20,91,10,0.9935393333435059,True,3605.0,3605.0,0.08
377,wuf20-0438.mwcnf,20,91,38,4.047179222106934,True,1958.0,1958.0,0.3000000000000001
378,wuf20-0439.mwcnf,20,91,6,0.6352548599243164,True,3046.0,3046.0,0.03
379,wuf20-044.mwcnf,20,91,16,1.6083877086639404,True,2137.0,2137.0,0.05
380,wuf20-0440.mwcnf,20,91,500,52.211634159088135,False,1761.0,1655.0,0.09999999999999999
381,wuf20-0441.mwcnf,20,91,500,52.470372676849365,False,1996.0,1993.0,0.060000000000000005
382,wuf20-0442.mwcnf,20,91,7,0.7368075847625732,True,1602.0,1602.0,0.03
383,wuf20-0443.mwcnf,20,91,500,52.59778618812561,False,1660.0,1484.0,0.3000000000000001
384,wuf20-0444.mwcnf,20,91,25,2.5169129371643066,True,1869.0,1869.0,0.15
385,wuf20-0445.mwcnf,20,91,23,2.3938231468200684,True,2360.0,2360.0,0.060000000000000005
386,wuf20-0446.mwcnf,20,91,15,1.6385955810546875,True,2376.0,2376.0,0.04
387,wuf20-0447.mwcnf,20,91,38,4.343409538269043,True,2007.0,2007.0,0.3000000000000001
388,wuf20-0448.mwcnf,20,91,49,5.169759511947632,True,2738.0,2738.0,0.3000000000000001
389,wuf20-0449.mwcnf,20,91,500,53.332754373550415,False,2136.0,0.0,0.3000000000000001
390,wuf20-045.mwcnf,20,91,500,52.77674913406372,False,2668.0,1560.0,0.08
391,wuf20-0450.mwcnf,20,91,37,4.0352113246917725,True,2433.0,2433.0,0.3000000000000001
392,wuf20-0451.mwcnf,20,91,12,1.3118598461151123,True,2441.0,2441.0,0.02
393,wuf20-0452.mwcnf,20,91,16,1.7291476726531982,True,1803.0,1803.0,0.11999999999999998
394,wuf20-0453.mwcnf,20,91,45,4.793667316436768,True,2617.0,2617.0,0.3000000000000001
395,wuf20-0454.mwcnf,20,91,7,0.7431037425994873,True,2760.0,2760.0,0.04
396,wuf20-0455.mwcnf,20,91,44,4.581935405731201,True,3026.0,3026.0,0.3000000000000001
397,wuf20-0456.mwcnf,20,91,500,51.89753079414368,False,2299.0,2136.0,0.09999999999999999
398,wuf20-0457.mwcnf,20,91,49,5.246405839920044,True,2722.0,2722.0,0.3000000000000001
399,wuf20-0458.mwcnf,20,91,255,26.675024032592773,True,3204.0,3204.0,0.3000000000000001
400,wuf20-0459.mwcnf,20,91,5,0.5247392654418945,True,2402.0,2402.0,0.03
401,wuf20-046.mwcnf,20,91,8,0.8351290225982666,True,2277.0,2277.0,0.05
402,wuf20-0460.mwcnf,20,91,500,52.24042296409607,False,2903.0,1986.0,0.060000000000000005
403,wuf20-0461.mwcnf,20,91,10,1.0740289688110352,True,3471.0,3471.0,0.09999999999999999
404,wuf20-0462.mwcnf,20,91,8,0.793511152267456,True,3338.0,3338.0,0.05
405,wuf20-0463.mwcnf,20,91,45,4.759756565093994,True,3739.0,3739.0,0.3000000000000001
406,wuf20-0464.mwcnf,20,91,68,7.131455898284912,True,1335.0,1335.0,0.3000000000000001
407,wuf20-0465.mwcnf,20,91,38,3.9989013671875,True,2136.0,2136.0,0.3000000000000001
408,wuf20-0466.mwcnf,20,91,46,4.937647104263306,True,2270.0,2270.0,0.3000000000000001
409,wuf20-0467.mwcnf,20,91,18,1.9288251399993896,True,2962.0,2962.0,0.11999999999999998
410,wuf20-0468.mwcnf,20,91,128,14.376922130584717,True,2404.0,2404.0,0.3000000000000001
411,wuf20-0469.mwcnf,20,91,6,0.6061196327209473,True,2135.0,2135.0,0.060000000000000005
412,wuf20-047.mwcnf,20,91,17,1.7813644409179688,True,2805.0,2805.0,0.05
413,wuf20-0470.mwcnf,20,91,9,0.9302701950073242,True,2003.0,2003.0,0.060000000000000005
414,wuf20-0471.mwcnf,20,91,500,51.86992335319519,False,1846.0,1821.0,0.05
415,wuf20-0472.mwcnf,20,91,32,3.386411428451538,True,3072.0,3072.0,0.3000000000000001
416,wuf20-0473.mwcnf,20,91,9,0.9029877185821533,True,2992.0,2992.0,0.04
417,wuf20-0474.mwcnf,20,91,10,1.0927724838256836,True,2804.0,2804.0,0.03
418,wuf20-0475.mwcnf,20,91,7,0.6856975555419922,True,2270.0,2270.0,0.05
419,wuf20-0476.mwcnf,20,91,19,2.0202434062957764,True,2270.0,2270.0,0.17
420,wuf20-0477.mwcnf,20,91,12,1.3184888362884521,True,3204.0,3204.0,0.10999999999999999
421,wuf20-0478.mwcnf,20,91,8,0.8899731636047363,True,2536.0,2536.0,0.04
422,wuf20-0479.mwcnf,20,91,10,1.0678985118865967,True,2938.0,2938.0,0.05
423,wuf20-048.mwcnf,20,91,190,20.591700315475464,True,2937.0,2937.0,0.3000000000000001
424,wuf20-0480.mwcnf,20,91,6,0.5965337753295898,True,2902.0,2902.0,0.02
425,wuf20-0481.mwcnf,20,91,9,0.902073860168457,True,1691.0,1691.0,0.08
426,wuf20-0482.mwcnf,20,91,19,1.9729528427124023,True,2070.0,2070.0,0.05
427,wuf20-0483.mwcnf,20,91,29,2.921590805053711,True,2915.0,2915.0,0.04
428,wuf20-0484.mwcnf,20,91,7,0.6658110618591309,True,2136.0,2136.0,0.060000000000000005
429,wuf20-0485.mwcnf,20,91,15,1.5757532119750977,True,2258.0,2258.0,0.04
430,wuf20-0486.mwcnf,20,91,6,0.6271355152130127,True,2161.0,2161.0,0.03
431,wuf20-0487.mwcnf,20,91,4,0.40172672271728516,True,3024.0,3024.0,0.03
432,wuf20-0488.mwcnf,20,91,10,1.0482783317565918,True,2314.0,2314.0,0.08
433,wuf20-0489.mwcnf,20,91,48,5.074939489364624,True,2759.0,2759.0,0.3000000000000001
434,wuf20-049.mwcnf,20,91,35,3.72556734085083,True,1736.0,1736.0,0.2900000000000001
435,wuf20-0490.mwcnf,20,91,9,0.9577796459197998,True,3471.0,3471.0,0.08
436,wuf20-0491.mwcnf,20,91,7,0.7447760105133057,True,2828.0,2828.0,0.05
437,wuf20-0492.mwcnf,20,91,8,0.8352479934692383,True,2959.0,2959.0,0.04
438,wuf20-0493.mwcnf,20,91,75,7.942029237747192,True,3204.0,3204.0,0.3000000000000001
439,wuf20-0494.mwcnf,20,91,11,1.1453258991241455,True,2450.0,2450.0,0.07
440,wuf20-0495.mwcnf,20,91,70,7.600313901901245,True,2937.0,2937.0,0.3000000000000001
441,wuf20-0496.mwcnf,20,91,21,2.181920289993286,True,3292.0,3292.0,0.03
442,wuf20-0497.mwcnf,20,91,11,1.1194639205932617,True,2432.0,2432.0,0.04
443,wuf20-0498.mwcnf,20,91,8,0.819828987121582,True,2405.0,2405.0,0.07
444,wuf20-0499.mwcnf,20,91,500,51.77383279800415,False,3670.0,2869.0,0.08
445,wuf20-05.mwcnf,20,91,8,0.7286043167114258,True,3477.0,3477.0,0.060000000000000005
446,wuf20-050.mwcnf,20,91,6,0.6694109439849854,True,2403.0,2403.0,0.05
447,wuf20-0500.mwcnf,20,91,6,0.6154062747955322,True,2670.0,2670.0,0.05
448,wuf20-0501.mwcnf,20,91,10,0.9272365570068359,True,2670.0,2670.0,0.060000000000000005
449,wuf20-0502.mwcnf,20,91,8,0.7239780426025391,True,3369.0,3369.0,0.05
450,wuf20-0503.mwcnf,20,91,10,1.079134464263916,True,2064.0,2064.0,0.05
451,wuf20-0504.mwcnf,20,91,9,0.9295547008514404,True,2937.0,2937.0,0.07
452,wuf20-0505.mwcnf,20,91,23,2.3161983489990234,True,2581.0,2581.0,0.09999999999999999
453,wuf20-0506.mwcnf,20,91,8,0.8939764499664307,True,3560.0,3560.0,0.07
454,wuf20-0507.mwcnf,20,91,10,1.0946974754333496,True,1971.0,1971.0,0.04
455,wuf20-0508.mwcnf,20,91,6,0.6569616794586182,True,1068.0,1068.0,0.05
456,wuf20-0509.mwcnf,20,91,13,1.319092035293579,True,2759.0,2759.0,0.08
457,wuf20-051.mwcnf,20,91,11,1.1535921096801758,True,2804.0,2804.0,0.05
458,wuf20-0510.mwcnf,20,91,500,51.479125022888184,False,1679.0,1554.0,0.07
459,wuf20-0511.mwcnf,20,91,8,0.8323860168457031,True,2272.0,2272.0,0.060000000000000005
460,wuf20-0512.mwcnf,20,91,6,0.5675005912780762,True,2403.0,2403.0,0.05
461,wuf20-0513.mwcnf,20,91,35,3.612064838409424,True,2537.0,2537.0,0.20000000000000004
462,wuf20-0514.mwcnf,20,91,72,7.9176764488220215,True,2670.0,2670.0,0.3000000000000001
463,wuf20-0515.mwcnf,20,91,10,0.9931631088256836,True,1843.0,1843.0,0.03
464,wuf20-0516.mwcnf,20,91,500,51.37884712219238,False,3095.0,2788.0,0.07
465,wuf20-0517.mwcnf,20,91,66,6.895543336868286,True,3471.0,3471.0,0.3000000000000001
466,wuf20-0518.mwcnf,20,91,5,0.5612876415252686,True,2670.0,2670.0,0.04
467,wuf20-0519.mwcnf,20,91,45,4.793986558914185,True,2403.0,2403.0,0.3000000000000001
468,wuf20-052.mwcnf,20,91,11,1.0944221019744873,True,4603.0,4603.0,0.07
469,wuf20-0520.mwcnf,20,91,6,0.6549711227416992,True,2938.0,2938.0,0.04
470,wuf20-0521.mwcnf,20,91,14,1.4816792011260986,True,2670.0,2670.0,0.08
471,wuf20-0522.mwcnf,20,91,13,1.21793794631958,True,3403.0,3403.0,0.07
472,wuf20-0523.mwcnf,20,91,8,0.8367772102355957,True,3026.0,3026.0,0.07
473,wuf20-0524.mwcnf,20,91,7,0.7209513187408447,True,3204.0,3204.0,0.060000000000000005
474,wuf20-0525.mwcnf,20,91,500,51.17268943786621,False,2767.0,2712.0,0.060000000000000005
475,wuf20-0526.mwcnf,20,91,53,5.516233682632446,True,3071.0,3071.0,0.3000000000000001
476,wuf20-0527.mwcnf,20,91,9,0.9049298763275146,True,3737.0,3737.0,0.04
477,wuf20-0528.mwcnf,20,91,128,14.039267301559448,True,2403.0,2403.0,0.3000000000000001
478,wuf20-0529.mwcnf,20,91,57,5.927582502365112,True,3204.0,3204.0,0.3000000000000001
479,wuf20-053.mwcnf,20,91,38,4.0677268505096436,True,3477.0,3477.0,0.3000000000000001
480,wuf20-0530.mwcnf,20,91,20,2.119906187057495,True,4662.0,4662.0,0.09
481,wuf20-0531.mwcnf,20,91,500,51.1788432598114,False,3028.0,2920.0,0.07
482,wuf20-0532.mwcnf,20,91,97,10.397921562194824,True,1432.0,1432.0,0.3000000000000001
483,wuf20-0533.mwcnf,20,91,201,20.964452743530273,True,4227.0,4227.0,0.3000000000000001
484,wuf20-0534.mwcnf,20,91,9,0.9423205852508545,True,4297.0,4297.0,0.07
485,wuf20-0535.mwcnf,20,91,43,4.61826491355896,True,3573.0,3573.0,0.060000000000000005
486,wuf20-0536.mwcnf,20,91,24,2.375368118286133,True,4090.0,4090.0,0.22000000000000006
487,wuf20-0537.mwcnf,20,91,10,1.061129093170166,True,3739.0,3739.0,0.05
488,wuf20-0538.mwcnf,20,91,9,0.9213387966156006,True,3885.0,3885.0,0.04
489,wuf20-0539.mwcnf,20,91,17,1.67171049118042,True,3445.0,3445.0,0.05
490,wuf20-054.mwcnf,20,91,7,0.7468276023864746,True,3389.0,3389.0,0.03
491,wuf20-0540.mwcnf,20,91,26,2.7263176441192627,True,4143.0,4143.0,0.07
492,wuf20-0541.mwcnf,20,91,11,1.0893118381500244,True,2452.0,2452.0,0.07
493,wuf20-0542.mwcnf,20,91,9,0.9545285701751709,True,5113.0,5113.0,0.09
494,wuf20-0543.mwcnf,20,91,12,1.2207510471343994,True,5113.0,5113.0,0.08
495,wuf20-0544.mwcnf,20,91,7,0.7609691619873047,True,3332.0,3332.0,0.03
496,wuf20-0545.mwcnf,20,91,8,0.7998058795928955,True,5113.0,5113.0,0.07
497,wuf20-0546.mwcnf,20,91,159,16.901315927505493,True,4501.0,4501.0,0.3000000000000001
498,wuf20-0547.mwcnf,20,91,8,0.8140413761138916,True,5522.0,5522.0,0.060000000000000005
499,wuf20-0548.mwcnf,20,91,9,0.9193930625915527,True,3820.0,3820.0,0.08
500,wuf20-0549.mwcnf,20,91,9,0.9949235916137695,True,4113.0,4113.0,0.04
501,wuf20-055.mwcnf,20,91,8,0.7765951156616211,True,3684.0,3684.0,0.04
502,wuf20-0550.mwcnf,20,91,54,5.509567975997925,True,5317.0,5317.0,0.3000000000000001
503,wuf20-0551.mwcnf,20,91,12,1.1725845336914062,True,3682.0,3682.0,0.08
504,wuf20-0552.mwcnf,20,91,280,30.01846170425415,True,3477.0,3477.0,0.3000000000000001
505,wuf20-0553.mwcnf,20,91,10,0.9990105628967285,True,3477.0,3477.0,0.08
506,wuf20-0554.mwcnf,20,91,7,0.6617324352264404,True,4702.0,4702.0,0.03
507,wuf20-0555.mwcnf,20,91,6,0.702448844909668,True,3818.0,3818.0,0.03
508,wuf20-0556.mwcnf,20,91,70,7.4636406898498535,True,4636.0,4636.0,0.3000000000000001
509,wuf20-0557.mwcnf,20,91,500,51.59393048286438,False,3475.0,2249.0,0.05
510,wuf20-0558.mwcnf,20,91,8,0.7270708084106445,True,2302.0,2302.0,0.060000000000000005
511,wuf20-0559.mwcnf,20,91,8,0.78033447265625,True,3888.0,3888.0,0.07
512,wuf20-056.mwcnf,20,91,10,1.0867152214050293,True,3838.0,3838.0,0.04
513,wuf20-0560.mwcnf,20,91,40,4.169426441192627,True,4500.0,4500.0,0.3000000000000001
514,wuf20-0561.mwcnf,20,91,14,1.3588690757751465,True,5959.0,5959.0,0.09
515,wuf20-0562.mwcnf,20,91,94,9.707514524459839,True,3409.0,3409.0,0.3000000000000001
516,wuf20-0563.mwcnf,20,91,10,1.012683629989624,True,3988.0,3988.0,0.05
517,wuf20-0564.mwcnf,20,91,44,4.457977771759033,True,4500.0,4500.0,0.3000000000000001
518,wuf20-0565.mwcnf,20,91,8,0.8793308734893799,True,3804.0,3804.0,0.04
519,wuf20-0566.mwcnf,20,91,10,1.0285067558288574,True,2506.0,2506.0,0.09
520,wuf20-0567.mwcnf,20,91,17,1.7252237796783447,True,2791.0,2791.0,0.04
521,wuf20-0568.mwcnf,20,91,38,3.7190487384796143,True,3887.0,3887.0,0.3000000000000001
522,wuf20-0569.mwcnf,20,91,500,51.505542278289795,False,3274.0,2863.0,0.09999999999999999
523,wuf20-057.mwcnf,20,91,19,2.0209391117095947,True,4458.0,4458.0,0.060000000000000005
524,wuf20-0570.mwcnf,20,91,6,0.6424729824066162,True,2940.0,2940.0,0.03
525,wuf20-0571.mwcnf,20,91,13,1.3741660118103027,True,2863.0,2863.0,0.08
526,wuf20-0572.mwcnf,20,91,11,1.053086280822754,True,3477.0,3477.0,0.09999999999999999
527,wuf20-0573.mwcnf,20,91,7,0.7003109455108643,True,5268.0,5268.0,0.05
528,wuf20-0574.mwcnf,20,91,18,1.8747198581695557,True,3068.0,3068.0,0.07
529,wuf20-0575.mwcnf,20,91,6,0.6214356422424316,True,4296.0,4296.0,0.03
530,wuf20-0576.mwcnf,20,91,69,7.312053918838501,True,3681.0,3681.0,0.3000000000000001
531,wuf20-0577.mwcnf,20,91,8,0.855797529220581,True,2018.0,2018.0,0.04
532,wuf20-0578.mwcnf,20,91,38,3.958460807800293,True,3819.0,3819.0,0.3000000000000001
533,wuf20-0579.mwcnf,20,91,8,0.8469574451446533,True,5727.0,5727.0,0.07
534,wuf20-058.mwcnf,20,91,9,0.8910543918609619,True,4149.0,4149.0,0.03
535,wuf20-0580.mwcnf,20,91,500,51.369202852249146,False,3313.0,3068.0,0.11999999999999998
536,wuf20-0581.mwcnf,20,91,9,0.8095550537109375,True,5045.0,5045.0,0.08
537,wuf20-0582.mwcnf,20,91,17,1.816911220550537,True,4090.0,4090.0,0.16
538,wuf20-0583.mwcnf,20,91,8,0.7987527847290039,True,4091.0,4091.0,0.05
539,wuf20-0584.mwcnf,20,91,8,0.8009638786315918,True,3068.0,3068.0,0.08
540,wuf20-0585.mwcnf,20,91,8,0.8504114151000977,True,4297.0,4297.0,0.04
541,wuf20-0586.mwcnf,20,91,102,10.823935508728027,True,3681.0,3681.0,0.3000000000000001
542,wuf20-0587.mwcnf,20,91,500,51.728652000427246,False,3354.0,2700.0,0.12999999999999998
543,wuf20-0588.mwcnf,20,91,500,52.15743899345398,False,3606.0,3478.0,0.08
544,wuf20-0589.mwcnf,20,91,10,1.101677417755127,True,5645.0,5645.0,0.09
545,wuf20-059.mwcnf,20,91,35,3.630030632019043,True,3681.0,3681.0,0.3000000000000001
546,wuf20-0590.mwcnf,20,91,500,52.071112394332886,False,2865.0,2455.0,0.19000000000000003
547,wuf20-0591.mwcnf,20,91,9,0.9694328308105469,True,3886.0,3886.0,0.08
548,wuf20-0592.mwcnf,20,91,5,0.5516438484191895,True,4245.0,4245.0,0.02
549,wuf20-0593.mwcnf,20,91,13,1.391019582748413,True,2209.0,2209.0,0.10999999999999999
550,wuf20-0594.mwcnf,20,91,68,7.092419385910034,True,2863.0,2863.0,0.3000000000000001
551,wuf20-0595.mwcnf,20,91,18,1.8058879375457764,True,4636.0,4636.0,0.16
552,wuf20-0596.mwcnf,20,91,9,0.9637892246246338,True,3477.0,3477.0,0.05
553,wuf20-0597.mwcnf,20,91,20,2.0794899463653564,True,5113.0,5113.0,0.18000000000000002
554,wuf20-0598.mwcnf,20,91,8,0.8994674682617188,True,4295.0,4295.0,0.060000000000000005
555,wuf20-0599.mwcnf,20,91,32,3.258181095123291,True,3886.0,3886.0,0.21000000000000005
556,wuf20-06.mwcnf,20,91,34,3.3740341663360596,True,4368.0,4368.0,0.3000000000000001
557,wuf20-060.mwcnf,20,91,13,1.372168779373169,True,4841.0,4841.0,0.09999999999999999
558,wuf20-0600.mwcnf,20,91,97,10.369531393051147,True,3272.0,3272.0,0.3000000000000001
559,wuf20-0601.mwcnf,20,91,192,20.51607608795166,True,3682.0,3682.0,0.3000000000000001
560,wuf20-0602.mwcnf,20,91,7,0.7470850944519043,True,3885.0,3885.0,0.060000000000000005
561,wuf20-0603.mwcnf,20,91,500,51.73349404335022,False,2045.0,1987.0,0.07
562,wuf20-0604.mwcnf,20,91,3,0.363053560256958,True,4341.0,4341.0,0.02
563,wuf20-0605.mwcnf,20,91,500,51.26854658126831,False,4605.0,3376.0,0.07
564,wuf20-0606.mwcnf,20,91,11,1.1359238624572754,True,4908.0,4908.0,0.09999999999999999
565,wuf20-0607.mwcnf,20,91,8,0.8098206520080566,True,4499.0,4499.0,0.07
566,wuf20-0608.mwcnf,20,91,11,1.1164300441741943,True,3683.0,3683.0,0.09
567,wuf20-0609.mwcnf,20,91,39,4.265895366668701,True,2320.0,2320.0,0.3000000000000001
568,wuf20-061.mwcnf,20,91,10,1.0153181552886963,True,4499.0,4499.0,0.09999999999999999
569,wuf20-0610.mwcnf,20,91,20,2.0545763969421387,True,4171.0,4171.0,0.04
570,wuf20-0611.mwcnf,20,91,5,0.497664213180542,True,2592.0,2592.0,0.04
571,wuf20-0612.mwcnf,20,91,23,2.3897409439086914,True,3886.0,3886.0,0.09
572,wuf20-0613.mwcnf,20,91,500,50.8771231174469,False,3819.0,2863.0,0.08
573,wuf20-0614.mwcnf,20,91,71,8.111519575119019,True,4908.0,4908.0,0.3000000000000001
574,wuf20-0615.mwcnf,20,91,6,0.5835585594177246,True,3478.0,3478.0,0.05
575,wuf20-0616.mwcnf,20,91,16,1.6646010875701904,True,2864.0,2864.0,0.11999999999999998
576,wuf20-0617.mwcnf,20,91,8,0.8313226699829102,True,4941.0,4941.0,0.05
577,wuf20-0618.mwcnf,20,91,12,1.2210452556610107,True,3477.0,3477.0,0.08
578,wuf20-0619.mwcnf,20,91,14,1.4429278373718262,True,4759.0,4759.0,0.03
579,wuf20-062.mwcnf,20,91,14,1.48964524269104,True,2819.0,2819.0,0.05
580,wuf20-0620.mwcnf,20,91,18,1.852207899093628,True,2615.0,2615.0,0.04
581,wuf20-0621.mwcnf,20,91,37,4.058963060379028,True,3026.0,3026.0,0.3000000000000001
582,wuf20-0622.mwcnf,20,91,13,1.35825514793396,True,3547.0,3547.0,0.05
583,wuf20-0623.mwcnf,20,91,7,0.7504496574401855,True,2864.0,2864.0,0.07
584,wuf20-0624.mwcnf,20,91,500,51.592830181121826,False,4006.0,3272.0,0.12999999999999998
585,wuf20-0625.mwcnf,20,91,9,0.9947874546051025,True,4499.0,4499.0,0.08
586,wuf20-0626.mwcnf,20,91,5,0.495363712310791,True,4433.0,4433.0,0.03
587,wuf20-0627.mwcnf,20,91,7,0.6945981979370117,True,4620.0,4620.0,0.05
588,wuf20-0628.mwcnf,20,91,500,51.714861154556274,False,4194.0,3478.0,0.060000000000000005
589,wuf20-0629.mwcnf,20,91,4,0.47717928886413574,True,4757.0,4757.0,0.03
590,wuf20-063.mwcnf,20,91,18,1.777369499206543,True,5043.0,5043.0,0.05
591,wuf20-0630.mwcnf,20,91,8,0.9343311786651611,True,5317.0,5317.0,0.07
592,wuf20-0631.mwcnf,20,91,9,1.010422945022583,True,4090.0,4090.0,0.08
593,wuf20-0632.mwcnf,20,91,12,1.248687505722046,True,4432.0,4432.0,0.08
594,wuf20-0633.mwcnf,20,91,7,0.7197508811950684,True,3743.0,3743.0,0.060000000000000005
595,wuf20-0634.mwcnf,20,91,9,0.9420216083526611,True,3205.0,3205.0,0.05
596,wuf20-0635.mwcnf,20,91,8,0.8892209529876709,True,3818.0,3818.0,0.07
597,wuf20-0636.mwcnf,20,91,13,1.3404221534729004,True,3562.0,3562.0,0.11999999999999998
598,wuf20-0637.mwcnf,20,91,9,1.009514331817627,True,2863.0,2863.0,0.060000000000000005
599,wuf20-0638.mwcnf,20,91,13,1.3391163349151611,True,2336.0,2336.0,0.08
600,wuf20-0639.mwcnf,20,91,39,4.260986566543579,True,4296.0,4296.0,0.3000000000000001
601,wuf20-064.mwcnf,20,91,15,1.4719092845916748,True,4501.0,4501.0,0.060000000000000005
602,wuf20-0640.mwcnf,20,91,500,51.17713403701782,False,2944.0,2494.0,0.060000000000000005
603,wuf20-0641.mwcnf,20,91,47,4.746824026107788,True,3683.0,3683.0,0.2900000000000001
604,wuf20-0642.mwcnf,20,91,17,1.6011898517608643,True,3159.0,3159.0,0.04
605,wuf20-0643.mwcnf,20,91,12,1.1864559650421143,True,3457.0,3457.0,0.07
606,wuf20-0644.mwcnf,20,91,6,0.6204664707183838,True,4118.0,4118.0,0.05
607,wuf20-0645.mwcnf,20,91,71,7.499596357345581,True,4365.0,4365.0,0.3000000000000001
608,wuf20-0646.mwcnf,20,91,500,51.48772192001343,False,4092.0,3887.0,0.05
609,wuf20-0647.mwcnf,20,91,12,1.32436203956604,True,3886.0,3886.0,0.10999999999999999
610,wuf20-0648.mwcnf,20,91,9,0.954308032989502,True,3773.0,3773.0,0.03
611,wuf20-0649.mwcnf,20,91,37,3.73262619972229,True,3656.0,3656.0,0.04
612,wuf20-065.mwcnf,20,91,500,51.684542179107666,False,3274.0,2864.0,0.060000000000000005
613,wuf20-0650.mwcnf,20,91,12,1.2447776794433594,True,3138.0,3138.0,0.02
614,wuf20-0651.mwcnf,20,91,9,0.8593699932098389,True,3990.0,3990.0,0.08
615,wuf20-0652.mwcnf,20,91,70,7.456963539123535,True,5113.0,5113.0,0.3000000000000001
616,wuf20-0653.mwcnf,20,91,500,51.70431661605835,False,2740.0,2151.0,0.07
617,wuf20-0654.mwcnf,20,91,11,1.183882474899292,True,3774.0,3774.0,0.09
618,wuf20-0655.mwcnf,20,91,500,51.97721982002258,False,3132.0,2337.0,0.060000000000000005
619,wuf20-0656.mwcnf,20,91,75,7.788043260574341,True,3477.0,3477.0,0.3000000000000001
620,wuf20-0657.mwcnf,20,91,8,0.8868658542633057,True,3529.0,3529.0,0.03
621,wuf20-0658.mwcnf,20,91,500,51.57165265083313,False,3857.0,3624.0,0.060000000000000005
622,wuf20-0659.mwcnf,20,91,500,51.98689246177673,False,4404.0,3073.0,0.060000000000000005
623,wuf20-066.mwcnf,20,91,12,1.2569775581359863,True,4116.0,4116.0,0.09999999999999999
624,wuf20-0660.mwcnf,20,91,49,4.9293482303619385,True,4704.0,4704.0,0.3000000000000001
625,wuf20-0661.mwcnf,20,91,9,0.9916081428527832,True,3444.0,3444.0,0.05
626,wuf20-0662.mwcnf,20,91,6,0.6595540046691895,True,3050.0,3050.0,0.04
627,wuf20-0663.mwcnf,20,91,5,0.4879157543182373,True,2632.0,2632.0,0.02
628,wuf20-0664.mwcnf,20,91,69,7.188945293426514,True,4032.0,4032.0,0.3000000000000001
629,wuf20-0665.mwcnf,20,91,3,0.32158660888671875,True,2674.0,2674.0,0.02
630,wuf20-0666.mwcnf,20,91,127,13.707016229629517,True,2688.0,2688.0,0.3000000000000001
631,wuf20-0667.mwcnf,20,91,70,7.310662508010864,True,2856.0,2856.0,0.3000000000000001
632,wuf20-0668.mwcnf,20,91,500,51.68850660324097,False,3093.0,2220.0,0.07
633,wuf20-0669.mwcnf,20,91,11,1.0402076244354248,True,3528.0,3528.0,0.09
634,wuf20-067.mwcnf,20,91,7,0.698275089263916,True,3128.0,3128.0,0.04
635,wuf20-0670.mwcnf,20,91,45,4.856051206588745,True,2520.0,2520.0,0.3000000000000001
636,wuf20-0671.mwcnf,20,91,12,1.2244229316711426,True,2298.0,2298.0,0.03
637,wuf20-0672.mwcnf,20,91,7,0.7156879901885986,True,3136.0,3136.0,0.04
638,wuf20-0673.mwcnf,20,91,500,51.611783266067505,False,1381.0,1030.0,0.08
639,wuf20-0674.mwcnf,20,91,37,3.9997973442077637,True,2352.0,2352.0,0.3000000000000001
640,wuf20-0675.mwcnf,20,91,8,0.8218185901641846,True,4200.0,4200.0,0.07
641,wuf20-0676.mwcnf,20,91,9,0.9288508892059326,True,2268.0,2268.0,0.03
642,wuf20-0677.mwcnf,20,91,500,51.02121686935425,False,2832.0,2448.0,0.05
643,wuf20-0678.mwcnf,20,91,8,1.1556727886199951,True,3360.0,3360.0,0.060000000000000005
644,wuf20-0679.mwcnf,20,91,8,1.1400477886199951,True,5136.0,5136.0,0.04
645,wuf20-068.mwcnf,20,91,38,4.395851373672485,True,3472.0,3472.0,0.08
646,wuf20-0680.mwcnf,20,91,10,1.039743423461914,True,4200.0,4200.0,0.08
647,wuf20-0681.mwcnf,20,91,8,0.8825287818908691,True,4122.0,4122.0,0.03
648,wuf20-0682.mwcnf,20,91,9,0.8612256050109863,True,2832.0,2832.0,0.03
649,wuf20-0683.mwcnf,20,91,98,10.35303783416748,True,4032.0,4032.0,0.3000000000000001
650,wuf20-0684.mwcnf,20,91,6,0.6450695991516113,True,3024.0,3024.0,0.05
651,wuf20-0685.mwcnf,20,91,39,4.129230260848999,True,3597.0,3597.0,0.3000000000000001
652,wuf20-0686.mwcnf,20,91,9,0.9996907711029053,True,2880.0,2880.0,0.07
653,wuf20-0687.mwcnf,20,91,7,0.732792854309082,True,3528.0,3528.0,0.060000000000000005
654,wuf20-0688.mwcnf,20,91,500,51.93263339996338,False,2100.0,1260.0,0.3000000000000001
655,wuf20-0689.mwcnf,20,91,6,0.6282267570495605,True,3711.0,3711.0,0.05
656,wuf20-069.mwcnf,20,91,7,0.7309169769287109,True,3192.0,3192.0,0.060000000000000005
657,wuf20-0690.mwcnf,20,91,8,0.7918624877929688,True,3086.0,3086.0,0.04
658,wuf20-0691.mwcnf,20,91,37,4.003450632095337,True,4032.0,4032.0,0.3000000000000001
659,wuf20-0692.mwcnf,20,91,43,4.421402931213379,True,3696.0,3696.0,0.3000000000000001
660,wuf20-0693.mwcnf,20,91,38,4.008224010467529,True,3864.0,3864.0,0.3000000000000001
661,wuf20-0694.mwcnf,20,91,9,0.8864161968231201,True,4200.0,4200.0,0.08
662,wuf20-0695.mwcnf,20,91,12,1.2074625492095947,True,5208.0,5208.0,0.08
663,wuf20-0696.mwcnf,20,91,6,0.6073265075683594,True,3415.0,3415.0,0.03
664,wuf20-0697.mwcnf,20,91,20,2.1222267150878906,True,3542.0,3542.0,0.060000000000000005
665,wuf20-0698.mwcnf,20,91,6,0.6824014186859131,True,4704.0,4704.0,0.04
666,wuf20-0699.mwcnf,20,91,7,0.7110660076141357,True,2436.0,2436.0,0.060000000000000005
667,wuf20-07.mwcnf,20,91,10,1.0469951629638672,True,6947.0,6947.0,0.03
668,wuf20-070.mwcnf,20,91,500,51.042322874069214,False,3013.0,2207.0,0.060000000000000005
669,wuf20-0700.mwcnf,20,91,127,13.296398878097534,True,3696.0,3696.0,0.3000000000000001
670,wuf20-0701.mwcnf,20,91,21,2.512415885925293,True,3024.0,3024.0,0.20000000000000004
671,wuf20-0702.mwcnf,20,91,500,52.148399114608765,False,3548.0,3547.0,0.060000000000000005
672,wuf20-0703.mwcnf,20,91,9,0.9093241691589355,True,3034.0,3034.0,0.04
673,wuf20-0704.mwcnf,20,91,7,0.7015767097473145,True,2016.0,2016.0,0.060000000000000005
674,wuf20-0705.mwcnf,20,91,31,3.3718326091766357,True,3864.0,3864.0,0.3000000000000001
675,wuf20-0706.mwcnf,20,91,7,0.7198851108551025,True,2987.0,2987.0,0.02
676,wuf20-0707.mwcnf,20,91,9,0.95400071144104,True,2688.0,2688.0,0.060000000000000005
677,wuf20-0708.mwcnf,20,91,10,1.0601141452789307,True,3696.0,3696.0,0.09
678,wuf20-0709.mwcnf,20,91,9,0.963423490524292,True,3699.0,3699.0,0.08
679,wuf20-071.mwcnf,20,91,500,52.02533984184265,False,2461.0,1681.0,0.09
680,wuf20-0710.mwcnf,20,91,39,4.285851240158081,True,2184.0,2184.0,0.3000000000000001
681,wuf20-0711.mwcnf,20,91,13,1.4035282135009766,True,2940.0,2940.0,0.07
682,wuf20-0712.mwcnf,20,91,98,10.408797264099121,True,3696.0,3696.0,0.3000000000000001
683,wuf20-0713.mwcnf,20,91,11,1.065242052078247,True,3192.0,3192.0,0.08
684,wuf20-0714.mwcnf,20,91,6,0.6182539463043213,True,3981.0,3981.0,0.03
685,wuf20-0715.mwcnf,20,91,9,0.9316558837890625,True,3360.0,3360.0,0.08
686,wuf20-0716.mwcnf,20,91,7,0.7450449466705322,True,3360.0,3360.0,0.07
687,wuf20-0717.mwcnf,20,91,500,52.97565770149231,False,3864.0,0.0,0.3000000000000001
688,wuf20-0718.mwcnf,20,91,11,1.1115550994873047,True,1904.0,1904.0,0.07
689,wuf20-0719.mwcnf,20,91,6,0.6550111770629883,True,2689.0,2689.0,0.05
690,wuf20-072.mwcnf,20,91,7,0.7448508739471436,True,2184.0,2184.0,0.02
691,wuf20-0720.mwcnf,20,91,39,3.9967904090881348,True,2784.0,2784.0,0.2800000000000001
692,wuf20-0721.mwcnf,20,91,500,50.65819215774536,False,3584.0,3561.0,0.05
693,wuf20-0722.mwcnf,20,91,7,0.7264130115509033,True,3695.0,3695.0,0.03
694,wuf20-0723.mwcnf,20,91,5,0.5374934673309326,True,3696.0,3696.0,0.04
695,wuf20-0724.mwcnf,20,91,8,0.8487932682037354,True,4478.0,4478.0,0.05
696,wuf20-0725.mwcnf,20,91,9,0.906810998916626,True,2688.0,2688.0,0.08
697,wuf20-0726.mwcnf,20,91,27,2.8360486030578613,True,3192.0,3192.0,0.07
698,wuf20-0727.mwcnf,20,91,14,1.3368356227874756,True,3177.0,3177.0,0.04
699,wuf20-0728.mwcnf,20,91,7,0.668532133102417,True,2352.0,2352.0,0.04
700,wuf20-0729.mwcnf,20,91,7,0.7434971332550049,True,3024.0,3024.0,0.060000000000000005
701,wuf20-073.mwcnf,20,91,11,1.1646149158477783,True,4200.0,4200.0,0.09999999999999999
702,wuf20-0730.mwcnf,20,91,13,1.2456669807434082,True,3617.0,3617.0,0.07
703,wuf20-0731.mwcnf,20,91,20,2.1515538692474365,True,3696.0,3696.0,0.09
704,wuf20-0732.mwcnf,20,91,500,51.62231206893921,False,2958.0,2924.0,0.07
705,wuf20-0733.mwcnf,20,91,15,1.4542875289916992,True,4704.0,4704.0,0.13999999999999999
706,wuf20-0734.mwcnf,20,91,10,0.9725766181945801,True,3877.0,3877.0,0.04
707,wuf20-0735.mwcnf,20,91,8,0.8399810791015625,True,2016.0,2016.0,0.07
708,wuf20-0736.mwcnf,20,91,73,7.709348440170288,True,3192.0,3192.0,0.3000000000000001
709,wuf20-0737.mwcnf,20,91,24,2.6727449893951416,True,2856.0,2856.0,0.23000000000000007
710,wuf20-0738.mwcnf,20,91,500,51.43946933746338,False,2688.0,2100.0,0.07
711,wuf20-0739.mwcnf,20,91,9,0.948876142501831,True,3136.0,3136.0,0.07
712,wuf20-074.mwcnf,20,91,252,26.621918201446533,True,2688.0,2688.0,0.3000000000000001
713,wuf20-0740.mwcnf,20,91,23,2.3064849376678467,True,3192.0,3192.0,0.21000000000000005
714,wuf20-0741.mwcnf,20,91,17,1.6018166542053223,True,2324.0,2324.0,0.060000000000000005
715,wuf20-0742.mwcnf,20,91,117,11.84128713607788,True,3671.0,3671.0,0.05
716,wuf20-0743.mwcnf,20,91,10,0.9203176498413086,True,2688.0,2688.0,0.09
717,wuf20-0744.mwcnf,20,91,11,1.1299421787261963,True,3899.0,3899.0,0.09999999999999999
718,wuf20-0745.mwcnf,20,91,10,0.9927682876586914,True,2989.0,2989.0,0.05
719,wuf20-0746.mwcnf,20,91,9,0.9350490570068359,True,3984.0,3984.0,0.05
720,wuf20-0747.mwcnf,20,91,8,0.7413592338562012,True,3024.0,3024.0,0.05
721,wuf20-0748.mwcnf,20,91,10,1.0611507892608643,True,2532.0,2532.0,0.060000000000000005
722,wuf20-0749.mwcnf,20,91,11,1.2195582389831543,True,4033.0,4033.0,0.08
723,wuf20-075.mwcnf,20,91,5,0.4977076053619385,True,3150.0,3150.0,0.03
724,wuf20-0750.mwcnf,20,91,9,0.944725513458252,True,4536.0,4536.0,0.08
725,wuf20-0751.mwcnf,20,91,8,0.8647520542144775,True,3361.0,3361.0,0.05
726,wuf20-0752.mwcnf,20,91,18,1.8703839778900146,True,3276.0,3276.0,0.08
727,wuf20-0753.mwcnf,20,91,500,51.0186653137207,False,2624.0,1885.0,0.22000000000000006
728,wuf20-0754.mwcnf,20,91,76,7.655849933624268,True,3721.0,3721.0,0.08
729,wuf20-0755.mwcnf,20,91,68,7.3758721351623535,True,3696.0,3696.0,0.3000000000000001
730,wuf20-0756.mwcnf,20,91,9,0.980964183807373,True,3192.0,3192.0,0.08
731,wuf20-0757.mwcnf,20,91,12,1.2242686748504639,True,2958.0,2958.0,0.07
732,wuf20-0758.mwcnf,20,91,25,2.5636074542999268,True,3096.0,3096.0,0.05
733,wuf20-0759.mwcnf,20,91,8,0.8026885986328125,True,3024.0,3024.0,0.07
734,wuf20-076.mwcnf,20,91,38,3.9364173412323,True,3024.0,3024.0,0.3000000000000001
735,wuf20-0760.mwcnf,20,91,500,50.42566752433777,False,2884.0,2716.0,0.07
736,wuf20-0761.mwcnf,20,91,25,2.3763225078582764,True,3129.0,3129.0,0.08
737,wuf20-0762.mwcnf,20,91,57,5.877864360809326,True,3360.0,3360.0,0.3000000000000001
738,wuf20-0763.mwcnf,20,91,75,7.673243045806885,True,2688.0,2688.0,0.3000000000000001
739,wuf20-0764.mwcnf,20,91,132,13.368645191192627,True,3696.0,3696.0,0.3000000000000001
740,wuf20-0765.mwcnf,20,91,38,3.8351709842681885,True,2856.0,2856.0,0.3000000000000001
741,wuf20-0766.mwcnf,20,91,10,1.0012171268463135,True,3460.0,3460.0,0.04
742,wuf20-0767.mwcnf,20,91,8,0.927931547164917,True,3453.0,3453.0,0.03
743,wuf20-0768.mwcnf,20,91,8,0.787320613861084,True,2670.0,2670.0,0.03
744,wuf20-0769.mwcnf,20,91,9,0.9166450500488281,True,3696.0,3696.0,0.08
745,wuf20-077.mwcnf,20,91,42,4.347235202789307,True,2856.0,2856.0,0.3000000000000001
746,wuf20-0770.mwcnf,20,91,120,12.213145017623901,True,2968.0,2968.0,0.07
747,wuf20-0771.mwcnf,20,91,282,29.75370979309082,True,3864.0,3864.0,0.3000000000000001
748,wuf20-0772.mwcnf,20,91,15,1.4545557498931885,True,2839.0,2839.0,0.05
749,wuf20-0773.mwcnf,20,91,500,51.64627718925476,False,2911.0,2686.0,0.060000000000000005
750,wuf20-0774.mwcnf,20,91,6,0.5845472812652588,True,3115.0,3115.0,0.04
751,wuf20-0775.mwcnf,20,91,47,4.845394849777222,True,2688.0,2688.0,0.3000000000000001
752,wuf20-0776.mwcnf,20,91,500,51.182470083236694,False,2092.0,1835.0,0.08
753,wuf20-0777.mwcnf,20,91,396,42.21370077133179,True,3528.0,3528.0,0.3000000000000001
754,wuf20-0778.mwcnf,20,91,41,4.1803741455078125,True,3698.0,3698.0,0.3000000000000001
755,wuf20-0779.mwcnf,20,91,5,0.5543732643127441,True,3276.0,3276.0,0.03
756,wuf20-078.mwcnf,20,91,12,1.2458198070526123,True,3528.0,3528.0,0.05
757,wuf20-0780.mwcnf,20,91,10,0.9885032176971436,True,2688.0,2688.0,0.07
758,wuf20-0781.mwcnf,20,91,5,0.5344839096069336,True,2856.0,2856.0,0.04
759,wuf20-0782.mwcnf,20,91,98,10.196072816848755,True,3024.0,3024.0,0.3000000000000001
760,wuf20-0783.mwcnf,20,91,38,4.0074169635772705,True,4200.0,4200.0,0.3000000000000001
761,wuf20-0784.mwcnf,20,91,8,0.7787685394287109,True,3395.0,3395.0,0.05
762,wuf20-0785.mwcnf,20,91,11,0.9970207214355469,True,2625.0,2625.0,0.060000000000000005
763,wuf20-0786.mwcnf,20,91,16,1.6303813457489014,True,3395.0,3395.0,0.05
764,wuf20-0787.mwcnf,20,91,15,1.5951590538024902,True,1981.0,1981.0,0.04
765,wuf20-0788.mwcnf,20,91,19,1.8541300296783447,True,3628.0,3628.0,0.060000000000000005
766,wuf20-0789.mwcnf,20,91,9,0.9563055038452148,True,4480.0,4480.0,0.05
767,wuf20-079.mwcnf,20,91,25,2.591907501220703,True,6225.0,6225.0,0.04
768,wuf20-0790.mwcnf,20,91,7,0.743826150894165,True,3612.0,3612.0,0.04
769,wuf20-0791.mwcnf,20,91,48,4.819243431091309,True,3024.0,3024.0,0.3000000000000001
770,wuf20-0792.mwcnf,20,91,24,2.534930467605591,True,2449.0,2449.0,0.04
771,wuf20-0793.mwcnf,20,91,12,1.1826112270355225,True,3168.0,3168.0,0.04
772,wuf20-0794.mwcnf,20,91,6,0.5794825553894043,True,8027.0,8027.0,0.05
773,wuf20-0795.mwcnf,20,91,11,1.073315143585205,True,7021.0,7021.0,0.09999999999999999
774,wuf20-0796.mwcnf,20,91,6,0.5632562637329102,True,6282.0,6282.0,0.03
775,wuf20-0797.mwcnf,20,91,9,0.8461704254150391,True,6332.0,6332.0,0.08
776,wuf20-0798.mwcnf,20,91,8,0.8300628662109375,True,9423.0,9423.0,0.07
777,wuf20-0799.mwcnf,20,91,39,3.872011661529541,True,5584.0,5584.0,0.3000000000000001
778,wuf20-08.mwcnf,20,91,7,0.6977560520172119,True,3839.0,3839.0,0.060000000000000005
779,wuf20-080.mwcnf,20,91,7,0.7143332958221436,True,7619.0,7619.0,0.03
780,wuf20-0800.mwcnf,20,91,10,0.9969449043273926,True,8725.0,8725.0,0.05
781,wuf20-0801.mwcnf,20,91,500,50.8175413608551,False,7329.0,6369.0,0.060000000000000005
782,wuf20-0802.mwcnf,20,91,6,0.6567282676696777,True,7851.0,7851.0,0.05
783,wuf20-0803.mwcnf,20,91,8,0.875502347946167,True,7677.0,7677.0,0.03
784,wuf20-0804.mwcnf,20,91,7,0.7002782821655273,True,6447.0,6447.0,0.03
785,wuf20-0805.mwcnf,20,91,27,2.70109486579895,True,8608.0,8608.0,0.060000000000000005
786,wuf20-0806.mwcnf,20,91,41,4.190047740936279,True,8027.0,8027.0,0.3000000000000001
787,wuf20-0807.mwcnf,20,91,9,0.8198463916778564,True,8459.0,8459.0,0.07
788,wuf20-0808.mwcnf,20,91,41,4.35695743560791,True,5584.0,5584.0,0.3000000000000001
789,wuf20-0809.mwcnf,20,91,8,0.8353610038757324,True,5252.0,5252.0,0.05
790,wuf20-081.mwcnf,20,91,38,3.984236717224121,True,6631.0,6631.0,0.3000000000000001
791,wuf20-0810.mwcnf,20,91,19,1.9544787406921387,True,5070.0,5070.0,0.060000000000000005
792,wuf20-0811.mwcnf,20,91,31,3.095557451248169,True,5582.0,5582.0,0.04
793,wuf20-0812.mwcnf,20,91,14,1.3389418125152588,True,8376.0,8376.0,0.12999999999999998
794,wuf20-0813.mwcnf,20,91,500,50.72363543510437,False,5350.0,5332.0,0.08
795,wuf20-0814.mwcnf,20,91,8,0.823805570602417,True,6120.0,6120.0,0.02
796,wuf20-0815.mwcnf,20,91,21,1.9992992877960205,True,6980.0,6980.0,0.20000000000000004
797,wuf20-0816.mwcnf,20,91,7,0.7417526245117188,True,5982.0,5982.0,0.060000000000000005
798,wuf20-0817.mwcnf,20,91,10,1.0394208431243896,True,5040.0,5040.0,0.09
799,wuf20-0818.mwcnf,20,91,7,0.676504373550415,True,5584.0,5584.0,0.03
800,wuf20-0819.mwcnf,20,91,10,1.1448192596435547,True,6749.0,6749.0,0.05
801,wuf20-082.mwcnf,20,91,5,0.5336730480194092,True,7604.0,7604.0,0.03
802,wuf20-0820.mwcnf,20,91,11,1.1199860572814941,True,7098.0,7098.0,0.04
803,wuf20-0821.mwcnf,20,91,5,0.5442469120025635,True,5206.0,5206.0,0.03
804,wuf20-0822.mwcnf,20,91,10,0.9565877914428711,True,4675.0,4675.0,0.07
805,wuf20-0823.mwcnf,20,91,9,0.9811313152313232,True,6980.0,6980.0,0.08
806,wuf20-0824.mwcnf,20,91,6,0.5515303611755371,True,6223.0,6223.0,0.060000000000000005
807,wuf20-0825.mwcnf,20,91,38,4.0715413093566895,True,5583.0,5583.0,0.3000000000000001
808,wuf20-0826.mwcnf,20,91,12,1.1332204341888428,True,7678.0,7678.0,0.11999999999999998
809,wuf20-0827.mwcnf,20,91,279,29.23778009414673,True,6980.0,6980.0,0.3000000000000001
810,wuf20-0828.mwcnf,20,91,12,1.1707382202148438,True,7726.0,7726.0,0.05
811,wuf20-0829.mwcnf,20,91,43,4.592669248580933,True,6282.0,6282.0,0.3000000000000001
812,wuf20-083.mwcnf,20,91,12,1.1642379760742188,True,5815.0,5815.0,0.08
813,wuf20-0830.mwcnf,20,91,7,0.688030481338501,True,5933.0,5933.0,0.060000000000000005
814,wuf20-0831.mwcnf,20,91,13,1.4178118705749512,True,7329.0,7329.0,0.07
815,wuf20-0832.mwcnf,20,91,500,51.07627201080322,False,4943.0,4652.0,0.09999999999999999
816,wuf20-0833.mwcnf,20,91,8,0.8597302436828613,True,5304.0,5304.0,0.060000000000000005
817,wuf20-0834.mwcnf,20,91,5,0.4317009449005127,True,4536.0,4536.0,0.03
818,wuf20-0835.mwcnf,20,91,9,0.895578145980835,True,6715.0,6715.0,0.02
819,wuf20-0836.mwcnf,20,91,7,0.694739580154419,True,6979.0,6979.0,0.060000000000000005
820,wuf20-0837.mwcnf,20,91,9,0.8829755783081055,True,8376.0,8376.0,0.08
821,wuf20-0838.mwcnf,20,91,500,50.88944864273071,False,5560.0,5493.0,0.07
822,wuf20-0839.mwcnf,20,91,133,13.93398642539978,True,6457.0,6457.0,0.3000000000000001
823,wuf20-084.mwcnf,20,91,12,1.2382769584655762,True,8027.0,8027.0,0.08
824,wuf20-0840.mwcnf,20,91,6,0.6331405639648438,True,7678.0,7678.0,0.05
825,wuf20-0841.mwcnf,20,91,10,1.0336792469024658,True,10004.0,10004.0,0.060000000000000005
826,wuf20-0842.mwcnf,20,91,9,0.8370938301086426,True,6980.0,6980.0,0.08
827,wuf20-0843.mwcnf,20,91,13,1.239755630493164,True,5876.0,5876.0,0.04
828,wuf20-0844.mwcnf,20,91,4,0.36167240142822266,True,6901.0,6901.0,0.03
829,wuf20-0845.mwcnf,20,91,9,0.8408651351928711,True,5232.0,5232.0,0.060000000000000005
830,wuf20-0846.mwcnf,20,91,8,0.8772034645080566,True,8899.0,8899.0,0.04
831,wuf20-0847.mwcnf,20,91,100,10.565444231033325,True,5817.0,5817.0,0.3000000000000001
832,wuf20-0848.mwcnf,20,91,69,7.4368157386779785,True,5933.0,5933.0,0.3000000000000001
833,wuf20-0849.mwcnf,20,91,15,1.5265471935272217,True,6282.0,6282.0,0.13999999999999999
834,wuf20-085.mwcnf,20,91,31,3.11553955078125,True,9423.0,9423.0,0.21000000000000005
835,wuf20-0850.mwcnf,20,91,6,0.5874292850494385,True,5932.0,5932.0,0.03
836,wuf20-0851.mwcnf,20,91,9,0.9273061752319336,True,4886.0,4886.0,0.07
837,wuf20-0852.mwcnf,20,91,37,3.895883083343506,True,4816.0,4816.0,0.04
838,wuf20-0853.mwcnf,20,91,62,6.7336108684539795,True,8725.0,8725.0,0.3000000000000001
839,wuf20-0854.mwcnf,20,91,500,50.88411855697632,False,5118.0,5040.0,0.05
840,wuf20-0855.mwcnf,20,91,19,1.8785548210144043,True,7329.0,7329.0,0.18000000000000002
841,wuf20-0856.mwcnf,20,91,158,15.302335739135742,True,4746.0,4746.0,0.060000000000000005
842,wuf20-0857.mwcnf,20,91,500,51.03305745124817,False,4537.0,3490.0,0.3000000000000001
843,wuf20-0858.mwcnf,20,91,38,3.731039047241211,True,8376.0,8376.0,0.3000000000000001
844,wuf20-0859.mwcnf,20,91,10,0.9786555767059326,True,7444.0,7444.0,0.07
845,wuf20-086.mwcnf,20,91,500,51.30963087081909,False,4653.0,4535.0,0.060000000000000005
846,wuf20-0860.mwcnf,20,91,8,0.8145999908447266,True,4750.0,4750.0,0.04
847,wuf20-0861.mwcnf,20,91,324,32.85387706756592,True,4467.0,4467.0,0.060000000000000005
848,wuf20-0862.mwcnf,20,91,14,1.5163438320159912,True,5982.0,5982.0,0.05
849,wuf20-0863.mwcnf,20,91,45,4.557419300079346,True,4711.0,4711.0,0.3000000000000001
850,wuf20-0864.mwcnf,20,91,8,0.8718891143798828,True,7677.0,7677.0,0.05
851,wuf20-0865.mwcnf,20,91,14,1.3247971534729004,True,5235.0,5235.0,0.09999999999999999
852,wuf20-0866.mwcnf,20,91,12,1.2121608257293701,True,6375.0,6375.0,0.05
853,wuf20-0867.mwcnf,20,91,10,1.0566248893737793,True,6980.0,6980.0,0.09
854,wuf20-0868.mwcnf,20,91,10,1.0043346881866455,True,6250.0,6250.0,0.04
855,wuf20-0869.mwcnf,20,91,500,50.98688769340515,False,4537.0,4188.0,0.08
856,wuf20-087.mwcnf,20,91,11,1.1764318943023682,True,7503.0,7503.0,0.03
857,wuf20-0870.mwcnf,20,91,30,2.989948034286499,True,8995.0,8995.0,0.07
858,wuf20-0871.mwcnf,20,91,27,2.778254747390747,True,8026.0,8026.0,0.04
859,wuf20-0872.mwcnf,20,91,8,0.7892458438873291,True,5197.0,5197.0,0.07
860,wuf20-0873.mwcnf,20,91,38,4.0044026374816895,True,11168.0,11168.0,0.3000000000000001
861,wuf20-0874.mwcnf,20,91,2,0.2420516014099121,True,9184.0,9184.0,0.02
862,wuf20-0875.mwcnf,20,91,39,4.080874681472778,True,6003.0,6003.0,0.3000000000000001
863,wuf20-0876.mwcnf,20,91,9,0.9384677410125732,True,6490.0,6490.0,0.07
864,wuf20-0877.mwcnf,20,91,16,1.568239450454712,True,7329.0,7329.0,0.15
865,wuf20-0878.mwcnf,20,91,500,50.99020171165466,False,4707.0,4526.0,0.060000000000000005
866,wuf20-0879.mwcnf,20,91,8,0.8504195213317871,True,6980.0,6980.0,0.07
867,wuf20-088.mwcnf,20,91,11,1.0261955261230469,True,5316.0,5316.0,0.02
868,wuf20-0880.mwcnf,20,91,500,50.8082492351532,False,6769.0,3979.0,0.07
869,wuf20-0881.mwcnf,20,91,9,0.9225964546203613,True,11168.0,11168.0,0.08
870,wuf20-0882.mwcnf,20,91,12,1.268157720565796,True,6050.0,6050.0,0.07
871,wuf20-0883.mwcnf,20,91,277,28.9896879196167,True,6980.0,6980.0,0.3000000000000001
872,wuf20-0884.mwcnf,20,91,10,0.9482269287109375,True,6282.0,6282.0,0.08
873,wuf20-0885.mwcnf,20,91,11,1.0399694442749023,True,7279.0,7279.0,0.08
874,wuf20-0886.mwcnf,20,91,8,0.7717571258544922,True,7678.0,7678.0,0.04
875,wuf20-0887.mwcnf,20,91,500,52.23189401626587,False,6282.0,0.0,0.3000000000000001
876,wuf20-0888.mwcnf,20,91,19,1.9600193500518799,True,6398.0,6398.0,0.11999999999999998
877,wuf20-0889.mwcnf,20,91,13,1.328650712966919,True,7445.0,7445.0,0.08
878,wuf20-089.mwcnf,20,91,10,0.9317781925201416,True,4735.0,4735.0,0.060000000000000005
879,wuf20-0890.mwcnf,20,91,500,51.76053285598755,False,4712.0,4363.0,0.3000000000000001
880,wuf20-0891.mwcnf,20,91,36,3.7762253284454346,True,6282.0,6282.0,0.3000000000000001
881,wuf20-0892.mwcnf,20,91,5,0.5245709419250488,True,5701.0,5701.0,0.04
882,wuf20-0893.mwcnf,20,91,12,1.249657392501831,True,4886.0,4886.0,0.10999999999999999
883,wuf20-0894.mwcnf,20,91,21,2.0958588123321533,True,7678.0,7678.0,0.07
884,wuf20-0895.mwcnf,20,91,10,1.0560472011566162,True,4289.0,4289.0,0.07
885,wuf20-0896.mwcnf,20,91,66,7.2080419063568115,True,3490.0,3490.0,0.3000000000000001
886,wuf20-0897.mwcnf,20,91,23,2.3120741844177246,True,7853.0,7853.0,0.05
887,wuf20-0898.mwcnf,20,91,500,50.66124129295349,False,4962.0,2872.0,0.22000000000000006
888,wuf20-0899.mwcnf,20,91,10,0.9930830001831055,True,8515.0,8515.0,0.060000000000000005
889,wuf20-09.mwcnf,20,91,101,11.0032320022583,True,12738.0,12738.0,0.3000000000000001
890,wuf20-090.mwcnf,20,91,13,1.3873233795166016,True,5084.0,5084.0,0.060000000000000005
891,wuf20-0900.mwcnf,20,91,500,50.8697669506073,False,7191.0,4694.0,0.09999999999999999
892,wuf20-0901.mwcnf,20,91,97,10.167391300201416,True,9423.0,9423.0,0.3000000000000001
893,wuf20-0902.mwcnf,20,91,6,0.6222124099731445,True,5972.0,5972.0,0.04
894,wuf20-0903.mwcnf,20,91,10,1.0376396179199219,True,6980.0,6980.0,0.09
895,wuf20-0904.mwcnf,20,91,34,3.3903393745422363,True,7538.0,7538.0,0.13999999999999999
896,wuf20-0905.mwcnf,20,91,9,0.8786020278930664,True,5957.0,5957.0,0.03
897,wuf20-0906.mwcnf,20,91,23,2.1785380840301514,True,4362.0,4362.0,0.22000000000000006
898,wuf20-0907.mwcnf,20,91,48,5.066676378250122,True,5322.0,5322.0,0.3000000000000001
899,wuf20-0908.mwcnf,20,91,3,0.3140532970428467,True,3839.0,3839.0,0.02
900,wuf20-0909.mwcnf,20,91,14,1.458200454711914,True,6700.0,6700.0,0.060000000000000005
901,wuf20-091.mwcnf,20,91,189,20.071723699569702,True,4886.0,4886.0,0.3000000000000001
902,wuf20-0910.mwcnf,20,91,500,50.115926027297974,False,6331.0,5796.0,0.07
903,wuf20-0911.mwcnf,20,91,11,1.2071397304534912,True,6638.0,6638.0,0.060000000000000005
904,wuf20-0912.mwcnf,20,91,9,0.9179239273071289,True,6980.0,6980.0,0.060000000000000005
905,wuf20-0913.mwcnf,20,91,8,0.9102909564971924,True,7352.0,7352.0,0.04
906,wuf20-0914.mwcnf,20,91,8,0.7735960483551025,True,8027.0,8027.0,0.060000000000000005
907,wuf20-0915.mwcnf,20,91,9,0.8701932430267334,True,6436.0,6436.0,0.02
908,wuf20-0916.mwcnf,20,91,9,0.914719820022583,True,8725.0,8725.0,0.05
909,wuf20-0917.mwcnf,20,91,7,0.7818465232849121,True,5374.0,5374.0,0.060000000000000005
910,wuf20-0918.mwcnf,20,91,11,1.1330091953277588,True,5817.0,5817.0,0.05
911,wuf20-0919.mwcnf,20,91,10,0.9593746662139893,True,5932.0,5932.0,0.09
912,wuf20-092.mwcnf,20,91,8,0.8357195854187012,True,13896.0,13896.0,0.05
913,wuf20-0920.mwcnf,20,91,37,3.944725513458252,True,8513.0,8513.0,0.3000000000000001
914,wuf20-0921.mwcnf,20,91,500,50.86767363548279,False,7279.0,6581.0,0.10999999999999999
915,wuf20-0922.mwcnf,20,91,8,0.7573387622833252,True,9074.0,9074.0,0.07
916,wuf20-0923.mwcnf,20,91,6,0.6194267272949219,True,7759.0,7759.0,0.03
917,wuf20-0924.mwcnf,20,91,30,3.013612985610962,True,15054.0,15054.0,0.3000000000000001
918,wuf20-0925.mwcnf,20,91,500,50.952616453170776,False,9264.0,8430.0,0.060000000000000005
919,wuf20-0926.mwcnf,20,91,34,3.6281163692474365,True,10422.0,10422.0,0.3000000000000001
920,wuf20-0927.mwcnf,20,91,19,1.8958325386047363,True,12158.0,12158.0,0.05
921,wuf20-0928.mwcnf,20,91,9,0.821953535079956,True,9843.0,9843.0,0.08
922,wuf20-0929.mwcnf,20,91,40,4.119512557983398,True,10422.0,10422.0,0.3000000000000001
923,wuf20-093.mwcnf,20,91,500,51.24384880065918,False,7334.0,6948.0,0.3000000000000001
924,wuf20-0930.mwcnf,20,91,43,4.54937219619751,True,9843.0,9843.0,0.3000000000000001
925,wuf20-0931.mwcnf,20,91,13,1.3417227268218994,True,14186.0,14186.0,0.07
926,wuf20-0932.mwcnf,20,91,9,0.9124236106872559,True,9726.0,9726.0,0.04
927,wuf20-0933.mwcnf,20,91,98,10.134456157684326,True,9554.0,9554.0,0.3000000000000001
928,wuf20-0934.mwcnf,20,91,8,0.8606023788452148,True,12995.0,12995.0,0.05
929,wuf20-0935.mwcnf,20,91,31,3.1957383155822754,True,16093.0,16093.0,0.25000000000000006
930,wuf20-0936.mwcnf,20,91,37,3.8828139305114746,True,12738.0,12738.0,0.3000000000000001
931,wuf20-0937.mwcnf,20,91,9,0.9137938022613525,True,10422.0,10422.0,0.08
932,wuf20-0938.mwcnf,20,91,99,10.305878162384033,True,16212.0,16212.0,0.3000000000000001
933,wuf20-0939.mwcnf,20,91,11,1.0904719829559326,True,11387.0,11387.0,0.08
934,wuf20-094.mwcnf,20,91,10,0.9353218078613281,True,12159.0,12159.0,0.09
935,wuf20-0940.mwcnf,20,91,5,0.5248305797576904,True,11791.0,11791.0,0.03
936,wuf20-0941.mwcnf,20,91,8,0.7797131538391113,True,9126.0,9126.0,0.07
937,wuf20-0942.mwcnf,20,91,35,3.4795150756835938,True,11231.0,11231.0,0.05
938,wuf20-0943.mwcnf,20,91,71,7.5038769245147705,True,9264.0,9264.0,0.3000000000000001
939,wuf20-0944.mwcnf,20,91,420,43.03579139709473,True,8106.0,8106.0,0.3000000000000001
940,wuf20-0945.mwcnf,20,91,255,26.5050048828125,True,9843.0,9843.0,0.3000000000000001
941,wuf20-0946.mwcnf,20,91,14,1.3205342292785645,True,12983.0,12983.0,0.07
942,wuf20-0947.mwcnf,20,91,500,50.4421226978302,False,8105.0,8027.0,0.07
943,wuf20-0948.mwcnf,20,91,10,1.1438255310058594,True,14475.0,14475.0,0.07
944,wuf20-0949.mwcnf,20,91,6,0.6297037601470947,True,8767.0,8767.0,0.03
945,wuf20-095.mwcnf,20,91,7,0.753014087677002,True,16212.0,16212.0,0.05
946,wuf20-0950.mwcnf,20,91,23,2.3389391899108887,True,12738.0,12738.0,0.22000000000000006
947,wuf20-0951.mwcnf,20,91,5,0.4497983455657959,True,8810.0,8810.0,0.02
948,wuf20-0952.mwcnf,20,91,11,1.1229097843170166,True,9495.0,9495.0,0.07
949,wuf20-0953.mwcnf,20,91,6,0.5505430698394775,True,10362.0,10362.0,0.05
950,wuf20-0954.mwcnf,20,91,10,1.0450525283813477,True,12738.0,12738.0,0.09
951,wuf20-0955.mwcnf,20,91,12,1.2115137577056885,True,9726.0,9726.0,0.05
952,wuf20-0956.mwcnf,20,91,316,32.997246980667114,True,11966.0,11966.0,0.3000000000000001
953,wuf20-0957.mwcnf,20,91,13,1.3370754718780518,True,10615.0,10615.0,0.09999999999999999
954,wuf20-0958.mwcnf,20,91,26,2.8322842121124268,True,8106.0,8106.0,0.07
955,wuf20-0959.mwcnf,20,91,500,51.52280950546265,False,10129.0,8395.0,0.07
956,wuf20-096.mwcnf,20,91,24,2.474461078643799,True,9264.0,9264.0,0.23000000000000007
957,wuf20-0960.mwcnf,20,91,71,7.318877220153809,True,11580.0,11580.0,0.3000000000000001
958,wuf20-0961.mwcnf,20,91,10,0.9824564456939697,True,9030.0,9030.0,0.05
959,wuf20-0962.mwcnf,20,91,85,8.834299564361572,True,9264.0,9264.0,0.3000000000000001
960,wuf20-0963.mwcnf,20,91,13,1.3787119388580322,True,10423.0,10423.0,0.08
961,wuf20-0964.mwcnf,20,91,32,3.349487066268921,True,7868.0,7868.0,0.05
962,wuf20-0965.mwcnf,20,91,11,1.0679824352264404,True,10239.0,10239.0,0.03
963,wuf20-0966.mwcnf,20,91,32,3.2349812984466553,True,10277.0,10277.0,0.05
964,wuf20-0967.mwcnf,20,91,23,2.457693099975586,True,15440.0,15440.0,0.09999999999999999
965,wuf20-0968.mwcnf,20,91,12,1.226865530014038,True,8394.0,8394.0,0.09
966,wuf20-0969.mwcnf,20,91,8,0.7056033611297607,True,10422.0,10422.0,0.07
967,wuf20-097.mwcnf,20,91,70,7.285504579544067,True,8396.0,8396.0,0.3000000000000001
968,wuf20-0970.mwcnf,20,91,10,0.9874365329742432,True,10132.0,10132.0,0.05
969,wuf20-0971.mwcnf,20,91,10,0.9477055072784424,True,15054.0,15054.0,0.09999999999999999
970,wuf20-0972.mwcnf,20,91,281,29.668092966079712,True,9264.0,9264.0,0.3000000000000001
971,wuf20-0973.mwcnf,20,91,10,1.1484780311584473,True,12159.0,12159.0,0.08
972,wuf20-0974.mwcnf,20,91,7,0.7308969497680664,True,9264.0,9264.0,0.07
973,wuf20-0975.mwcnf,20,91,9,0.9386475086212158,True,12802.0,12802.0,0.04
974,wuf20-0976.mwcnf,20,91,14,1.3875117301940918,True,8685.0,8685.0,0.12999999999999998
975,wuf20-0977.mwcnf,20,91,9,0.9679465293884277,True,11001.0,11001.0,0.07
976,wuf20-0978.mwcnf,20,91,7,0.8197281360626221,True,12738.0,12738.0,0.060000000000000005
977,wuf20-0979.mwcnf,20,91,9,0.8248324394226074,True,13896.0,13896.0,0.08
978,wuf20-098.mwcnf,20,91,500,51.01433968544006,False,11116.0,9729.0,0.3000000000000001
979,wuf20-0980.mwcnf,20,91,38,4.11238694190979,True,8106.0,8106.0,0.3000000000000001
980,wuf20-0981.mwcnf,20,91,500,51.34688067436218,False,11348.0,10885.0,0.07
981,wuf20-0982.mwcnf,20,91,500,51.04383730888367,False,9843.0,8685.0,0.07
982,wuf20-0983.mwcnf,20,91,13,1.3102936744689941,True,7528.0,7528.0,0.11999999999999998
983,wuf20-0984.mwcnf,20,91,16,1.5920913219451904,True,10422.0,10422.0,0.15
984,wuf20-0985.mwcnf,20,91,10,1.1099059581756592,True,12159.0,12159.0,0.09
985,wuf20-0986.mwcnf,20,91,500,51.28105568885803,False,7720.0,6369.0,0.05
986,wuf20-0987.mwcnf,20,91,364,37.14942932128906,True,9843.0,9843.0,0.060000000000000005
987,wuf20-0988.mwcnf,20,91,15,1.5475189685821533,True,14445.0,14445.0,0.060000000000000005
988,wuf20-0989.mwcnf,20,91,500,50.61379647254944,False,9262.0,5560.0,0.09999999999999999
989,wuf20-099.mwcnf,20,91,500,51.00214624404907,False,8247.0,3185.0,0.060000000000000005
990,wuf20-0990.mwcnf,20,91,40,4.092800617218018,True,14861.0,14861.0,0.17
991,wuf20-0991.mwcnf,20,91,500,50.81835055351257,False,8261.0,7314.0,0.05
992,wuf20-0992.mwcnf,20,91,13,1.3361287117004395,True,8106.0,8106.0,0.11999999999999998
993,wuf20-0993.mwcnf,20,91,10,0.9494380950927734,True,12159.0,12159.0,0.09
994,wuf20-0994.mwcnf,20,91,31,3.0693411827087402,True,10175.0,10175.0,0.19000000000000003
995,wuf20-0995.mwcnf,20,91,10,1.0446805953979492,True,12738.0,12738.0,0.08
996,wuf20-0996.mwcnf,20,91,19,1.799968957901001,True,9032.0,9032.0,0.18000000000000002
997,wuf20-0997.mwcnf,20,91,4,0.37415242195129395,True,8637.0,8637.0,0.02
998,wuf20-0998.mwcnf,20,91,8,0.7727994918823242,True,13565.0,13565.0,0.060000000000000005
999,wuf20-0999.mwcnf,20,91,165,16.791740894317627,True,11226.0,11226.0,0.060000000000000005
